********************************************************************************
The planted motif0 is:
GCTCATTGCCGGACA
0
154
1
-1
2
135
3
-1
4
60
5
-1
6
60
7
-1
8
138
9
-1
10
25
11
-1
12
141
13
-1
14
115
15
-1
16
121
17
-1
18
137
19
-1
20
151
21
-1
22
140
23
-1
24
182
25
-1
26
76
27
-1
28
38
29
-1
30
157
31
-1
32
49
33
-1
34
166
35
-1
36
0
37
-1
38
125
39
-1
40
30
41
-1
42
55
43
-1
44
18
45
-1
46
24
47
-1
48
173
49
-1
50
175
51
-1
52
0
53
-1
54
142
55
-1
56
50
57
-1
58
93
59
-1
60
162
61
-1
62
69
63
-1
64
140
65
-1
66
135
67
-1
68
40
69
-1
70
142
71
-1
72
143
73
-1
74
129
75
-1
76
109
77
-1
78
90
79
-1
80
146
81
-1
82
39
83
-1
84
7
85
-1
86
27
87
-1
88
48
89
-1
90
10
91
-1
92
32
93
-1
94
158
95
-1
96
114
97
-1
98
71
99
-1
100
167
101
-1
102
172
103
-1
104
23
105
-1
106
56
107
-1
108
137
109
-1
110
101
111
-1
112
94
113
-1
114
168
115
-1
116
161
117
-1
118
2
119
-1
120
15
121
-1
122
110
123
-1
124
77
125
-1
126
28
127
-1
128
171
129
-1
130
122
131
-1
132
38
133
-1
134
147
135
-1
136
12
137
-1
138
134
139
-1
140
39
141
-1
142
32
143
-1
144
58
145
-1
146
74
147
-1
148
129
149
-1
150
143
151
-1
152
100
153
-1
154
153
155
-1
156
12
157
-1
158
76
159
-1
160
135
161
-1
162
102
163
-1
164
21
165
-1
166
154
167
-1
168
63
169
-1
170
152
171
-1
172
166
173
-1
174
35
175
-1
176
19
177
-1
178
31
179
-1
180
150
181
-1
182
154
183
-1
184
88
185
-1
186
85
187
-1
188
109
189
-1
190
178
191
-1
192
0
193
-1
194
150
195
-1
196
136
197
-1
198
177
199
-1
200
123
201
-1
202
77
203
-1
204
78
205
-1
206
96
207
-1
208
177
209
-1
210
115
211
-1
212
117
213
-1
214
49
215
-1
216
66
217
-1
218
75
219
-1
220
67
221
-1
222
131
223
-1
224
101
225
-1
226
59
227
-1
228
109
229
-1
230
0
231
-1
232
100
233
-1
234
103
235
-1
236
54
237
-1
238
132
239
-1
240
184
241
-1
242
142
243
-1
244
123
245
-1
246
111
247
-1
248
17
249
-1
250
182
251
-1
252
150
253
-1
254
81
255
-1
256
179
257
-1
258
134
259
-1
260
15
261
-1
262
116
263
-1
264
39
265
-1
266
35
267
-1
268
66
269
-1
270
49
271
-1
272
95
273
-1
274
25
275
-1
276
36
277
-1
278
3
279
-1
280
4
281
-1
282
129
283
-1
284
45
285
-1
286
50
287
-1
288
37
289
-1
290
74
291
-1
292
134
293
-1
294
166
295
-1
296
119
297
-1
298
19
299
-1
300
166
301
-1
302
184
303
-1
304
7
305
-1
306
72
307
-1
308
10
309
-1
310
163
311
-1
312
162
313
-1
314
182
315
-1
316
185
317
-1
318
74
319
-1
320
6
321
-1
322
68
323
-1
324
119
325
-1
326
103
327
-1
328
158
329
-1
330
0
331
-1
332
63
333
-1
334
105
335
-1
336
69
337
-1
338
36
339
-1
340
131
341
-1
342
185
343
-1
344
45
345
-1
346
131
347
-1
348
14
349
-1
350
159
351
-1
352
169
353
-1
354
151
355
-1
356
184
357
-1
358
78
359
-1
360
46
361
-1
362
84
363
-1
364
69
365
-1
366
113
367
-1
368
85
369
-1
370
176
371
-1
372
34
373
-1
374
103
375
-1
376
65
377
-1
378
40
379
-1
380
100
381
-1
382
32
383
-1
384
37
385
-1
386
153
387
-1
388
105
389
-1
390
80
391
-1
392
129
393
-1
394
160
395
-1
396
5
397
-1
398
71
399
-1
400
145
401
-1
402
27
403
-1
404
117
405
-1
406
146
407
-1
408
110
409
-1
410
173
411
-1
412
89
413
-1
414
28
415
-1
416
147
417
-1
418
7
419
-1
420
159
421
-1
422
6
423
-1
424
170
425
-1
426
159
427
-1
428
159
429
-1
430
105
431
-1
432
94
433
-1
434
104
435
-1
436
60
437
-1
438
133
439
-1
440
87
441
-1
442
166
443
-1
444
133
445
-1
446
47
447
-1
448
45
449
-1
450
110
451
-1
452
29
453
-1
454
180
455
-1
456
74
457
-1
458
76
459
-1
460
53
461
-1
462
25
463
-1
464
132
465
-1
466
176
467
-1
468
131
469
-1
470
62
471
-1
472
30
473
-1
474
38
475
-1
476
99
477
-1
478
82
479
-1
480
172
481
-1
482
32
483
-1
484
64
485
-1
486
2
487
-1
488
40
489
-1
490
32
491
-1
492
15
493
-1
494
62
495
-1
496
89
497
-1
498
24
499
-1
500
101
501
-1
502
7
503
-1
504
14
505
-1
506
176
507
-1
508
45
509
-1
510
34
511
-1
512
171
513
-1
514
17
515
-1
516
170
517
-1
518
169
519
-1
520
72
521
-1
522
77
523
-1
524
77
525
-1
526
157
527
-1
528
10
529
-1
530
60
531
-1
532
59
533
-1
534
92
535
-1
536
159
537
-1
538
101
539
-1
540
97
541
-1
542
160
543
-1
544
134
545
-1
546
135
547
-1
548
24
549
-1
550
62
551
-1
552
141
553
-1
554
129
555
-1
556
17
557
-1
558
156
559
-1
560
106
561
-1
562
90
563
-1
564
164
565
-1
566
117
567
-1
568
63
569
-1
570
121
571
-1
572
157
573
-1
574
163
575
-1
576
171
577
-1
578
135
579
-1
580
35
581
-1
582
30
583
-1
584
61
585
-1
586
159
587
-1
588
25
589
-1
590
165
591
-1
592
124
593
-1
594
113
595
-1
596
91
597
-1
598
105
599
-1
600
126
601
-1
602
120
603
-1
604
34
605
-1
606
28
607
-1
608
124
609
-1
610
148
611
-1
612
69
613
-1
614
93
615
-1
616
173
617
-1
618
131
619
-1
620
39
621
-1
622
104
623
-1
624
48
625
-1
626
57
627
-1
628
92
629
-1
630
81
631
-1
632
72
633
-1
634
176
635
-1
636
165
637
-1
638
18
639
-1
640
18
641
-1
642
113
643
-1
644
170
645
-1
646
170
647
-1
648
47
649
-1
650
147
651
-1
652
83
653
-1
654
55
655
-1
656
46
657
-1
658
35
659
-1
660
83
661
-1
662
47
663
-1
664
1
665
-1
666
58
667
-1
668
3
669
-1
670
113
671
-1
672
179
673
-1
674
9
675
-1
676
47
677
-1
678
126
679
-1
680
78
681
-1
682
102
683
-1
684
26
685
-1
686
146
687
-1
688
135
689
-1
690
34
691
-1
692
24
693
-1
694
92
695
-1
696
86
697
-1
698
125
699
-1
700
33
701
-1
702
167
703
-1
704
144
705
-1
706
135
707
-1
708
7
709
-1
710
103
711
-1
712
183
713
-1
714
67
715
-1
716
147
717
-1
718
84
719
-1
720
41
721
-1
722
169
723
-1
724
37
725
-1
726
50
727
-1
728
163
729
-1
730
8
731
-1
732
182
733
-1
734
52
735
-1
736
39
737
-1
738
47
739
-1
740
129
741
-1
742
123
743
-1
744
180
745
-1
746
135
747
-1
748
74
749
-1
750
101
751
-1
752
137
753
-1
754
51
755
-1
756
5
757
-1
758
24
759
-1
760
185
761
-1
762
171
763
-1
764
44
765
-1
766
63
767
-1
768
7
769
-1
770
75
771
-1
772
113
773
-1
774
0
775
-1
776
121
777
-1
778
67
779
-1
780
136
781
-1
782
165
783
-1
784
63
785
-1
786
22
787
-1
788
25
789
-1
790
4
791
-1
792
33
793
-1
794
59
795
-1
796
101
797
-1
798
130
799
-1
800
79
801
-1
802
23
803
-1
804
13
805
-1
806
95
807
-1
808
119
809
-1
810
185
811
-1
812
156
813
-1
814
14
815
-1
816
160
817
-1
818
63
819
-1
820
176
821
-1
822
58
823
-1
824
64
825
-1
826
169
827
-1
828
9
829
-1
830
1
831
-1
832
157
833
-1
834
110
835
-1
836
73
837
-1
838
115
839
-1
840
174
841
-1
842
132
843
-1
844
62
845
-1
846
59
847
-1
848
91
849
-1
850
81
851
-1
852
50
853
-1
854
174
855
-1
856
76
857
-1
858
26
859
-1
860
88
861
-1
862
106
863
-1
864
111
865
-1
866
52
867
-1
868
64
869
-1
870
113
871
-1
872
133
873
-1
874
178
875
-1
876
106
877
-1
878
113
879
-1
880
53
881
-1
882
72
883
-1
884
31
885
-1
886
35
887
-1
888
84
889
-1
890
54
891
-1
892
173
893
-1
894
21
895
-1
896
156
897
-1
898
177
899
-1
900
182
901
-1
902
73
903
-1
904
61
905
-1
906
99
907
-1
908
50
909
-1
910
116
911
-1
912
100
913
-1
914
67
915
-1
916
137
917
-1
918
182
919
-1
920
5
921
-1
922
72
923
-1
924
176
925
-1
926
120
927
-1
928
27
929
-1
930
134
931
-1
932
48
933
-1
934
182
935
-1
936
69
937
-1
938
147
939
-1
940
159
941
-1
942
174
943
-1
944
115
945
-1
946
100
947
-1
948
33
949
-1
950
162
951
-1
952
53
953
-1
954
182
955
-1
956
73
957
-1
958
44
959
-1
960
112
961
-1
962
66
963
-1
964
175
965
-1
966
127
967
-1
968
1
969
-1
970
153
971
-1
972
113
973
-1
974
171
975
-1
976
141
977
-1
978
54
979
-1
980
54
981
-1
982
127
983
-1
984
8
985
-1
986
94
987
-1
988
136
989
-1
990
46
991
-1
992
82
993
-1
994
136
995
-1
996
91
997
-1
998
46
999
-1
1000
174
1001
-1
1002
144
1003
-1
1004
10
1005
-1
1006
120
1007
-1
1008
102
1009
-1
1010
98
1011
-1
1012
173
1013
-1
1014
108
1015
-1
1016
80
1017
-1
1018
13
1019
-1
1020
103
1021
-1
1022
37
1023
-1
1024
93
1025
-1
1026
37
1027
-1
1028
147
1029
-1
1030
25
1031
-1
1032
13
1033
-1
1034
59
1035
-1
1036
73
1037
-1
1038
63
1039
-1
1040
29
1041
-1
1042
49
1043
-1
1044
45
1045
-1
1046
76
1047
-1
1048
82
1049
-1
1050
18
1051
-1
1052
168
1053
-1
1054
9
1055
-1
1056
0
1057
-1
1058
105
1059
-1
1060
85
1061
-1
1062
161
1063
-1
1064
130
1065
-1
1066
145
1067
-1
1068
185
1069
-1
1070
71
1071
-1
1072
32
1073
-1
1074
48
1075
-1
1076
30
1077
-1
1078
175
1079
-1
1080
89
1081
-1
1082
106
1083
-1
1084
40
1085
-1
1086
21
1087
-1
1088
172
1089
-1
1090
7
1091
-1
1092
57
1093
-1
1094
180
1095
-1
1096
98
1097
-1
1098
15
1099
-1
1100
182
1101
-1
1102
176
1103
-1
1104
145
1105
-1
1106
86
1107
-1
1108
168
1109
-1
1110
143
1111
-1
1112
182
1113
-1
1114
92
1115
-1
1116
41
1117
-1
1118
79
1119
-1
1120
54
1121
-1
1122
173
1123
-1
1124
61
1125
-1
1126
12
1127
-1
1128
102
1129
-1
1130
14
1131
-1
1132
15
1133
-1
1134
168
1135
-1
1136
155
1137
-1
1138
108
1139
-1
1140
107
1141
-1
1142
135
1143
-1
1144
29
1145
-1
1146
57
1147
-1
1148
139
1149
-1
1150
140
1151
-1
1152
31
1153
-1
1154
139
1155
-1
1156
152
1157
-1
1158
86
1159
-1
1160
62
1161
-1
1162
67
1163
-1
1164
129
1165
-1
1166
21
1167
-1
1168
173
1169
-1
1170
1
1171
-1
1172
147
1173
-1
1174
105
1175
-1
1176
146
1177
-1
1178
59
1179
-1
1180
139
1181
-1
1182
182
1183
-1
1184
103
1185
-1
1186
84
1187
-1
1188
27
1189
-1
1190
52
1191
-1
1192
63
1193
-1
1194
8
1195
-1
1196
167
1197
-1
1198
48
1199
-1
1200
67
1201
-1
1202
173
1203
-1
1204
123
1205
-1
1206
113
1207
-1
1208
185
1209
-1
1210
21
1211
-1
1212
59
1213
-1
1214
78
1215
-1
1216
165
1217
-1
1218
19
1219
-1
1220
156
1221
-1
1222
72
1223
-1
1224
106
1225
-1
1226
164
1227
-1
1228
50
1229
-1
1230
180
1231
-1
1232
182
1233
-1
1234
0
1235
-1
1236
61
1237
-1
1238
4
1239
-1
1240
107
1241
-1
1242
144
1243
-1
1244
161
1245
-1
1246
71
1247
-1
1248
102
1249
-1
1250
75
1251
-1
1252
113
1253
-1
1254
29
1255
-1
1256
56
1257
-1
1258
80
1259
-1
1260
113
1261
-1
1262
36
1263
-1
1264
144
1265
-1
1266
159
1267
-1
1268
126
1269
-1
1270
27
1271
-1
1272
119
1273
-1
1274
59
1275
-1
1276
154
1277
-1
1278
60
1279
-1
1280
137
1281
-1
1282
182
1283
-1
1284
104
1285
-1
1286
157
1287
-1
1288
96
1289
-1
1290
139
1291
-1
1292
73
1293
-1
1294
85
1295
-1
1296
93
1297
-1
1298
137
1299
-1
1300
104
1301
-1
1302
9
1303
-1
1304
28
1305
-1
1306
28
1307
-1
1308
24
1309
-1
1310
2
1311
-1
1312
85
1313
-1
1314
104
1315
-1
1316
3
1317
-1
1318
161
1319
-1
1320
87
1321
-1
1322
35
1323
-1
1324
125
1325
-1
1326
155
1327
-1
1328
77
1329
-1
1330
57
1331
-1
1332
61
1333
-1
1334
69
1335
-1
1336
132
1337
-1
1338
66
1339
-1
1340
59
1341
-1
1342
34
1343
-1
1344
20
1345
-1
1346
97
1347
-1
1348
165
1349
-1
1350
174
1351
-1
1352
82
1353
-1
1354
142
1355
-1
1356
142
1357
-1
1358
27
1359
-1
1360
61
1361
-1
1362
132
1363
-1
1364
56
1365
-1
1366
149
1367
-1
1368
114
1369
-1
1370
103
1371
-1
1372
95
1373
-1
1374
42
1375
-1
1376
81
1377
-1
1378
85
1379
-1
1380
140
1381
-1
1382
150
1383
-1
1384
104
1385
-1
1386
107
1387
-1
1388
111
1389
-1
1390
54
1391
-1
1392
100
1393
-1
1394
57
1395
-1
1396
142
1397
-1
1398
92
1399
-1
1400
141
1401
-1
1402
129
1403
-1
1404
146
1405
-1
1406
88
1407
-1
1408
150
1409
-1
1410
5
1411
-1
1412
11
1413
-1
1414
83
1415
-1
1416
24
1417
-1
1418
94
1419
-1
1420
167
1421
-1
1422
39
1423
-1
1424
148
1425
-1
1426
77
1427
-1
1428
183
1429
-1
1430
101
1431
-1
1432
148
1433
-1
1434
71
1435
-1
1436
53
1437
-1
1438
145
1439
-1
1440
7
1441
-1
1442
120
1443
-1
1444
169
1445
-1
1446
130
1447
-1
1448
146
1449
-1
1450
147
1451
-1
1452
117
1453
-1
1454
114
1455
-1
1456
12
1457
-1
1458
93
1459
-1
1460
0
1461
-1
1462
100
1463
-1
1464
42
1465
-1
1466
7
1467
-1
1468
177
1469
-1
1470
133
1471
-1
1472
80
1473
-1
1474
139
1475
-1
1476
74
1477
-1
1478
11
1479
-1
1480
40
1481
-1
1482
13
1483
-1
1484
123
1485
-1
1486
103
1487
-1
1488
11
1489
-1
1490
55
1491
-1
1492
113
1493
-1
1494
72
1495
-1
1496
60
1497
-1
1498
163
1499
-1
1500
12
1501
-1
1502
29
1503
-1
1504
54
1505
-1
1506
14
1507
-1
1508
140
1509
-1
1510
112
1511
-1
1512
139
1513
-1
1514
85
1515
-1
1516
14
1517
-1
1518
61
1519
-1
1520
87
1521
-1
1522
181
1523
-1
1524
17
1525
-1
1526
40
1527
-1
1528
19
1529
-1
1530
106
1531
-1
1532
159
1533
-1
1534
184
1535
-1
1536
53
1537
-1
1538
173
1539
-1
1540
127
1541
-1
1542
103
1543
-1
1544
76
1545
-1
1546
56
1547
-1
1548
94
1549
-1
1550
63
1551
-1
1552
75
1553
-1
1554
30
1555
-1
1556
112
1557
-1
1558
46
1559
-1
1560
72
1561
-1
1562
115
1563
-1
1564
29
1565
-1
1566
61
1567
-1
1568
28
1569
-1
1570
146
1571
-1
1572
171
1573
-1
1574
33
1575
-1
1576
163
1577
-1
1578
113
1579
-1
1580
20
1581
-1
1582
112
1583
-1
1584
90
1585
-1
1586
103
1587
-1
1588
61
1589
-1
1590
131
1591
-1
1592
121
1593
-1
1594
32
1595
-1
1596
145
1597
-1
1598
154
1599
-1
1600
56
1601
-1
1602
130
1603
-1
1604
17
1605
-1
1606
111
1607
-1
1608
12
1609
-1
1610
78
1611
-1
1612
141
1613
-1
1614
2
1615
-1
1616
163
1617
-1
1618
53
1619
-1
1620
83
1621
-1
1622
152
1623
-1
1624
84
1625
-1
1626
130
1627
-1
1628
133
1629
-1
1630
144
1631
-1
1632
139
1633
-1
1634
5
1635
-1
1636
177
1637
-1
1638
185
1639
-1
1640
50
1641
-1
1642
53
1643
-1
1644
69
1645
-1
1646
2
1647
-1
1648
98
1649
-1
1650
151
1651
-1
1652
41
1653
-1
1654
42
1655
-1
1656
184
1657
-1
1658
10
1659
-1
1660
132
1661
-1
1662
16
1663
-1
1664
2
1665
-1
1666
34
1667
-1
1668
135
1669
-1
1670
36
1671
-1
1672
3
1673
-1
1674
101
1675
-1
1676
55
1677
-1
1678
5
1679
-1
1680
171
1681
-1
1682
123
1683
-1
1684
47
1685
-1
1686
134
1687
-1
1688
165
1689
-1
1690
29
1691
-1
1692
146
1693
-1
1694
67
1695
-1
1696
10
1697
-1
1698
52
1699
-1
1700
154
1701
-1
1702
148
1703
-1
1704
40
1705
-1
1706
75
1707
-1
1708
38
1709
-1
1710
94
1711
-1
1712
138
1713
-1
1714
60
1715
-1
1716
91
1717
-1
1718
125
1719
-1
1720
114
1721
-1
1722
4
1723
-1
1724
134
1725
-1
1726
130
1727
-1
1728
31
1729
-1
1730
19
1731
-1
1732
126
1733
-1
1734
153
1735
-1
1736
23
1737
-1
1738
179
1739
-1
1740
134
1741
-1
1742
109
1743
-1
1744
41
1745
-1
1746
176
1747
-1
1748
163
1749
-1
1750
163
1751
-1
1752
166
1753
-1
1754
22
1755
-1
1756
76
1757
-1
1758
120
1759
-1
1760
77
1761
-1
1762
59
1763
-1
1764
98
1765
-1
1766
49
1767
-1
1768
168
1769
-1
1770
140
1771
-1
1772
147
1773
-1
1774
20
1775
-1
1776
86
1777
-1
1778
27
1779
-1
1780
120
1781
-1
1782
29
1783
-1
1784
68
1785
-1
1786
132
1787
-1
1788
131
1789
-1
1790
7
1791
-1
1792
71
1793
-1
1794
57
1795
-1
1796
181
1797
-1
1798
97
1799
-1
1800
42
1801
-1
1802
114
1803
-1
1804
24
1805
-1
1806
106
1807
-1
1808
64
1809
-1
1810
142
1811
-1
1812
141
1813
-1
1814
123
1815
-1
1816
47
1817
-1
1818
18
1819
-1
1820
97
1821
-1
1822
119
1823
-1
1824
95
1825
-1
1826
84
1827
-1
1828
55
1829
-1
1830
66
1831
-1
1832
72
1833
-1
1834
102
1835
-1
1836
21
1837
-1
1838
128
1839
-1
1840
92
1841
-1
1842
36
1843
-1
1844
151
1845
-1
1846
168
1847
-1
1848
14
1849
-1
1850
145
1851
-1
1852
23
1853
-1
1854
140
1855
-1
1856
179
1857
-1
1858
63
1859
-1
1860
71
1861
-1
1862
109
1863
-1
1864
62
1865
-1
1866
155
1867
-1
1868
36
1869
-1
1870
120
1871
-1
1872
71
1873
-1
1874
60
1875
-1
1876
88
1877
-1
1878
110
1879
-1
1880
5
1881
-1
1882
27
1883
-1
1884
10
1885
-1
1886
19
1887
-1
1888
53
1889
-1
1890
119
1891
-1
1892
64
1893
-1
1894
24
1895
-1
1896
107
1897
-1
1898
43
1899
-1
1900
2
1901
-1
1902
116
1903
-1
1904
111
1905
-1
1906
153
1907
-1
1908
99
1909
-1
1910
131
1911
-1
1912
139
1913
-1
1914
57
1915
-1
1916
83
1917
-1
1918
78
1919
-1
1920
56
1921
-1
1922
62
1923
-1
1924
53
1925
-1
1926
47
1927
-1
1928
70
1929
-1
1930
78
1931
-1
1932
25
1933
-1
1934
41
1935
-1
1936
92
1937
-1
1938
36
1939
-1
1940
67
1941
-1
1942
157
1943
-1
1944
120
1945
-1
1946
150
1947
-1
1948
32
1949
-1
1950
6
1951
-1
1952
159
1953
-1
1954
157
1955
-1
1956
92
1957
-1
1958
64
1959
-1
1960
138
1961
-1
1962
57
1963
-1
1964
175
1965
-1
1966
117
1967
-1
1968
182
1969
-1
1970
100
1971
-1
1972
140
1973
-1
1974
25
1975
-1
1976
142
1977
-1
1978
22
1979
-1
1980
96
1981
-1
1982
121
1983
-1
1984
68
1985
-1
1986
106
1987
-1
1988
68
1989
-1
1990
183
1991
-1
1992
110
1993
-1
1994
42
1995
-1
1996
126
1997
-1
1998
14
1999
-1
2000
111
2001
-1
2002
11
2003
-1
2004
2
2005
-1
2006
1
2007
-1
2008
17
2009
-1
2010
167
2011
-1
2012
22
2013
-1
2014
78
2015
-1
2016
75
2017
-1
2018
7
2019
-1
2020
144
2021
-1
2022
174
2023
-1
2024
140
2025
-1
2026
51
2027
-1
2028
168
2029
-1
2030
162
2031
-1
2032
173
2033
-1
2034
70
2035
-1
2036
87
2037
-1
2038
44
2039
-1
2040
168
2041
-1
2042
80
2043
-1
2044
179
2045
-1
2046
20
2047
-1
2048
175
2049
-1
2050
29
2051
-1
2052
52
2053
-1
2054
166
2055
-1
2056
65
2057
-1
2058
175
2059
-1
2060
120
2061
-1
2062
21
2063
-1
2064
66
2065
-1
2066
167
2067
-1
2068
122
2069
-1
2070
154
2071
-1
2072
20
2073
-1
2074
41
2075
-1
2076
129
2077
-1
2078
77
2079
-1
2080
76
2081
-1
2082
113
2083
-1
2084
72
2085
-1
2086
121
2087
-1
2088
151
2089
-1
2090
79
2091
-1
2092
12
2093
-1
2094
132
2095
-1
2096
123
2097
-1
2098
146
2099
-1
2100
177
2101
-1
2102
63
2103
-1
2104
127
2105
-1
2106
114
2107
-1
2108
16
2109
-1
2110
183
2111
-1
2112
136
2113
-1
2114
97
2115
-1
2116
143
2117
-1
2118
169
2119
-1
2120
83
2121
-1
2122
103
2123
-1
2124
103
2125
-1
2126
10
2127
-1
2128
34
2129
-1
2130
84
2131
-1
2132
88
2133
-1
2134
83
2135
-1
2136
136
2137
-1
2138
126
2139
-1
2140
127
2141
-1
2142
75
2143
-1
2144
6
2145
-1
2146
169
2147
-1
2148
140
2149
-1
2150
112
2151
-1
2152
141
2153
-1
2154
138
2155
-1
2156
106
2157
-1
2158
143
2159
-1
2160
32
2161
-1
2162
91
2163
-1
2164
12
2165
-1
2166
100
2167
-1
2168
20
2169
-1
2170
112
2171
-1
2172
27
2173
-1
2174
181
2175
-1
2176
122
2177
-1
2178
86
2179
-1
2180
84
2181
-1
2182
28
2183
-1
2184
104
2185
-1
2186
22
2187
-1
2188
14
2189
-1
2190
179
2191
-1
2192
137
2193
-1
2194
82
2195
-1
2196
10
2197
-1
2198
7
2199
-1
2200
75
2201
-1
2202
111
2203
-1
2204
155
2205
-1
2206
182
2207
-1
2208
128
2209
-1
2210
94
2211
-1
2212
1
2213
-1
2214
73
2215
-1
2216
85
2217
-1
2218
89
2219
-1
2220
88
2221
-1
2222
142
2223
-1
2224
17
2225
-1
2226
9
2227
-1
2228
165
2229
-1
2230
179
2231
-1
2232
96
2233
-1
2234
98
2235
-1
2236
35
2237
-1
2238
97
2239
-1
2240
63
2241
-1
2242
28
2243
-1
2244
172
2245
-1
2246
183
2247
-1
2248
138
2249
-1
2250
38
2251
-1
2252
99
2253
-1
2254
114
2255
-1
2256
138
2257
-1
2258
149
2259
-1
2260
100
2261
-1
2262
114
2263
-1
2264
136
2265
-1
2266
10
2267
-1
2268
128
2269
-1
2270
101
2271
-1
2272
32
2273
-1
2274
151
2275
-1
2276
95
2277
-1
2278
55
2279
-1
2280
70
2281
-1
2282
82
2283
-1
2284
57
2285
-1
2286
185
2287
-1
2288
130
2289
-1
2290
17
2291
-1
2292
22
2293
-1
2294
148
2295
-1
2296
72
2297
-1
2298
109
2299
-1
2300
103
2301
-1
2302
151
2303
-1
2304
155
2305
-1
2306
12
2307
-1
2308
85
2309
-1
2310
64
2311
-1
2312
84
2313
-1
2314
162
2315
-1
2316
1
2317
-1
2318
181
2319
-1
2320
44
2321
-1
2322
28
2323
-1
2324
67
2325
-1
2326
36
2327
-1
2328
174
2329
-1
2330
74
2331
-1
2332
109
2333
-1
2334
66
2335
-1
2336
43
2337
-1
2338
24
2339
-1
2340
142
2341
-1
2342
33
2343
-1
2344
167
2345
-1
2346
183
2347
-1
2348
45
2349
-1
2350
115
2351
-1
2352
174
2353
-1
2354
34
2355
-1
2356
131
2357
-1
2358
17
2359
-1
2360
183
2361
-1
2362
6
2363
-1
2364
123
2365
-1
2366
102
2367
-1
2368
174
2369
-1
2370
113
2371
-1
2372
112
2373
-1
2374
117
2375
-1
2376
184
2377
-1
2378
181
2379
-1
2380
122
2381
-1
2382
177
2383
-1
2384
36
2385
-1
2386
30
2387
-1
2388
73
2389
-1
2390
159
2391
-1
2392
116
2393
-1
2394
71
2395
-1
2396
38
2397
-1
2398
77
2399
-1
2400
176
2401
-1
2402
124
2403
-1
2404
105
2405
-1
2406
176
2407
-1
2408
170
2409
-1
2410
89
2411
-1
2412
172
2413
-1
2414
182
2415
-1
2416
80
2417
-1
2418
27
2419
-1
2420
47
2421
-1
2422
47
2423
-1
2424
87
2425
-1
2426
121
2427
-1
2428
138
2429
-1
2430
3
2431
-1
2432
179
2433
-1
2434
107
2435
-1
2436
156
2437
-1
2438
97
2439
-1
2440
127
2441
-1
2442
124
2443
-1
2444
153
2445
-1
2446
101
2447
-1
2448
130
2449
-1
2450
81
2451
-1
2452
137
2453
-1
2454
82
2455
-1
2456
159
2457
-1
2458
92
2459
-1
2460
33
2461
-1
2462
17
2463
-1
2464
124
2465
-1
2466
115
2467
-1
2468
23
2469
-1
2470
10
2471
-1
2472
32
2473
-1
2474
26
2475
-1
2476
138
2477
-1
2478
156
2479
-1
2480
173
2481
-1
2482
146
2483
-1
2484
83
2485
-1
2486
143
2487
-1
2488
43
2489
-1
2490
13
2491
-1
2492
167
2493
-1
2494
185
2495
-1
2496
93
2497
-1
2498
88
2499
-1
2500
161
2501
-1
2502
165
2503
-1
2504
87
2505
-1
2506
178
2507
-1
2508
44
2509
-1
2510
82
2511
-1
2512
108
2513
-1
2514
169
2515
-1
2516
15
2517
-1
2518
96
2519
-1
2520
86
2521
-1
2522
182
2523
-1
2524
56
2525
-1
2526
39
2527
-1
2528
160
2529
-1
2530
82
2531
-1
2532
114
2533
-1
2534
165
2535
-1
2536
70
2537
-1
2538
111
2539
-1
2540
10
2541
-1
2542
66
2543
-1
2544
96
2545
-1
2546
182
2547
-1
2548
151
2549
-1
2550
28
2551
-1
2552
115
2553
-1
2554
7
2555
-1
2556
99
2557
-1
2558
22
2559
-1
2560
49
2561
-1
2562
54
2563
-1
2564
171
2565
-1
2566
31
2567
-1
2568
58
2569
-1
2570
84
2571
-1
2572
75
2573
-1
2574
25
2575
-1
2576
30
2577
-1
2578
127
2579
-1
2580
70
2581
-1
2582
122
2583
-1
2584
93
2585
-1
2586
166
2587
-1
2588
149
2589
-1
2590
49
2591
-1
2592
59
2593
-1
2594
49
2595
-1
2596
59
2597
-1
2598
131
2599
-1
2600
9
2601
-1
2602
49
2603
-1
2604
168
2605
-1
2606
127
2607
-1
2608
117
2609
-1
2610
167
2611
-1
2612
129
2613
-1
2614
17
2615
-1
2616
176
2617
-1
2618
169
2619
-1
2620
110
2621
-1
2622
86
2623
-1
2624
133
2625
-1
2626
71
2627
-1
2628
50
2629
-1
2630
43
2631
-1
2632
92
2633
-1
2634
53
2635
-1
2636
172
2637
-1
2638
20
2639
-1
2640
72
2641
-1
2642
41
2643
-1
2644
176
2645
-1
2646
5
2647
-1
2648
94
2649
-1
2650
85
2651
-1
2652
42
2653
-1
2654
54
2655
-1
2656
54
2657
-1
2658
30
2659
-1
2660
97
2661
-1
2662
63
2663
-1
2664
160
2665
-1
2666
120
2667
-1
2668
66
2669
-1
2670
122
2671
-1
2672
127
2673
-1
2674
34
2675
-1
2676
66
2677
-1
2678
12
2679
-1
2680
95
2681
-1
2682
7
2683
-1
2684
19
2685
-1
2686
12
2687
-1
2688
0
2689
-1
2690
122
2691
-1
2692
121
2693
-1
2694
50
2695
-1
2696
2
2697
-1
2698
8
2699
-1
2700
128
2701
-1
2702
107
2703
-1
2704
25
2705
-1
2706
5
2707
-1
2708
138
2709
-1
2710
138
2711
-1
2712
49
2713
-1
2714
165
2715
-1
2716
95
2717
-1
2718
54
2719
-1
2720
57
2721
-1
2722
58
2723
-1
2724
68
2725
-1
2726
119
2727
-1
2728
114
2729
-1
2730
4
2731
-1
2732
92
2733
-1
2734
76
2735
-1
2736
90
2737
-1
2738
92
2739
-1
2740
136
2741
-1
2742
94
2743
-1
2744
170
2745
-1
2746
93
2747
-1
2748
94
2749
-1
2750
145
2751
-1
2752
98
2753
-1
2754
16
2755
-1
2756
44
2757
-1
2758
73
2759
-1
2760
65
2761
-1
2762
19
2763
-1
2764
162
2765
-1
2766
81
2767
-1
2768
145
2769
-1
2770
12
2771
-1
2772
94
2773
-1
2774
73
2775
-1
2776
65
2777
-1
2778
176
2779
-1
2780
149
2781
-1
2782
144
2783
-1
2784
144
2785
-1
2786
161
2787
-1
2788
3
2789
-1
2790
182
2791
-1
2792
182
2793
-1
2794
141
2795
-1
2796
1
2797
-1
2798
151
2799
-1
2800
6
2801
-1
2802
38
2803
-1
2804
115
2805
-1
2806
64
2807
-1
2808
134
2809
-1
2810
81
2811
-1
2812
71
2813
-1
2814
101
2815
-1
2816
120
2817
-1
2818
69
2819
-1
2820
37
2821
-1
2822
123
2823
-1
2824
17
2825
-1
2826
139
2827
-1
2828
181
2829
-1
2830
152
2831
-1
2832
97
2833
-1
2834
15
2835
-1
2836
158
2837
-1
2838
93
2839
-1
2840
9
2841
-1
2842
86
2843
-1
2844
71
2845
-1
2846
89
2847
-1
2848
144
2849
-1
2850
24
2851
-1
2852
117
2853
-1
2854
54
2855
-1
2856
31
2857
-1
2858
30
2859
-1
2860
64
2861
-1
2862
99
2863
-1
2864
90
2865
-1
2866
76
2867
-1
2868
77
2869
-1
2870
124
2871
-1
2872
139
2873
-1
2874
135
2875
-1
2876
154
2877
-1
2878
55
2879
-1
2880
68
2881
-1
2882
180
2883
-1
2884
19
2885
-1
2886
117
2887
-1
2888
113
2889
-1
2890
110
2891
-1
2892
16
2893
-1
2894
59
2895
-1
2896
144
2897
-1
2898
35
2899
-1
2900
141
2901
-1
2902
144
2903
-1
2904
174
2905
-1
2906
90
2907
-1
2908
59
2909
-1
2910
43
2911
-1
2912
2
2913
-1
2914
54
2915
-1
2916
99
2917
-1
2918
121
2919
-1
2920
19
2921
-1
2922
26
2923
-1
2924
10
2925
-1
2926
27
2927
-1
2928
184
2929
-1
2930
59
2931
-1
2932
52
2933
-1
2934
60
2935
-1
2936
121
2937
-1
2938
165
2939
-1
2940
32
2941
-1
2942
163
2943
-1
2944
3
2945
-1
2946
6
2947
-1
2948
49
2949
-1
2950
100
2951
-1
2952
123
2953
-1
2954
154
2955
-1
2956
151
2957
-1
2958
31
2959
-1
2960
61
2961
-1
2962
144
2963
-1
2964
79
2965
-1
2966
51
2967
-1
2968
49
2969
-1
2970
107
2971
-1
2972
27
2973
-1
2974
100
2975
-1
2976
68
2977
-1
2978
63
2979
-1
2980
70
2981
-1
2982
116
2983
-1
2984
122
2985
-1
2986
122
2987
-1
2988
24
2989
-1
2990
84
2991
-1
2992
150
2993
-1
2994
9
2995
-1
2996
178
2997
-1
2998
10
2999
-1
