********************************************************************************
The planted motif0 is:
CCATGTACT
0
130
1
-1
2
180
3
-1
4
183
5
-1
6
74
7
-1
8
165
9
-1
10
172
11
-1
12
157
13
-1
14
153
15
-1
16
15
17
-1
18
175
19
-1
20
78
21
-1
22
127
23
-1
24
31
25
-1
26
175
27
-1
28
176
29
-1
30
177
31
-1
32
36
33
-1
34
64
35
-1
36
175
37
-1
38
152
39
-1
40
48
41
-1
42
86
43
-1
44
172
45
-1
46
161
47
-1
48
186
49
-1
50
83
51
-1
52
16
53
-1
54
80
55
-1
56
165
57
-1
58
81
59
-1
60
1
61
-1
62
167
63
-1
64
81
65
-1
66
26
67
-1
68
87
69
-1
70
139
71
-1
72
89
73
-1
74
82
75
-1
76
135
77
-1
78
146
79
-1
80
97
81
-1
82
165
83
-1
84
107
85
-1
86
5
87
-1
88
29
89
-1
90
145
91
-1
92
35
93
-1
94
62
95
-1
96
161
97
-1
98
104
99
-1
100
173
101
-1
102
111
103
-1
104
45
105
-1
106
81
107
-1
108
21
109
-1
110
116
111
-1
112
130
113
-1
114
159
115
-1
116
178
117
-1
118
4
119
-1
120
67
121
-1
122
83
123
-1
124
120
125
-1
126
87
127
-1
128
94
129
-1
130
158
131
-1
132
106
133
-1
134
3
135
-1
136
120
137
-1
138
48
139
-1
140
18
141
-1
142
97
143
-1
144
27
145
-1
146
91
147
-1
148
7
149
-1
150
179
151
-1
152
73
153
-1
154
68
155
-1
156
110
157
-1
158
112
159
-1
160
110
161
-1
162
133
163
-1
164
127
165
-1
166
28
167
-1
168
138
169
-1
170
41
171
-1
172
42
173
-1
174
73
175
-1
176
24
177
-1
178
42
179
-1
180
161
181
-1
182
133
183
-1
184
156
185
-1
186
148
187
-1
188
152
189
-1
190
51
191
-1
192
60
193
-1
194
39
195
-1
196
74
197
-1
198
135
199
-1
200
4
201
-1
202
40
203
-1
204
185
205
-1
206
165
207
-1
208
175
209
-1
210
108
211
-1
212
44
213
-1
214
123
215
-1
216
55
217
-1
218
141
219
-1
220
162
221
-1
222
64
223
-1
224
68
225
-1
226
38
227
-1
228
174
229
-1
230
35
231
-1
232
5
233
-1
234
148
235
-1
236
41
237
-1
238
146
239
-1
240
65
241
-1
242
125
243
-1
244
16
245
-1
246
150
247
-1
248
5
249
-1
250
146
251
-1
252
63
253
-1
254
80
255
-1
256
47
257
-1
258
166
259
-1
260
57
261
-1
262
176
263
-1
264
74
265
-1
266
153
267
-1
268
90
269
-1
270
26
271
-1
272
129
273
-1
274
20
275
-1
276
118
277
-1
278
128
279
-1
280
111
281
-1
282
59
283
-1
284
142
285
-1
286
141
287
-1
288
54
289
-1
290
106
291
-1
292
129
293
-1
294
102
295
-1
296
69
297
-1
298
70
299
-1
300
135
301
-1
302
152
303
-1
304
22
305
-1
306
131
307
-1
308
121
309
-1
310
133
311
-1
312
138
313
-1
314
130
315
-1
316
142
317
-1
318
37
319
-1
320
97
321
-1
322
172
323
-1
324
132
325
-1
326
18
327
-1
328
28
329
-1
330
51
331
-1
332
33
333
-1
334
113
335
-1
336
30
337
-1
338
18
339
-1
340
21
341
-1
342
187
343
-1
344
129
345
-1
346
7
347
-1
348
144
349
-1
350
69
351
-1
352
1
353
-1
354
11
355
-1
356
65
357
-1
358
35
359
-1
360
49
361
-1
362
12
363
-1
364
100
365
-1
366
25
367
-1
368
126
369
-1
370
150
371
-1
372
100
373
-1
374
76
375
-1
376
51
377
-1
378
99
379
-1
380
95
381
-1
382
20
383
-1
384
186
385
-1
386
51
387
-1
388
23
389
-1
390
188
391
-1
392
153
393
-1
394
152
395
-1
396
183
397
-1
398
41
399
-1
400
84
401
-1
402
19
403
-1
404
143
405
-1
406
85
407
-1
408
72
409
-1
410
93
411
-1
412
172
413
-1
414
63
415
-1
416
147
417
-1
418
134
419
-1
420
85
421
-1
422
8
423
-1
424
50
425
-1
426
124
427
-1
428
83
429
-1
430
85
431
-1
432
94
433
-1
434
34
435
-1
436
157
437
-1
438
12
439
-1
440
16
441
-1
442
91
443
-1
444
126
445
-1
446
140
447
-1
448
41
449
-1
450
104
451
-1
452
150
453
-1
454
38
455
-1
456
131
457
-1
458
67
459
-1
460
38
461
-1
462
132
463
-1
464
87
465
-1
466
159
467
-1
468
123
469
-1
470
162
471
-1
472
191
473
-1
474
161
475
-1
476
165
477
-1
478
107
479
-1
480
128
481
-1
482
15
483
-1
484
1
485
-1
486
85
487
-1
488
94
489
-1
490
144
491
-1
492
100
493
-1
494
12
495
-1
496
3
497
-1
498
185
499
-1
500
55
501
-1
502
20
503
-1
504
112
505
-1
506
7
507
-1
508
53
509
-1
510
142
511
-1
512
52
513
-1
514
182
515
-1
516
127
517
-1
518
183
519
-1
520
117
521
-1
522
152
523
-1
524
159
525
-1
526
16
527
-1
528
23
529
-1
530
89
531
-1
532
1
533
-1
534
99
535
-1
536
117
537
-1
538
170
539
-1
540
38
541
-1
542
35
543
-1
544
47
545
-1
546
58
547
-1
548
105
549
-1
550
19
551
-1
552
57
553
-1
554
132
555
-1
556
14
557
-1
558
93
559
-1
560
81
561
-1
562
69
563
-1
564
52
565
-1
566
140
567
-1
568
42
569
-1
570
127
571
-1
572
39
573
-1
574
34
575
-1
576
133
577
-1
578
143
579
-1
580
129
581
-1
582
140
583
-1
584
167
585
-1
586
102
587
-1
588
92
589
-1
590
154
591
-1
592
143
593
-1
594
175
595
-1
596
120
597
-1
598
86
599
-1
600
125
601
-1
602
68
603
-1
604
78
605
-1
606
116
607
-1
608
69
609
-1
610
118
611
-1
612
28
613
-1
614
74
615
-1
616
46
617
-1
618
170
619
-1
620
160
621
-1
622
152
623
-1
624
45
625
-1
626
8
627
-1
628
83
629
-1
630
90
631
-1
632
83
633
-1
634
115
635
-1
636
14
637
-1
638
44
639
-1
640
129
641
-1
642
34
643
-1
644
9
645
-1
646
35
647
-1
648
50
649
-1
650
79
651
-1
652
30
653
-1
654
161
655
-1
656
71
657
-1
658
169
659
-1
660
100
661
-1
662
72
663
-1
664
167
665
-1
666
140
667
-1
668
81
669
-1
670
77
671
-1
672
61
673
-1
674
16
675
-1
676
158
677
-1
678
111
679
-1
680
18
681
-1
682
8
683
-1
684
177
685
-1
686
165
687
-1
688
125
689
-1
690
0
691
-1
692
70
693
-1
694
72
695
-1
696
68
697
-1
698
147
699
-1
700
129
701
-1
702
7
703
-1
704
151
705
-1
706
103
707
-1
708
117
709
-1
710
45
711
-1
712
143
713
-1
714
72
715
-1
716
43
717
-1
718
189
719
-1
720
139
721
-1
722
123
723
-1
724
112
725
-1
726
17
727
-1
728
91
729
-1
730
129
731
-1
732
168
733
-1
734
90
735
-1
736
64
737
-1
738
58
739
-1
740
190
741
-1
742
172
743
-1
744
63
745
-1
746
63
747
-1
748
77
749
-1
750
131
751
-1
752
177
753
-1
754
116
755
-1
756
132
757
-1
758
75
759
-1
760
86
761
-1
762
39
763
-1
764
66
765
-1
766
98
767
-1
768
99
769
-1
770
78
771
-1
772
24
773
-1
774
191
775
-1
776
26
777
-1
778
32
779
-1
780
137
781
-1
782
165
783
-1
784
71
785
-1
786
61
787
-1
788
148
789
-1
790
131
791
-1
792
101
793
-1
794
41
795
-1
796
133
797
-1
798
28
799
-1
800
123
801
-1
802
131
803
-1
804
17
805
-1
806
129
807
-1
808
107
809
-1
810
6
811
-1
812
126
813
-1
814
12
815
-1
816
158
817
-1
818
20
819
-1
820
9
821
-1
822
28
823
-1
824
24
825
-1
826
68
827
-1
828
146
829
-1
830
143
831
-1
832
123
833
-1
834
23
835
-1
836
12
837
-1
838
99
839
-1
840
13
841
-1
842
115
843
-1
844
123
845
-1
846
175
847
-1
848
189
849
-1
850
108
851
-1
852
143
853
-1
854
127
855
-1
856
13
857
-1
858
170
859
-1
860
103
861
-1
862
20
863
-1
864
128
865
-1
866
100
867
-1
868
111
869
-1
870
173
871
-1
872
189
873
-1
874
63
875
-1
876
168
877
-1
878
3
879
-1
880
104
881
-1
882
17
883
-1
884
65
885
-1
886
123
887
-1
888
29
889
-1
890
144
891
-1
892
161
893
-1
894
15
895
-1
896
158
897
-1
898
57
899
-1
900
97
901
-1
902
3
903
-1
904
83
905
-1
906
30
907
-1
908
1
909
-1
910
115
911
-1
912
118
913
-1
914
27
915
-1
916
153
917
-1
918
22
919
-1
920
109
921
-1
922
118
923
-1
924
171
925
-1
926
173
927
-1
928
125
929
-1
930
118
931
-1
932
169
933
-1
934
95
935
-1
936
91
937
-1
938
11
939
-1
940
185
941
-1
942
95
943
-1
944
180
945
-1
946
128
947
-1
948
22
949
-1
950
141
951
-1
952
104
953
-1
954
160
955
-1
956
160
957
-1
958
7
959
-1
960
57
961
-1
962
55
963
-1
964
79
965
-1
966
32
967
-1
968
1
969
-1
970
97
971
-1
972
18
973
-1
974
60
975
-1
976
80
977
-1
978
101
979
-1
980
79
981
-1
982
159
983
-1
984
32
985
-1
986
12
987
-1
988
100
989
-1
990
26
991
-1
992
166
993
-1
994
154
995
-1
996
27
997
-1
998
100
999
-1
1000
58
1001
-1
1002
77
1003
-1
1004
139
1005
-1
1006
16
1007
-1
1008
34
1009
-1
1010
167
1011
-1
1012
65
1013
-1
1014
156
1015
-1
1016
145
1017
-1
1018
53
1019
-1
1020
138
1021
-1
1022
0
1023
-1
1024
161
1025
-1
1026
93
1027
-1
1028
54
1029
-1
1030
177
1031
-1
1032
128
1033
-1
1034
37
1035
-1
1036
43
1037
-1
1038
135
1039
-1
1040
164
1041
-1
1042
128
1043
-1
1044
106
1045
-1
1046
127
1047
-1
1048
41
1049
-1
1050
38
1051
-1
1052
95
1053
-1
1054
120
1055
-1
1056
104
1057
-1
1058
60
1059
-1
1060
63
1061
-1
1062
176
1063
-1
1064
168
1065
-1
1066
182
1067
-1
1068
21
1069
-1
1070
141
1071
-1
1072
189
1073
-1
1074
0
1075
-1
1076
115
1077
-1
1078
142
1079
-1
1080
45
1081
-1
1082
162
1083
-1
1084
53
1085
-1
1086
164
1087
-1
1088
163
1089
-1
1090
44
1091
-1
1092
106
1093
-1
1094
144
1095
-1
1096
145
1097
-1
1098
127
1099
-1
1100
85
1101
-1
1102
141
1103
-1
1104
83
1105
-1
1106
57
1107
-1
1108
15
1109
-1
1110
12
1111
-1
1112
90
1113
-1
1114
163
1115
-1
1116
14
1117
-1
1118
112
1119
-1
1120
178
1121
-1
1122
64
1123
-1
1124
70
1125
-1
1126
10
1127
-1
1128
85
1129
-1
1130
94
1131
-1
1132
186
1133
-1
1134
66
1135
-1
1136
172
1137
-1
1138
126
1139
-1
1140
96
1141
-1
1142
80
1143
-1
1144
131
1145
-1
1146
96
1147
-1
1148
32
1149
-1
1150
133
1151
-1
1152
7
1153
-1
1154
31
1155
-1
1156
87
1157
-1
1158
115
1159
-1
1160
99
1161
-1
1162
145
1163
-1
1164
43
1165
-1
1166
155
1167
-1
1168
19
1169
-1
1170
183
1171
-1
1172
119
1173
-1
1174
115
1175
-1
1176
69
1177
-1
1178
76
1179
-1
1180
22
1181
-1
1182
60
1183
-1
1184
150
1185
-1
1186
171
1187
-1
1188
36
1189
-1
1190
81
1191
-1
1192
49
1193
-1
1194
35
1195
-1
1196
10
1197
-1
1198
31
1199
-1
1200
71
1201
-1
1202
59
1203
-1
1204
92
1205
-1
1206
120
1207
-1
1208
186
1209
-1
1210
139
1211
-1
1212
89
1213
-1
1214
184
1215
-1
1216
112
1217
-1
1218
111
1219
-1
1220
130
1221
-1
1222
163
1223
-1
1224
111
1225
-1
1226
138
1227
-1
1228
146
1229
-1
1230
81
1231
-1
1232
170
1233
-1
1234
122
1235
-1
1236
151
1237
-1
1238
182
1239
-1
1240
120
1241
-1
1242
95
1243
-1
1244
116
1245
-1
1246
164
1247
-1
1248
53
1249
-1
1250
85
1251
-1
1252
24
1253
-1
1254
179
1255
-1
1256
73
1257
-1
1258
186
1259
-1
1260
18
1261
-1
1262
152
1263
-1
1264
177
1265
-1
1266
174
1267
-1
1268
17
1269
-1
1270
30
1271
-1
1272
101
1273
-1
1274
51
1275
-1
1276
107
1277
-1
1278
21
1279
-1
1280
109
1281
-1
1282
122
1283
-1
1284
151
1285
-1
1286
133
1287
-1
1288
176
1289
-1
1290
68
1291
-1
1292
134
1293
-1
1294
163
1295
-1
1296
99
1297
-1
1298
3
1299
-1
1300
65
1301
-1
1302
145
1303
-1
1304
27
1305
-1
1306
159
1307
-1
1308
20
1309
-1
1310
131
1311
-1
1312
61
1313
-1
1314
188
1315
-1
1316
175
1317
-1
1318
120
1319
-1
1320
153
1321
-1
1322
148
1323
-1
1324
159
1325
-1
1326
146
1327
-1
1328
185
1329
-1
1330
18
1331
-1
1332
157
1333
-1
1334
23
1335
-1
1336
123
1337
-1
1338
107
1339
-1
1340
17
1341
-1
1342
87
1343
-1
1344
53
1345
-1
1346
114
1347
-1
1348
75
1349
-1
1350
43
1351
-1
1352
156
1353
-1
1354
96
1355
-1
1356
70
1357
-1
1358
74
1359
-1
1360
62
1361
-1
1362
156
1363
-1
1364
92
1365
-1
1366
30
1367
-1
1368
85
1369
-1
1370
142
1371
-1
1372
71
1373
-1
1374
174
1375
-1
1376
53
1377
-1
1378
53
1379
-1
1380
36
1381
-1
1382
69
1383
-1
1384
53
1385
-1
1386
83
1387
-1
1388
8
1389
-1
1390
116
1391
-1
1392
125
1393
-1
1394
0
1395
-1
1396
162
1397
-1
1398
93
1399
-1
1400
162
1401
-1
1402
15
1403
-1
1404
77
1405
-1
1406
65
1407
-1
1408
190
1409
-1
1410
0
1411
-1
1412
107
1413
-1
1414
44
1415
-1
1416
80
1417
-1
1418
145
1419
-1
1420
102
1421
-1
1422
187
1423
-1
1424
169
1425
-1
1426
169
1427
-1
1428
111
1429
-1
1430
29
1431
-1
1432
182
1433
-1
1434
33
1435
-1
1436
190
1437
-1
1438
40
1439
-1
1440
78
1441
-1
1442
50
1443
-1
1444
67
1445
-1
1446
152
1447
-1
1448
45
1449
-1
1450
161
1451
-1
1452
129
1453
-1
1454
179
1455
-1
1456
173
1457
-1
1458
23
1459
-1
1460
167
1461
-1
1462
99
1463
-1
1464
79
1465
-1
1466
3
1467
-1
1468
72
1469
-1
1470
156
1471
-1
1472
71
1473
-1
1474
58
1475
-1
1476
158
1477
-1
1478
103
1479
-1
1480
141
1481
-1
1482
0
1483
-1
1484
94
1485
-1
1486
118
1487
-1
1488
64
1489
-1
1490
177
1491
-1
1492
169
1493
-1
1494
66
1495
-1
1496
38
1497
-1
1498
23
1499
-1
1500
42
1501
-1
1502
79
1503
-1
1504
125
1505
-1
1506
6
1507
-1
1508
183
1509
-1
1510
139
1511
-1
1512
86
1513
-1
1514
180
1515
-1
1516
74
1517
-1
1518
83
1519
-1
1520
21
1521
-1
1522
18
1523
-1
1524
52
1525
-1
1526
159
1527
-1
1528
76
1529
-1
1530
116
1531
-1
1532
159
1533
-1
1534
21
1535
-1
1536
128
1537
-1
1538
124
1539
-1
1540
30
1541
-1
1542
53
1543
-1
1544
23
1545
-1
1546
185
1547
-1
1548
72
1549
-1
1550
16
1551
-1
1552
41
1553
-1
1554
147
1555
-1
1556
184
1557
-1
1558
65
1559
-1
1560
177
1561
-1
1562
41
1563
-1
1564
70
1565
-1
1566
83
1567
-1
1568
53
1569
-1
1570
55
1571
-1
1572
163
1573
-1
1574
126
1575
-1
1576
187
1577
-1
1578
178
1579
-1
1580
134
1581
-1
1582
99
1583
-1
1584
117
1585
-1
1586
48
1587
-1
1588
84
1589
-1
1590
165
1591
-1
1592
132
1593
-1
1594
94
1595
-1
1596
120
1597
-1
1598
163
1599
-1
1600
45
1601
-1
1602
121
1603
-1
1604
20
1605
-1
1606
13
1607
-1
1608
98
1609
-1
1610
185
1611
-1
1612
58
1613
-1
1614
79
1615
-1
1616
123
1617
-1
1618
109
1619
-1
1620
179
1621
-1
1622
97
1623
-1
1624
131
1625
-1
1626
78
1627
-1
1628
108
1629
-1
1630
133
1631
-1
1632
60
1633
-1
1634
131
1635
-1
1636
126
1637
-1
1638
56
1639
-1
1640
38
1641
-1
1642
94
1643
-1
1644
175
1645
-1
1646
67
1647
-1
1648
176
1649
-1
1650
133
1651
-1
1652
45
1653
-1
1654
169
1655
-1
1656
131
1657
-1
1658
16
1659
-1
1660
151
1661
-1
1662
70
1663
-1
1664
63
1665
-1
1666
34
1667
-1
1668
167
1669
-1
1670
47
1671
-1
1672
133
1673
-1
1674
79
1675
-1
1676
136
1677
-1
1678
104
1679
-1
1680
100
1681
-1
1682
63
1683
-1
1684
153
1685
-1
1686
114
1687
-1
1688
40
1689
-1
1690
184
1691
-1
1692
48
1693
-1
1694
187
1695
-1
1696
77
1697
-1
1698
19
1699
-1
1700
160
1701
-1
1702
68
1703
-1
1704
75
1705
-1
1706
165
1707
-1
1708
49
1709
-1
1710
17
1711
-1
1712
146
1713
-1
1714
142
1715
-1
1716
162
1717
-1
1718
97
1719
-1
1720
187
1721
-1
1722
131
1723
-1
1724
73
1725
-1
1726
164
1727
-1
1728
175
1729
-1
1730
82
1731
-1
1732
44
1733
-1
1734
184
1735
-1
1736
23
1737
-1
1738
81
1739
-1
1740
168
1741
-1
1742
18
1743
-1
1744
171
1745
-1
1746
176
1747
-1
1748
169
1749
-1
1750
83
1751
-1
1752
101
1753
-1
1754
146
1755
-1
1756
60
1757
-1
1758
40
1759
-1
1760
13
1761
-1
1762
156
1763
-1
1764
85
1765
-1
1766
179
1767
-1
1768
69
1769
-1
1770
101
1771
-1
1772
68
1773
-1
1774
47
1775
-1
1776
39
1777
-1
1778
86
1779
-1
1780
44
1781
-1
1782
139
1783
-1
1784
125
1785
-1
1786
78
1787
-1
1788
172
1789
-1
1790
154
1791
-1
1792
102
1793
-1
1794
16
1795
-1
1796
2
1797
-1
1798
22
1799
-1
1800
93
1801
-1
1802
114
1803
-1
1804
27
1805
-1
1806
83
1807
-1
1808
181
1809
-1
1810
149
1811
-1
1812
177
1813
-1
1814
111
1815
-1
1816
47
1817
-1
1818
158
1819
-1
1820
15
1821
-1
1822
11
1823
-1
1824
32
1825
-1
1826
91
1827
-1
1828
124
1829
-1
1830
124
1831
-1
1832
76
1833
-1
1834
88
1835
-1
1836
10
1837
-1
1838
57
1839
-1
1840
104
1841
-1
1842
142
1843
-1
1844
96
1845
-1
1846
6
1847
-1
1848
151
1849
-1
1850
47
1851
-1
1852
180
1853
-1
1854
64
1855
-1
1856
74
1857
-1
1858
118
1859
-1
1860
115
1861
-1
1862
13
1863
-1
1864
150
1865
-1
1866
45
1867
-1
1868
83
1869
-1
1870
77
1871
-1
1872
20
1873
-1
1874
13
1875
-1
1876
161
1877
-1
1878
98
1879
-1
1880
1
1881
-1
1882
115
1883
-1
1884
40
1885
-1
1886
124
1887
-1
1888
94
1889
-1
1890
180
1891
-1
1892
35
1893
-1
1894
17
1895
-1
1896
146
1897
-1
1898
31
1899
-1
1900
54
1901
-1
1902
8
1903
-1
1904
165
1905
-1
1906
128
1907
-1
1908
80
1909
-1
1910
135
1911
-1
1912
90
1913
-1
1914
107
1915
-1
1916
128
1917
-1
1918
126
1919
-1
1920
131
1921
-1
1922
163
1923
-1
1924
89
1925
-1
1926
189
1927
-1
1928
61
1929
-1
1930
115
1931
-1
1932
48
1933
-1
1934
108
1935
-1
1936
90
1937
-1
1938
172
1939
-1
1940
70
1941
-1
1942
4
1943
-1
1944
15
1945
-1
1946
141
1947
-1
1948
41
1949
-1
1950
66
1951
-1
1952
127
1953
-1
1954
155
1955
-1
1956
53
1957
-1
1958
132
1959
-1
1960
67
1961
-1
1962
186
1963
-1
1964
54
1965
-1
1966
138
1967
-1
1968
87
1969
-1
1970
38
1971
-1
1972
20
1973
-1
1974
150
1975
-1
1976
151
1977
-1
1978
6
1979
-1
1980
68
1981
-1
1982
13
1983
-1
1984
95
1985
-1
1986
56
1987
-1
1988
35
1989
-1
1990
171
1991
-1
1992
47
1993
-1
1994
169
1995
-1
1996
128
1997
-1
1998
47
1999
-1
2000
174
2001
-1
2002
180
2003
-1
2004
71
2005
-1
2006
84
2007
-1
2008
142
2009
-1
2010
152
2011
-1
2012
89
2013
-1
2014
171
2015
-1
2016
40
2017
-1
2018
175
2019
-1
2020
89
2021
-1
2022
83
2023
-1
2024
34
2025
-1
2026
156
2027
-1
2028
17
2029
-1
2030
187
2031
-1
2032
86
2033
-1
2034
2
2035
-1
2036
165
2037
-1
2038
21
2039
-1
2040
93
2041
-1
2042
191
2043
-1
2044
103
2045
-1
2046
105
2047
-1
2048
101
2049
-1
2050
60
2051
-1
2052
20
2053
-1
2054
62
2055
-1
2056
107
2057
-1
2058
41
2059
-1
2060
70
2061
-1
2062
48
2063
-1
2064
61
2065
-1
2066
125
2067
-1
2068
56
2069
-1
2070
132
2071
-1
2072
25
2073
-1
2074
67
2075
-1
2076
84
2077
-1
2078
114
2079
-1
2080
158
2081
-1
2082
162
2083
-1
2084
123
2085
-1
2086
109
2087
-1
2088
110
2089
-1
2090
22
2091
-1
2092
96
2093
-1
2094
165
2095
-1
2096
55
2097
-1
2098
3
2099
-1
2100
38
2101
-1
2102
190
2103
-1
2104
26
2105
-1
2106
37
2107
-1
2108
34
2109
-1
2110
34
2111
-1
2112
60
2113
-1
2114
31
2115
-1
2116
56
2117
-1
2118
106
2119
-1
2120
188
2121
-1
2122
117
2123
-1
2124
50
2125
-1
2126
126
2127
-1
2128
132
2129
-1
2130
86
2131
-1
2132
183
2133
-1
2134
71
2135
-1
2136
32
2137
-1
2138
97
2139
-1
2140
23
2141
-1
2142
47
2143
-1
2144
160
2145
-1
2146
42
2147
-1
2148
63
2149
-1
2150
103
2151
-1
2152
24
2153
-1
2154
6
2155
-1
2156
68
2157
-1
2158
141
2159
-1
2160
180
2161
-1
2162
156
2163
-1
2164
89
2165
-1
2166
70
2167
-1
2168
99
2169
-1
2170
152
2171
-1
2172
132
2173
-1
2174
26
2175
-1
2176
173
2177
-1
2178
62
2179
-1
2180
31
2181
-1
2182
35
2183
-1
2184
142
2185
-1
2186
88
2187
-1
2188
173
2189
-1
2190
115
2191
-1
2192
180
2193
-1
2194
3
2195
-1
2196
18
2197
-1
2198
113
2199
-1
2200
152
2201
-1
2202
118
2203
-1
2204
158
2205
-1
2206
185
2207
-1
2208
57
2209
-1
2210
47
2211
-1
2212
106
2213
-1
2214
77
2215
-1
2216
6
2217
-1
2218
97
2219
-1
2220
1
2221
-1
2222
1
2223
-1
2224
132
2225
-1
2226
126
2227
-1
2228
33
2229
-1
2230
188
2231
-1
2232
117
2233
-1
2234
81
2235
-1
2236
49
2237
-1
2238
84
2239
-1
2240
184
2241
-1
2242
45
2243
-1
2244
124
2245
-1
2246
25
2247
-1
2248
41
2249
-1
2250
85
2251
-1
2252
47
2253
-1
2254
175
2255
-1
2256
79
2257
-1
2258
118
2259
-1
2260
178
2261
-1
2262
138
2263
-1
2264
118
2265
-1
2266
149
2267
-1
2268
154
2269
-1
2270
90
2271
-1
2272
91
2273
-1
2274
141
2275
-1
2276
162
2277
-1
2278
139
2279
-1
2280
188
2281
-1
2282
118
2283
-1
2284
135
2285
-1
2286
36
2287
-1
2288
166
2289
-1
2290
83
2291
-1
2292
140
2293
-1
2294
67
2295
-1
2296
108
2297
-1
2298
4
2299
-1
2300
56
2301
-1
2302
124
2303
-1
2304
63
2305
-1
2306
85
2307
-1
2308
146
2309
-1
2310
122
2311
-1
2312
42
2313
-1
2314
94
2315
-1
2316
86
2317
-1
2318
142
2319
-1
2320
2
2321
-1
2322
185
2323
-1
2324
29
2325
-1
2326
154
2327
-1
2328
172
2329
-1
2330
91
2331
-1
2332
165
2333
-1
2334
105
2335
-1
2336
161
2337
-1
2338
56
2339
-1
2340
74
2341
-1
2342
10
2343
-1
2344
49
2345
-1
2346
85
2347
-1
2348
7
2349
-1
2350
125
2351
-1
2352
172
2353
-1
2354
148
2355
-1
2356
131
2357
-1
2358
51
2359
-1
2360
129
2361
-1
2362
119
2363
-1
2364
78
2365
-1
2366
92
2367
-1
2368
101
2369
-1
2370
91
2371
-1
2372
75
2373
-1
2374
142
2375
-1
2376
4
2377
-1
2378
27
2379
-1
2380
174
2381
-1
2382
44
2383
-1
2384
57
2385
-1
2386
150
2387
-1
2388
162
2389
-1
2390
191
2391
-1
2392
70
2393
-1
2394
84
2395
-1
2396
70
2397
-1
2398
160
2399
-1
2400
62
2401
-1
2402
47
2403
-1
2404
152
2405
-1
2406
7
2407
-1
2408
107
2409
-1
2410
91
2411
-1
2412
130
2413
-1
2414
22
2415
-1
2416
45
2417
-1
2418
29
2419
-1
2420
148
2421
-1
2422
65
2423
-1
2424
148
2425
-1
2426
88
2427
-1
2428
138
2429
-1
2430
115
2431
-1
2432
7
2433
-1
2434
133
2435
-1
2436
29
2437
-1
2438
48
2439
-1
2440
97
2441
-1
2442
40
2443
-1
2444
0
2445
-1
2446
6
2447
-1
2448
169
2449
-1
2450
181
2451
-1
2452
50
2453
-1
2454
46
2455
-1
2456
73
2457
-1
2458
0
2459
-1
2460
48
2461
-1
2462
8
2463
-1
2464
157
2465
-1
2466
138
2467
-1
2468
97
2469
-1
2470
84
2471
-1
2472
118
2473
-1
2474
123
2475
-1
2476
95
2477
-1
2478
93
2479
-1
2480
141
2481
-1
2482
61
2483
-1
2484
90
2485
-1
2486
100
2487
-1
2488
35
2489
-1
2490
143
2491
-1
2492
63
2493
-1
2494
18
2495
-1
2496
39
2497
-1
2498
12
2499
-1
2500
0
2501
-1
2502
191
2503
-1
2504
184
2505
-1
2506
63
2507
-1
2508
88
2509
-1
2510
79
2511
-1
2512
122
2513
-1
2514
39
2515
-1
2516
90
2517
-1
2518
36
2519
-1
2520
139
2521
-1
2522
165
2523
-1
2524
134
2525
-1
2526
131
2527
-1
2528
98
2529
-1
2530
191
2531
-1
2532
98
2533
-1
2534
124
2535
-1
2536
111
2537
-1
2538
98
2539
-1
2540
80
2541
-1
2542
53
2543
-1
2544
166
2545
-1
2546
98
2547
-1
2548
80
2549
-1
2550
87
2551
-1
2552
113
2553
-1
2554
17
2555
-1
2556
93
2557
-1
2558
43
2559
-1
2560
120
2561
-1
2562
45
2563
-1
2564
113
2565
-1
2566
161
2567
-1
2568
144
2569
-1
2570
37
2571
-1
2572
31
2573
-1
2574
154
2575
-1
2576
9
2577
-1
2578
185
2579
-1
2580
172
2581
-1
2582
171
2583
-1
2584
41
2585
-1
2586
94
2587
-1
2588
135
2589
-1
2590
182
2591
-1
2592
177
2593
-1
2594
53
2595
-1
2596
94
2597
-1
2598
19
2599
-1
2600
29
2601
-1
2602
28
2603
-1
2604
110
2605
-1
2606
146
2607
-1
2608
54
2609
-1
2610
126
2611
-1
2612
41
2613
-1
2614
44
2615
-1
2616
11
2617
-1
2618
29
2619
-1
2620
151
2621
-1
2622
55
2623
-1
2624
191
2625
-1
2626
131
2627
-1
2628
165
2629
-1
2630
22
2631
-1
2632
41
2633
-1
2634
183
2635
-1
2636
129
2637
-1
2638
52
2639
-1
2640
164
2641
-1
2642
148
2643
-1
2644
186
2645
-1
2646
31
2647
-1
2648
117
2649
-1
2650
96
2651
-1
2652
80
2653
-1
2654
8
2655
-1
2656
188
2657
-1
2658
171
2659
-1
2660
142
2661
-1
2662
10
2663
-1
2664
180
2665
-1
2666
171
2667
-1
2668
58
2669
-1
2670
129
2671
-1
2672
22
2673
-1
2674
144
2675
-1
2676
60
2677
-1
2678
104
2679
-1
2680
151
2681
-1
2682
142
2683
-1
2684
103
2685
-1
2686
19
2687
-1
2688
63
2689
-1
2690
178
2691
-1
2692
187
2693
-1
2694
102
2695
-1
2696
75
2697
-1
2698
169
2699
-1
2700
160
2701
-1
2702
174
2703
-1
2704
45
2705
-1
2706
145
2707
-1
2708
126
2709
-1
2710
7
2711
-1
2712
112
2713
-1
2714
140
2715
-1
2716
153
2717
-1
2718
28
2719
-1
2720
113
2721
-1
2722
121
2723
-1
2724
107
2725
-1
2726
61
2727
-1
2728
179
2729
-1
2730
179
2731
-1
2732
159
2733
-1
2734
13
2735
-1
2736
66
2737
-1
2738
37
2739
-1
2740
39
2741
-1
2742
77
2743
-1
2744
147
2745
-1
2746
35
2747
-1
2748
32
2749
-1
2750
97
2751
-1
2752
38
2753
-1
2754
182
2755
-1
2756
145
2757
-1
2758
29
2759
-1
2760
74
2761
-1
2762
25
2763
-1
2764
14
2765
-1
2766
167
2767
-1
2768
64
2769
-1
2770
56
2771
-1
2772
150
2773
-1
2774
89
2775
-1
2776
110
2777
-1
2778
83
2779
-1
2780
76
2781
-1
2782
55
2783
-1
2784
78
2785
-1
2786
120
2787
-1
2788
114
2789
-1
2790
48
2791
-1
2792
49
2793
-1
2794
105
2795
-1
2796
58
2797
-1
2798
174
2799
-1
2800
18
2801
-1
2802
176
2803
-1
2804
67
2805
-1
2806
88
2807
-1
2808
6
2809
-1
2810
102
2811
-1
2812
47
2813
-1
2814
25
2815
-1
2816
121
2817
-1
2818
168
2819
-1
2820
108
2821
-1
2822
26
2823
-1
2824
175
2825
-1
2826
50
2827
-1
2828
134
2829
-1
2830
128
2831
-1
2832
116
2833
-1
2834
161
2835
-1
2836
91
2837
-1
2838
23
2839
-1
2840
174
2841
-1
2842
24
2843
-1
2844
13
2845
-1
2846
123
2847
-1
2848
173
2849
-1
2850
36
2851
-1
2852
93
2853
-1
2854
82
2855
-1
2856
44
2857
-1
2858
185
2859
-1
2860
48
2861
-1
2862
172
2863
-1
2864
20
2865
-1
2866
82
2867
-1
2868
162
2869
-1
2870
122
2871
-1
2872
100
2873
-1
2874
34
2875
-1
2876
182
2877
-1
2878
39
2879
-1
2880
142
2881
-1
2882
91
2883
-1
2884
134
2885
-1
2886
172
2887
-1
2888
140
2889
-1
2890
91
2891
-1
2892
17
2893
-1
2894
133
2895
-1
2896
186
2897
-1
2898
171
2899
-1
2900
133
2901
-1
2902
12
2903
-1
2904
166
2905
-1
2906
139
2907
-1
2908
83
2909
-1
2910
44
2911
-1
2912
101
2913
-1
2914
168
2915
-1
2916
78
2917
-1
2918
137
2919
-1
2920
129
2921
-1
2922
26
2923
-1
2924
140
2925
-1
2926
105
2927
-1
2928
1
2929
-1
2930
115
2931
-1
2932
168
2933
-1
2934
74
2935
-1
2936
157
2937
-1
2938
118
2939
-1
2940
140
2941
-1
2942
129
2943
-1
2944
89
2945
-1
2946
119
2947
-1
2948
42
2949
-1
2950
165
2951
-1
2952
43
2953
-1
2954
45
2955
-1
2956
131
2957
-1
2958
127
2959
-1
2960
61
2961
-1
2962
44
2963
-1
2964
55
2965
-1
2966
141
2967
-1
2968
62
2969
-1
2970
63
2971
-1
2972
75
2973
-1
2974
50
2975
-1
2976
65
2977
-1
2978
149
2979
-1
2980
102
2981
-1
2982
102
2983
-1
2984
129
2985
-1
2986
54
2987
-1
2988
175
2989
-1
2990
144
2991
-1
2992
184
2993
-1
2994
189
2995
-1
2996
54
2997
-1
2998
88
2999
-1
