********************************************************************************
The planted motif0 is:
CCATGTCTAGATCGCGGGCAG
0
7
1
-1
2
35
3
-1
4
127
5
-1
6
149
7
-1
8
73
9
-1
10
24
11
-1
12
60
13
-1
14
93
15
-1
16
132
17
-1
18
13
19
-1
20
33
21
-1
22
159
23
-1
24
29
25
-1
26
36
27
-1
28
118
29
-1
30
163
31
-1
32
56
33
-1
34
19
35
-1
36
150
37
-1
38
87
39
-1
40
38
41
-1
42
105
43
-1
44
32
45
-1
46
129
47
-1
48
156
49
-1
50
120
51
-1
52
129
53
-1
54
32
55
-1
56
6
57
-1
58
54
59
-1
60
62
61
-1
62
100
63
-1
64
133
65
-1
66
42
67
-1
68
127
69
-1
70
13
71
-1
72
79
73
-1
74
98
75
-1
76
140
77
-1
78
164
79
-1
80
70
81
-1
82
51
83
-1
84
42
85
-1
86
10
87
-1
88
13
89
-1
90
171
91
-1
92
94
93
-1
94
69
95
-1
96
44
97
-1
98
34
99
-1
100
127
101
-1
102
15
103
-1
104
29
105
-1
106
158
107
-1
108
38
109
-1
110
68
111
-1
112
49
113
-1
114
176
115
-1
116
50
117
-1
118
104
119
-1
120
63
121
-1
122
38
123
-1
124
73
125
-1
126
151
127
-1
128
112
129
-1
130
179
131
-1
132
107
133
-1
134
112
135
-1
136
148
137
-1
138
13
139
-1
140
40
141
-1
142
117
143
-1
144
145
145
-1
146
112
147
-1
148
106
149
-1
150
143
151
-1
152
172
153
-1
154
163
155
-1
156
149
157
-1
158
11
159
-1
160
70
161
-1
162
63
163
-1
164
137
165
-1
166
100
167
-1
168
147
169
-1
170
58
171
-1
172
83
173
-1
174
103
175
-1
176
88
177
-1
178
107
179
-1
180
137
181
-1
182
96
183
-1
184
90
185
-1
186
9
187
-1
188
89
189
-1
190
35
191
-1
192
138
193
-1
194
60
195
-1
196
170
197
-1
198
150
199
-1
200
69
201
-1
202
146
203
-1
204
73
205
-1
206
112
207
-1
208
20
209
-1
210
51
211
-1
212
141
213
-1
214
58
215
-1
216
177
217
-1
218
100
219
-1
220
75
221
-1
222
144
223
-1
224
166
225
-1
226
144
227
-1
228
41
229
-1
230
44
231
-1
232
137
233
-1
234
60
235
-1
236
42
237
-1
238
26
239
-1
240
108
241
-1
242
123
243
-1
244
87
245
-1
246
158
247
-1
248
134
249
-1
250
49
251
-1
252
97
253
-1
254
179
255
-1
256
142
257
-1
258
81
259
-1
260
121
261
-1
262
119
263
-1
264
166
265
-1
266
52
267
-1
268
64
269
-1
270
79
271
-1
272
104
273
-1
274
114
275
-1
276
57
277
-1
278
59
279
-1
280
30
281
-1
282
96
283
-1
284
130
285
-1
286
170
287
-1
288
7
289
-1
290
145
291
-1
292
31
293
-1
294
18
295
-1
296
172
297
-1
298
169
299
-1
300
50
301
-1
302
17
303
-1
304
150
305
-1
306
167
307
-1
308
137
309
-1
310
30
311
-1
312
66
313
-1
314
80
315
-1
316
129
317
-1
318
51
319
-1
320
58
321
-1
322
116
323
-1
324
64
325
-1
326
87
327
-1
328
115
329
-1
330
41
331
-1
332
81
333
-1
334
7
335
-1
336
30
337
-1
338
151
339
-1
340
139
341
-1
342
61
343
-1
344
45
345
-1
346
95
347
-1
348
152
349
-1
350
22
351
-1
352
149
353
-1
354
64
355
-1
356
31
357
-1
358
132
359
-1
360
78
361
-1
362
155
363
-1
364
24
365
-1
366
98
367
-1
368
114
369
-1
370
49
371
-1
372
92
373
-1
374
27
375
-1
376
118
377
-1
378
68
379
-1
380
15
381
-1
382
62
383
-1
384
23
385
-1
386
14
387
-1
388
7
389
-1
390
51
391
-1
392
127
393
-1
394
46
395
-1
396
64
397
-1
398
55
399
-1
400
44
401
-1
402
95
403
-1
404
164
405
-1
406
96
407
-1
408
97
409
-1
410
58
411
-1
412
61
413
-1
414
67
415
-1
416
77
417
-1
418
167
419
-1
420
161
421
-1
422
40
423
-1
424
141
425
-1
426
100
427
-1
428
30
429
-1
430
55
431
-1
432
106
433
-1
434
40
435
-1
436
34
437
-1
438
146
439
-1
440
178
441
-1
442
177
443
-1
444
51
445
-1
446
175
447
-1
448
65
449
-1
450
114
451
-1
452
47
453
-1
454
40
455
-1
456
70
457
-1
458
11
459
-1
460
3
461
-1
462
22
463
-1
464
149
465
-1
466
11
467
-1
468
111
469
-1
470
144
471
-1
472
115
473
-1
474
98
475
-1
476
142
477
-1
478
27
479
-1
480
70
481
-1
482
10
483
-1
484
143
485
-1
486
2
487
-1
488
61
489
-1
490
167
491
-1
492
1
493
-1
494
128
495
-1
496
16
497
-1
498
58
499
-1
500
16
501
-1
502
77
503
-1
504
93
505
-1
506
77
507
-1
508
165
509
-1
510
67
511
-1
512
94
513
-1
514
16
515
-1
516
89
517
-1
518
52
519
-1
520
17
521
-1
522
73
523
-1
524
63
525
-1
526
63
527
-1
528
80
529
-1
530
179
531
-1
532
96
533
-1
534
122
535
-1
536
60
537
-1
538
155
539
-1
540
154
541
-1
542
88
543
-1
544
158
545
-1
546
90
547
-1
548
32
549
-1
550
151
551
-1
552
7
553
-1
554
45
555
-1
556
16
557
-1
558
64
559
-1
560
154
561
-1
562
122
563
-1
564
0
565
-1
566
95
567
-1
568
96
569
-1
570
46
571
-1
572
25
573
-1
574
64
575
-1
576
135
577
-1
578
111
579
-1
580
123
581
-1
582
94
583
-1
584
22
585
-1
586
59
587
-1
588
120
589
-1
590
141
591
-1
592
106
593
-1
594
69
595
-1
596
85
597
-1
598
56
599
-1
600
68
601
-1
602
93
603
-1
604
64
605
-1
606
12
607
-1
608
129
609
-1
610
68
611
-1
612
17
613
-1
614
83
615
-1
616
170
617
-1
618
43
619
-1
620
175
621
-1
622
26
623
-1
624
29
625
-1
626
88
627
-1
628
142
629
-1
630
66
631
-1
632
49
633
-1
634
115
635
-1
636
67
637
-1
638
117
639
-1
640
73
641
-1
642
169
643
-1
644
123
645
-1
646
72
647
-1
648
131
649
-1
650
97
651
-1
652
4
653
-1
654
92
655
-1
656
118
657
-1
658
119
659
-1
660
54
661
-1
662
146
663
-1
664
17
665
-1
666
62
667
-1
668
20
669
-1
670
18
671
-1
672
86
673
-1
674
49
675
-1
676
17
677
-1
678
176
679
-1
680
136
681
-1
682
161
683
-1
684
51
685
-1
686
3
687
-1
688
138
689
-1
690
67
691
-1
692
82
693
-1
694
160
695
-1
696
50
697
-1
698
36
699
-1
700
118
701
-1
702
1
703
-1
704
167
705
-1
706
85
707
-1
708
83
709
-1
710
78
711
-1
712
169
713
-1
714
162
715
-1
716
177
717
-1
718
85
719
-1
720
15
721
-1
722
130
723
-1
724
6
725
-1
726
119
727
-1
728
27
729
-1
730
30
731
-1
732
169
733
-1
734
51
735
-1
736
94
737
-1
738
64
739
-1
740
26
741
-1
742
67
743
-1
744
134
745
-1
746
34
747
-1
748
19
749
-1
750
36
751
-1
752
1
753
-1
754
4
755
-1
756
176
757
-1
758
116
759
-1
760
133
761
-1
762
134
763
-1
764
156
765
-1
766
152
767
-1
768
79
769
-1
770
163
771
-1
772
100
773
-1
774
84
775
-1
776
97
777
-1
778
161
779
-1
780
87
781
-1
782
168
783
-1
784
129
785
-1
786
47
787
-1
788
97
789
-1
790
40
791
-1
792
95
793
-1
794
162
795
-1
796
83
797
-1
798
25
799
-1
800
38
801
-1
802
38
803
-1
804
71
805
-1
806
108
807
-1
808
179
809
-1
810
33
811
-1
812
5
813
-1
814
140
815
-1
816
47
817
-1
818
126
819
-1
820
160
821
-1
822
71
823
-1
824
154
825
-1
826
76
827
-1
828
56
829
-1
830
68
831
-1
832
147
833
-1
834
76
835
-1
836
171
837
-1
838
15
839
-1
840
172
841
-1
842
96
843
-1
844
12
845
-1
846
45
847
-1
848
174
849
-1
850
64
851
-1
852
86
853
-1
854
15
855
-1
856
103
857
-1
858
160
859
-1
860
114
861
-1
862
86
863
-1
864
37
865
-1
866
155
867
-1
868
113
869
-1
870
133
871
-1
872
26
873
-1
874
77
875
-1
876
134
877
-1
878
69
879
-1
880
68
881
-1
882
89
883
-1
884
23
885
-1
886
176
887
-1
888
66
889
-1
890
96
891
-1
892
14
893
-1
894
33
895
-1
896
84
897
-1
898
176
899
-1
900
178
901
-1
902
147
903
-1
904
124
905
-1
906
16
907
-1
908
30
909
-1
910
165
911
-1
912
163
913
-1
914
166
915
-1
916
52
917
-1
918
77
919
-1
920
27
921
-1
922
20
923
-1
924
127
925
-1
926
71
927
-1
928
132
929
-1
930
112
931
-1
932
54
933
-1
934
139
935
-1
936
100
937
-1
938
144
939
-1
940
151
941
-1
942
22
943
-1
944
10
945
-1
946
70
947
-1
948
96
949
-1
950
117
951
-1
952
23
953
-1
954
46
955
-1
956
141
957
-1
958
14
959
-1
960
46
961
-1
962
141
963
-1
964
46
965
-1
966
113
967
-1
968
0
969
-1
970
0
971
-1
972
159
973
-1
974
42
975
-1
976
58
977
-1
978
17
979
-1
980
136
981
-1
982
91
983
-1
984
174
985
-1
986
177
987
-1
988
21
989
-1
990
115
991
-1
992
176
993
-1
994
5
995
-1
996
80
997
-1
998
131
999
-1
1000
29
1001
-1
1002
30
1003
-1
1004
131
1005
-1
1006
93
1007
-1
1008
57
1009
-1
1010
14
1011
-1
1012
27
1013
-1
1014
24
1015
-1
1016
88
1017
-1
1018
137
1019
-1
1020
72
1021
-1
1022
148
1023
-1
1024
126
1025
-1
1026
99
1027
-1
1028
159
1029
-1
1030
163
1031
-1
1032
21
1033
-1
1034
49
1035
-1
1036
36
1037
-1
1038
69
1039
-1
1040
113
1041
-1
1042
165
1043
-1
1044
91
1045
-1
1046
131
1047
-1
1048
129
1049
-1
1050
94
1051
-1
1052
146
1053
-1
1054
95
1055
-1
1056
114
1057
-1
1058
51
1059
-1
1060
109
1061
-1
1062
162
1063
-1
1064
112
1065
-1
1066
96
1067
-1
1068
161
1069
-1
1070
101
1071
-1
1072
99
1073
-1
1074
23
1075
-1
1076
161
1077
-1
1078
22
1079
-1
1080
60
1081
-1
1082
81
1083
-1
1084
93
1085
-1
1086
152
1087
-1
1088
80
1089
-1
1090
104
1091
-1
1092
67
1093
-1
1094
41
1095
-1
1096
129
1097
-1
1098
103
1099
-1
1100
45
1101
-1
1102
121
1103
-1
1104
52
1105
-1
1106
13
1107
-1
1108
145
1109
-1
1110
87
1111
-1
1112
55
1113
-1
1114
72
1115
-1
1116
47
1117
-1
1118
34
1119
-1
1120
46
1121
-1
1122
146
1123
-1
1124
18
1125
-1
1126
0
1127
-1
1128
77
1129
-1
1130
120
1131
-1
1132
129
1133
-1
1134
153
1135
-1
1136
124
1137
-1
1138
172
1139
-1
1140
3
1141
-1
1142
116
1143
-1
1144
111
1145
-1
1146
98
1147
-1
1148
49
1149
-1
1150
125
1151
-1
1152
166
1153
-1
1154
150
1155
-1
1156
157
1157
-1
1158
3
1159
-1
1160
30
1161
-1
1162
4
1163
-1
1164
142
1165
-1
1166
103
1167
-1
1168
57
1169
-1
1170
169
1171
-1
1172
1
1173
-1
1174
140
1175
-1
1176
96
1177
-1
1178
13
1179
-1
1180
127
1181
-1
1182
70
1183
-1
1184
173
1185
-1
1186
78
1187
-1
1188
82
1189
-1
1190
159
1191
-1
1192
96
1193
-1
1194
4
1195
-1
1196
26
1197
-1
1198
139
1199
-1
1200
97
1201
-1
1202
116
1203
-1
1204
117
1205
-1
1206
150
1207
-1
1208
35
1209
-1
1210
37
1211
-1
1212
17
1213
-1
1214
44
1215
-1
1216
67
1217
-1
1218
74
1219
-1
1220
129
1221
-1
1222
37
1223
-1
1224
21
1225
-1
1226
174
1227
-1
1228
144
1229
-1
1230
47
1231
-1
1232
73
1233
-1
1234
163
1235
-1
1236
174
1237
-1
1238
178
1239
-1
1240
171
1241
-1
1242
102
1243
-1
1244
155
1245
-1
1246
119
1247
-1
1248
135
1249
-1
1250
50
1251
-1
1252
110
1253
-1
1254
138
1255
-1
1256
82
1257
-1
1258
38
1259
-1
1260
173
1261
-1
1262
88
1263
-1
1264
10
1265
-1
1266
74
1267
-1
1268
36
1269
-1
1270
21
1271
-1
1272
22
1273
-1
1274
81
1275
-1
1276
115
1277
-1
1278
14
1279
-1
1280
80
1281
-1
1282
11
1283
-1
1284
168
1285
-1
1286
89
1287
-1
1288
82
1289
-1
1290
28
1291
-1
1292
24
1293
-1
1294
111
1295
-1
1296
21
1297
-1
1298
48
1299
-1
1300
132
1301
-1
1302
103
1303
-1
1304
26
1305
-1
1306
43
1307
-1
1308
136
1309
-1
1310
11
1311
-1
1312
8
1313
-1
1314
75
1315
-1
1316
13
1317
-1
1318
165
1319
-1
1320
88
1321
-1
1322
106
1323
-1
1324
140
1325
-1
1326
100
1327
-1
1328
41
1329
-1
1330
134
1331
-1
1332
23
1333
-1
1334
143
1335
-1
1336
97
1337
-1
1338
135
1339
-1
1340
25
1341
-1
1342
72
1343
-1
1344
30
1345
-1
1346
23
1347
-1
1348
161
1349
-1
1350
43
1351
-1
1352
87
1353
-1
1354
118
1355
-1
1356
168
1357
-1
1358
143
1359
-1
1360
83
1361
-1
1362
56
1363
-1
1364
136
1365
-1
1366
108
1367
-1
1368
69
1369
-1
1370
115
1371
-1
1372
107
1373
-1
1374
141
1375
-1
1376
171
1377
-1
1378
14
1379
-1
1380
15
1381
-1
1382
139
1383
-1
1384
141
1385
-1
1386
19
1387
-1
1388
90
1389
-1
1390
13
1391
-1
1392
173
1393
-1
1394
46
1395
-1
1396
81
1397
-1
1398
26
1399
-1
1400
19
1401
-1
1402
146
1403
-1
1404
58
1405
-1
1406
163
1407
-1
1408
154
1409
-1
1410
28
1411
-1
1412
50
1413
-1
1414
27
1415
-1
1416
26
1417
-1
1418
155
1419
-1
1420
68
1421
-1
1422
120
1423
-1
1424
32
1425
-1
1426
20
1427
-1
1428
1
1429
-1
1430
56
1431
-1
1432
80
1433
-1
1434
28
1435
-1
1436
44
1437
-1
1438
179
1439
-1
1440
113
1441
-1
1442
146
1443
-1
1444
111
1445
-1
1446
45
1447
-1
1448
15
1449
-1
1450
117
1451
-1
1452
89
1453
-1
1454
151
1455
-1
1456
97
1457
-1
1458
166
1459
-1
1460
72
1461
-1
1462
54
1463
-1
1464
106
1465
-1
1466
6
1467
-1
1468
143
1469
-1
1470
36
1471
-1
1472
93
1473
-1
1474
58
1475
-1
1476
108
1477
-1
1478
10
1479
-1
1480
150
1481
-1
1482
49
1483
-1
1484
56
1485
-1
1486
125
1487
-1
1488
99
1489
-1
1490
121
1491
-1
1492
42
1493
-1
1494
77
1495
-1
1496
72
1497
-1
1498
125
1499
-1
1500
111
1501
-1
1502
138
1503
-1
1504
114
1505
-1
1506
126
1507
-1
1508
17
1509
-1
1510
111
1511
-1
1512
172
1513
-1
1514
31
1515
-1
1516
71
1517
-1
1518
159
1519
-1
1520
141
1521
-1
1522
112
1523
-1
1524
42
1525
-1
1526
94
1527
-1
1528
0
1529
-1
1530
41
1531
-1
1532
140
1533
-1
1534
75
1535
-1
1536
155
1537
-1
1538
7
1539
-1
1540
65
1541
-1
1542
47
1543
-1
1544
167
1545
-1
1546
174
1547
-1
1548
75
1549
-1
1550
176
1551
-1
1552
172
1553
-1
1554
74
1555
-1
1556
163
1557
-1
1558
64
1559
-1
1560
105
1561
-1
1562
104
1563
-1
1564
32
1565
-1
1566
132
1567
-1
1568
33
1569
-1
1570
146
1571
-1
1572
153
1573
-1
1574
140
1575
-1
1576
34
1577
-1
1578
145
1579
-1
1580
106
1581
-1
1582
144
1583
-1
1584
176
1585
-1
1586
133
1587
-1
1588
23
1589
-1
1590
129
1591
-1
1592
168
1593
-1
1594
81
1595
-1
1596
113
1597
-1
1598
108
1599
-1
1600
154
1601
-1
1602
171
1603
-1
1604
173
1605
-1
1606
118
1607
-1
1608
152
1609
-1
1610
59
1611
-1
1612
16
1613
-1
1614
156
1615
-1
1616
57
1617
-1
1618
85
1619
-1
1620
28
1621
-1
1622
48
1623
-1
1624
137
1625
-1
1626
50
1627
-1
1628
169
1629
-1
1630
174
1631
-1
1632
176
1633
-1
1634
78
1635
-1
1636
138
1637
-1
1638
54
1639
-1
1640
41
1641
-1
1642
154
1643
-1
1644
122
1645
-1
1646
58
1647
-1
1648
143
1649
-1
1650
43
1651
-1
1652
67
1653
-1
1654
130
1655
-1
1656
141
1657
-1
1658
74
1659
-1
1660
87
1661
-1
1662
50
1663
-1
1664
161
1665
-1
1666
147
1667
-1
1668
140
1669
-1
1670
25
1671
-1
1672
167
1673
-1
1674
106
1675
-1
1676
9
1677
-1
1678
157
1679
-1
1680
101
1681
-1
1682
42
1683
-1
1684
62
1685
-1
1686
52
1687
-1
1688
67
1689
-1
1690
167
1691
-1
1692
19
1693
-1
1694
175
1695
-1
1696
125
1697
-1
1698
40
1699
-1
1700
81
1701
-1
1702
50
1703
-1
1704
146
1705
-1
1706
26
1707
-1
1708
20
1709
-1
1710
53
1711
-1
1712
28
1713
-1
1714
28
1715
-1
1716
59
1717
-1
1718
0
1719
-1
1720
147
1721
-1
1722
27
1723
-1
1724
143
1725
-1
1726
138
1727
-1
1728
116
1729
-1
1730
73
1731
-1
1732
131
1733
-1
1734
81
1735
-1
1736
18
1737
-1
1738
3
1739
-1
1740
154
1741
-1
1742
17
1743
-1
1744
134
1745
-1
1746
166
1747
-1
1748
6
1749
-1
1750
44
1751
-1
1752
49
1753
-1
1754
144
1755
-1
1756
129
1757
-1
1758
20
1759
-1
1760
98
1761
-1
1762
11
1763
-1
1764
114
1765
-1
1766
65
1767
-1
1768
20
1769
-1
1770
25
1771
-1
1772
39
1773
-1
1774
3
1775
-1
1776
52
1777
-1
1778
154
1779
-1
1780
16
1781
-1
1782
88
1783
-1
1784
175
1785
-1
1786
165
1787
-1
1788
29
1789
-1
1790
76
1791
-1
1792
87
1793
-1
1794
137
1795
-1
1796
57
1797
-1
1798
32
1799
-1
1800
178
1801
-1
1802
126
1803
-1
1804
9
1805
-1
1806
12
1807
-1
1808
42
1809
-1
1810
177
1811
-1
1812
74
1813
-1
1814
119
1815
-1
1816
62
1817
-1
1818
31
1819
-1
1820
58
1821
-1
1822
80
1823
-1
1824
105
1825
-1
1826
99
1827
-1
1828
125
1829
-1
1830
62
1831
-1
1832
90
1833
-1
1834
129
1835
-1
1836
81
1837
-1
1838
63
1839
-1
1840
33
1841
-1
1842
19
1843
-1
1844
67
1845
-1
1846
46
1847
-1
1848
123
1849
-1
1850
159
1851
-1
1852
51
1853
-1
1854
58
1855
-1
1856
54
1857
-1
1858
179
1859
-1
1860
4
1861
-1
1862
89
1863
-1
1864
13
1865
-1
1866
35
1867
-1
1868
156
1869
-1
1870
40
1871
-1
1872
47
1873
-1
1874
135
1875
-1
1876
54
1877
-1
1878
83
1879
-1
1880
90
1881
-1
1882
71
1883
-1
1884
112
1885
-1
1886
164
1887
-1
1888
97
1889
-1
1890
140
1891
-1
1892
135
1893
-1
1894
128
1895
-1
1896
77
1897
-1
1898
65
1899
-1
1900
126
1901
-1
1902
92
1903
-1
1904
57
1905
-1
1906
103
1907
-1
1908
85
1909
-1
1910
106
1911
-1
1912
58
1913
-1
1914
70
1915
-1
1916
179
1917
-1
1918
111
1919
-1
1920
76
1921
-1
1922
38
1923
-1
1924
150
1925
-1
1926
34
1927
-1
1928
151
1929
-1
1930
161
1931
-1
1932
104
1933
-1
1934
23
1935
-1
1936
156
1937
-1
1938
30
1939
-1
1940
146
1941
-1
1942
100
1943
-1
1944
66
1945
-1
1946
36
1947
-1
1948
165
1949
-1
1950
90
1951
-1
1952
69
1953
-1
1954
43
1955
-1
1956
177
1957
-1
1958
73
1959
-1
1960
66
1961
-1
1962
67
1963
-1
1964
119
1965
-1
1966
156
1967
-1
1968
142
1969
-1
1970
99
1971
-1
1972
97
1973
-1
1974
91
1975
-1
1976
35
1977
-1
1978
13
1979
-1
1980
66
1981
-1
1982
113
1983
-1
1984
137
1985
-1
1986
114
1987
-1
1988
159
1989
-1
1990
172
1991
-1
1992
17
1993
-1
1994
178
1995
-1
1996
106
1997
-1
1998
49
1999
-1
2000
171
2001
-1
2002
126
2003
-1
2004
175
2005
-1
2006
151
2007
-1
2008
95
2009
-1
2010
148
2011
-1
2012
96
2013
-1
2014
59
2015
-1
2016
119
2017
-1
2018
32
2019
-1
2020
141
2021
-1
2022
163
2023
-1
2024
63
2025
-1
2026
48
2027
-1
2028
27
2029
-1
2030
58
2031
-1
2032
178
2033
-1
2034
18
2035
-1
2036
150
2037
-1
2038
32
2039
-1
2040
107
2041
-1
2042
13
2043
-1
2044
64
2045
-1
2046
162
2047
-1
2048
85
2049
-1
2050
26
2051
-1
2052
151
2053
-1
2054
27
2055
-1
2056
77
2057
-1
2058
119
2059
-1
2060
128
2061
-1
2062
26
2063
-1
2064
33
2065
-1
2066
78
2067
-1
2068
85
2069
-1
2070
93
2071
-1
2072
116
2073
-1
2074
4
2075
-1
2076
47
2077
-1
2078
43
2079
-1
2080
92
2081
-1
2082
28
2083
-1
2084
119
2085
-1
2086
17
2087
-1
2088
38
2089
-1
2090
171
2091
-1
2092
60
2093
-1
2094
36
2095
-1
2096
168
2097
-1
2098
78
2099
-1
2100
27
2101
-1
2102
40
2103
-1
2104
166
2105
-1
2106
70
2107
-1
2108
172
2109
-1
2110
108
2111
-1
2112
18
2113
-1
2114
164
2115
-1
2116
70
2117
-1
2118
158
2119
-1
2120
84
2121
-1
2122
68
2123
-1
2124
114
2125
-1
2126
155
2127
-1
2128
63
2129
-1
2130
87
2131
-1
2132
131
2133
-1
2134
29
2135
-1
2136
177
2137
-1
2138
23
2139
-1
2140
86
2141
-1
2142
17
2143
-1
2144
117
2145
-1
2146
141
2147
-1
2148
46
2149
-1
2150
81
2151
-1
2152
153
2153
-1
2154
130
2155
-1
2156
23
2157
-1
2158
103
2159
-1
2160
42
2161
-1
2162
119
2163
-1
2164
41
2165
-1
2166
82
2167
-1
2168
93
2169
-1
2170
90
2171
-1
2172
158
2173
-1
2174
148
2175
-1
2176
170
2177
-1
2178
139
2179
-1
2180
90
2181
-1
2182
61
2183
-1
2184
1
2185
-1
2186
153
2187
-1
2188
107
2189
-1
2190
31
2191
-1
2192
35
2193
-1
2194
13
2195
-1
2196
44
2197
-1
2198
38
2199
-1
2200
41
2201
-1
2202
98
2203
-1
2204
153
2205
-1
2206
154
2207
-1
2208
160
2209
-1
2210
80
2211
-1
2212
160
2213
-1
2214
109
2215
-1
2216
77
2217
-1
2218
60
2219
-1
2220
138
2221
-1
2222
87
2223
-1
2224
134
2225
-1
2226
2
2227
-1
2228
170
2229
-1
2230
173
2231
-1
2232
1
2233
-1
2234
160
2235
-1
2236
143
2237
-1
2238
75
2239
-1
2240
34
2241
-1
2242
98
2243
-1
2244
141
2245
-1
2246
133
2247
-1
2248
107
2249
-1
2250
158
2251
-1
2252
25
2253
-1
2254
99
2255
-1
2256
106
2257
-1
2258
64
2259
-1
2260
135
2261
-1
2262
129
2263
-1
2264
107
2265
-1
2266
167
2267
-1
2268
90
2269
-1
2270
107
2271
-1
2272
140
2273
-1
2274
43
2275
-1
2276
179
2277
-1
2278
76
2279
-1
2280
87
2281
-1
2282
173
2283
-1
2284
93
2285
-1
2286
41
2287
-1
2288
47
2289
-1
2290
130
2291
-1
2292
134
2293
-1
2294
62
2295
-1
2296
20
2297
-1
2298
14
2299
-1
2300
80
2301
-1
2302
21
2303
-1
2304
117
2305
-1
2306
147
2307
-1
2308
66
2309
-1
2310
50
2311
-1
2312
96
2313
-1
2314
96
2315
-1
2316
128
2317
-1
2318
144
2319
-1
2320
147
2321
-1
2322
48
2323
-1
2324
162
2325
-1
2326
145
2327
-1
2328
155
2329
-1
2330
156
2331
-1
2332
0
2333
-1
2334
132
2335
-1
2336
136
2337
-1
2338
138
2339
-1
2340
81
2341
-1
2342
132
2343
-1
2344
162
2345
-1
2346
155
2347
-1
2348
37
2349
-1
2350
131
2351
-1
2352
106
2353
-1
2354
10
2355
-1
2356
90
2357
-1
2358
165
2359
-1
2360
14
2361
-1
2362
113
2363
-1
2364
83
2365
-1
2366
163
2367
-1
2368
69
2369
-1
2370
115
2371
-1
2372
174
2373
-1
2374
168
2375
-1
2376
47
2377
-1
2378
128
2379
-1
2380
7
2381
-1
2382
104
2383
-1
2384
75
2385
-1
2386
13
2387
-1
2388
163
2389
-1
2390
57
2391
-1
2392
174
2393
-1
2394
93
2395
-1
2396
34
2397
-1
2398
127
2399
-1
2400
17
2401
-1
2402
25
2403
-1
2404
179
2405
-1
2406
133
2407
-1
2408
62
2409
-1
2410
139
2411
-1
2412
61
2413
-1
2414
28
2415
-1
2416
86
2417
-1
2418
71
2419
-1
2420
157
2421
-1
2422
112
2423
-1
2424
43
2425
-1
2426
8
2427
-1
2428
8
2429
-1
2430
118
2431
-1
2432
141
2433
-1
2434
120
2435
-1
2436
10
2437
-1
2438
20
2439
-1
2440
140
2441
-1
2442
168
2443
-1
2444
54
2445
-1
2446
135
2447
-1
2448
161
2449
-1
2450
148
2451
-1
2452
104
2453
-1
2454
74
2455
-1
2456
25
2457
-1
2458
104
2459
-1
2460
167
2461
-1
2462
139
2463
-1
2464
7
2465
-1
2466
52
2467
-1
2468
110
2469
-1
2470
155
2471
-1
2472
177
2473
-1
2474
14
2475
-1
2476
14
2477
-1
2478
127
2479
-1
2480
145
2481
-1
2482
3
2483
-1
2484
39
2485
-1
2486
8
2487
-1
2488
154
2489
-1
2490
65
2491
-1
2492
14
2493
-1
2494
75
2495
-1
2496
3
2497
-1
2498
143
2499
-1
2500
149
2501
-1
2502
46
2503
-1
2504
131
2505
-1
2506
8
2507
-1
2508
175
2509
-1
2510
28
2511
-1
2512
86
2513
-1
2514
22
2515
-1
2516
38
2517
-1
2518
105
2519
-1
2520
111
2521
-1
2522
34
2523
-1
2524
24
2525
-1
2526
4
2527
-1
2528
160
2529
-1
2530
10
2531
-1
2532
1
2533
-1
2534
179
2535
-1
2536
17
2537
-1
2538
18
2539
-1
2540
49
2541
-1
2542
161
2543
-1
2544
148
2545
-1
2546
95
2547
-1
2548
24
2549
-1
2550
66
2551
-1
2552
124
2553
-1
2554
39
2555
-1
2556
143
2557
-1
2558
147
2559
-1
2560
105
2561
-1
2562
43
2563
-1
2564
137
2565
-1
2566
105
2567
-1
2568
123
2569
-1
2570
157
2571
-1
2572
156
2573
-1
2574
116
2575
-1
2576
87
2577
-1
2578
70
2579
-1
2580
24
2581
-1
2582
99
2583
-1
2584
63
2585
-1
2586
80
2587
-1
2588
82
2589
-1
2590
52
2591
-1
2592
122
2593
-1
2594
116
2595
-1
2596
0
2597
-1
2598
149
2599
-1
2600
114
2601
-1
2602
101
2603
-1
2604
173
2605
-1
2606
175
2607
-1
2608
66
2609
-1
2610
81
2611
-1
2612
126
2613
-1
2614
55
2615
-1
2616
110
2617
-1
2618
133
2619
-1
2620
149
2621
-1
2622
112
2623
-1
2624
84
2625
-1
2626
127
2627
-1
2628
31
2629
-1
2630
12
2631
-1
2632
50
2633
-1
2634
157
2635
-1
2636
36
2637
-1
2638
67
2639
-1
2640
59
2641
-1
2642
116
2643
-1
2644
76
2645
-1
2646
99
2647
-1
2648
80
2649
-1
2650
175
2651
-1
2652
17
2653
-1
2654
110
2655
-1
2656
123
2657
-1
2658
111
2659
-1
2660
96
2661
-1
2662
141
2663
-1
2664
120
2665
-1
2666
132
2667
-1
2668
172
2669
-1
2670
125
2671
-1
2672
75
2673
-1
2674
141
2675
-1
2676
112
2677
-1
2678
21
2679
-1
2680
80
2681
-1
2682
123
2683
-1
2684
51
2685
-1
2686
179
2687
-1
2688
36
2689
-1
2690
144
2691
-1
2692
0
2693
-1
2694
54
2695
-1
2696
49
2697
-1
2698
123
2699
-1
2700
49
2701
-1
2702
43
2703
-1
2704
16
2705
-1
2706
46
2707
-1
2708
44
2709
-1
2710
21
2711
-1
2712
59
2713
-1
2714
123
2715
-1
2716
0
2717
-1
2718
30
2719
-1
2720
61
2721
-1
2722
50
2723
-1
2724
90
2725
-1
2726
10
2727
-1
2728
77
2729
-1
2730
106
2731
-1
2732
164
2733
-1
2734
24
2735
-1
2736
146
2737
-1
2738
106
2739
-1
2740
41
2741
-1
2742
105
2743
-1
2744
73
2745
-1
2746
146
2747
-1
2748
137
2749
-1
2750
79
2751
-1
2752
103
2753
-1
2754
107
2755
-1
2756
153
2757
-1
2758
127
2759
-1
2760
146
2761
-1
2762
178
2763
-1
2764
45
2765
-1
2766
20
2767
-1
2768
66
2769
-1
2770
33
2771
-1
2772
121
2773
-1
2774
6
2775
-1
2776
66
2777
-1
2778
83
2779
-1
2780
9
2781
-1
2782
89
2783
-1
2784
142
2785
-1
2786
2
2787
-1
2788
108
2789
-1
2790
39
2791
-1
2792
8
2793
-1
2794
76
2795
-1
2796
109
2797
-1
2798
10
2799
-1
2800
124
2801
-1
2802
132
2803
-1
2804
93
2805
-1
2806
144
2807
-1
2808
49
2809
-1
2810
162
2811
-1
2812
179
2813
-1
2814
22
2815
-1
2816
16
2817
-1
2818
104
2819
-1
2820
155
2821
-1
2822
129
2823
-1
2824
142
2825
-1
2826
21
2827
-1
2828
94
2829
-1
2830
41
2831
-1
2832
171
2833
-1
2834
30
2835
-1
2836
178
2837
-1
2838
99
2839
-1
2840
94
2841
-1
2842
175
2843
-1
2844
127
2845
-1
2846
25
2847
-1
2848
85
2849
-1
2850
32
2851
-1
2852
14
2853
-1
2854
63
2855
-1
2856
75
2857
-1
2858
148
2859
-1
2860
3
2861
-1
2862
147
2863
-1
2864
60
2865
-1
2866
56
2867
-1
2868
58
2869
-1
2870
3
2871
-1
2872
56
2873
-1
2874
41
2875
-1
2876
176
2877
-1
2878
21
2879
-1
2880
34
2881
-1
2882
20
2883
-1
2884
39
2885
-1
2886
10
2887
-1
2888
99
2889
-1
2890
150
2891
-1
2892
43
2893
-1
2894
149
2895
-1
2896
58
2897
-1
2898
38
2899
-1
2900
116
2901
-1
2902
123
2903
-1
2904
158
2905
-1
2906
106
2907
-1
2908
63
2909
-1
2910
6
2911
-1
2912
150
2913
-1
2914
20
2915
-1
2916
150
2917
-1
2918
127
2919
-1
2920
51
2921
-1
2922
79
2923
-1
2924
147
2925
-1
2926
24
2927
-1
2928
97
2929
-1
2930
176
2931
-1
2932
160
2933
-1
2934
92
2935
-1
2936
68
2937
-1
2938
41
2939
-1
2940
39
2941
-1
2942
0
2943
-1
2944
37
2945
-1
2946
166
2947
-1
2948
6
2949
-1
2950
88
2951
-1
2952
84
2953
-1
2954
12
2955
-1
2956
68
2957
-1
2958
1
2959
-1
2960
23
2961
-1
2962
135
2963
-1
2964
81
2965
-1
2966
84
2967
-1
2968
45
2969
-1
2970
123
2971
-1
2972
160
2973
-1
2974
78
2975
-1
2976
158
2977
-1
2978
97
2979
-1
2980
77
2981
-1
2982
34
2983
-1
2984
85
2985
-1
2986
140
2987
-1
2988
1
2989
-1
2990
94
2991
-1
2992
43
2993
-1
2994
150
2995
-1
2996
156
2997
-1
2998
138
2999
-1
3000
4
3001
-1
3002
137
3003
-1
3004
80
3005
-1
3006
96
3007
-1
3008
106
3009
-1
3010
59
3011
-1
3012
161
3013
-1
3014
97
3015
-1
3016
85
3017
-1
3018
3
3019
-1
3020
129
3021
-1
3022
57
3023
-1
3024
54
3025
-1
3026
83
3027
-1
3028
91
3029
-1
3030
81
3031
-1
3032
63
3033
-1
3034
16
3035
-1
3036
168
3037
-1
3038
125
3039
-1
3040
116
3041
-1
3042
148
3043
-1
3044
124
3045
-1
3046
5
3047
-1
3048
7
3049
-1
3050
120
3051
-1
3052
129
3053
-1
3054
11
3055
-1
3056
171
3057
-1
3058
70
3059
-1
3060
45
3061
-1
3062
24
3063
-1
3064
57
3065
-1
3066
97
3067
-1
3068
29
3069
-1
3070
74
3071
-1
3072
138
3073
-1
3074
164
3075
-1
3076
30
3077
-1
3078
29
3079
-1
3080
140
3081
-1
3082
94
3083
-1
3084
130
3085
-1
3086
33
3087
-1
3088
144
3089
-1
3090
117
3091
-1
3092
80
3093
-1
3094
140
3095
-1
3096
51
3097
-1
3098
77
3099
-1
3100
171
3101
-1
3102
99
3103
-1
3104
123
3105
-1
3106
156
3107
-1
3108
133
3109
-1
3110
125
3111
-1
3112
54
3113
-1
3114
38
3115
-1
3116
111
3117
-1
3118
86
3119
-1
3120
4
3121
-1
3122
31
3123
-1
3124
156
3125
-1
3126
64
3127
-1
3128
85
3129
-1
3130
54
3131
-1
3132
58
3133
-1
3134
31
3135
-1
3136
167
3137
-1
3138
158
3139
-1
3140
61
3141
-1
3142
139
3143
-1
3144
69
3145
-1
3146
5
3147
-1
3148
113
3149
-1
3150
136
3151
-1
3152
74
3153
-1
3154
135
3155
-1
3156
96
3157
-1
3158
121
3159
-1
3160
104
3161
-1
3162
122
3163
-1
3164
124
3165
-1
3166
59
3167
-1
3168
51
3169
-1
3170
76
3171
-1
3172
129
3173
-1
3174
76
3175
-1
3176
113
3177
-1
3178
39
3179
-1
3180
165
3181
-1
3182
117
3183
-1
3184
49
3185
-1
3186
79
3187
-1
3188
153
3189
-1
3190
1
3191
-1
3192
82
3193
-1
3194
113
3195
-1
3196
107
3197
-1
3198
52
3199
-1
3200
122
3201
-1
3202
129
3203
-1
3204
145
3205
-1
3206
122
3207
-1
3208
133
3209
-1
3210
23
3211
-1
3212
155
3213
-1
3214
171
3215
-1
3216
136
3217
-1
3218
20
3219
-1
3220
173
3221
-1
3222
55
3223
-1
3224
123
3225
-1
3226
50
3227
-1
3228
66
3229
-1
3230
7
3231
-1
3232
51
3233
-1
3234
21
3235
-1
3236
161
3237
-1
3238
127
3239
-1
3240
140
3241
-1
3242
62
3243
-1
3244
163
3245
-1
3246
14
3247
-1
3248
51
3249
-1
3250
167
3251
-1
3252
57
3253
-1
3254
107
3255
-1
3256
152
3257
-1
3258
93
3259
-1
3260
15
3261
-1
3262
175
3263
-1
3264
79
3265
-1
3266
20
3267
-1
3268
65
3269
-1
3270
107
3271
-1
3272
143
3273
-1
3274
57
3275
-1
3276
177
3277
-1
3278
11
3279
-1
3280
57
3281
-1
3282
118
3283
-1
3284
145
3285
-1
3286
79
3287
-1
3288
164
3289
-1
3290
103
3291
-1
3292
9
3293
-1
3294
89
3295
-1
3296
101
3297
-1
3298
84
3299
-1
3300
42
3301
-1
3302
168
3303
-1
3304
86
3305
-1
3306
147
3307
-1
3308
158
3309
-1
3310
116
3311
-1
3312
11
3313
-1
3314
60
3315
-1
3316
124
3317
-1
3318
80
3319
-1
3320
84
3321
-1
3322
47
3323
-1
3324
61
3325
-1
3326
137
3327
-1
3328
143
3329
-1
3330
14
3331
-1
3332
118
3333
-1
3334
65
3335
-1
3336
77
3337
-1
3338
162
3339
-1
3340
143
3341
-1
3342
14
3343
-1
3344
9
3345
-1
3346
154
3347
-1
3348
130
3349
-1
3350
119
3351
-1
3352
112
3353
-1
3354
79
3355
-1
3356
54
3357
-1
3358
115
3359
-1
3360
142
3361
-1
3362
24
3363
-1
3364
63
3365
-1
3366
173
3367
-1
3368
42
3369
-1
3370
47
3371
-1
3372
121
3373
-1
3374
122
3375
-1
3376
1
3377
-1
3378
146
3379
-1
3380
61
3381
-1
3382
138
3383
-1
3384
121
3385
-1
3386
103
3387
-1
3388
113
3389
-1
3390
0
3391
-1
3392
134
3393
-1
3394
92
3395
-1
3396
63
3397
-1
3398
131
3399
-1
3400
49
3401
-1
3402
67
3403
-1
3404
172
3405
-1
3406
30
3407
-1
3408
22
3409
-1
3410
28
3411
-1
3412
141
3413
-1
3414
77
3415
-1
3416
36
3417
-1
3418
116
3419
-1
3420
66
3421
-1
3422
159
3423
-1
3424
81
3425
-1
3426
125
3427
-1
3428
57
3429
-1
3430
72
3431
-1
3432
131
3433
-1
3434
84
3435
-1
3436
86
3437
-1
3438
11
3439
-1
3440
96
3441
-1
3442
154
3443
-1
3444
41
3445
-1
3446
64
3447
-1
3448
75
3449
-1
3450
93
3451
-1
3452
13
3453
-1
3454
108
3455
-1
3456
62
3457
-1
3458
13
3459
-1
3460
161
3461
-1
3462
7
3463
-1
3464
157
3465
-1
3466
177
3467
-1
3468
13
3469
-1
3470
141
3471
-1
3472
74
3473
-1
3474
88
3475
-1
3476
64
3477
-1
3478
141
3479
-1
3480
9
3481
-1
3482
11
3483
-1
3484
119
3485
-1
3486
125
3487
-1
3488
100
3489
-1
3490
42
3491
-1
3492
144
3493
-1
3494
129
3495
-1
3496
12
3497
-1
3498
127
3499
-1
3500
120
3501
-1
3502
46
3503
-1
3504
72
3505
-1
3506
30
3507
-1
3508
7
3509
-1
3510
34
3511
-1
3512
106
3513
-1
3514
60
3515
-1
3516
14
3517
-1
3518
55
3519
-1
3520
123
3521
-1
3522
178
3523
-1
3524
26
3525
-1
3526
118
3527
-1
3528
167
3529
-1
3530
7
3531
-1
3532
113
3533
-1
3534
167
3535
-1
3536
89
3537
-1
3538
89
3539
-1
3540
10
3541
-1
3542
102
3543
-1
3544
22
3545
-1
3546
100
3547
-1
3548
163
3549
-1
3550
148
3551
-1
3552
75
3553
-1
3554
21
3555
-1
3556
23
3557
-1
3558
148
3559
-1
3560
43
3561
-1
3562
176
3563
-1
3564
29
3565
-1
3566
137
3567
-1
3568
163
3569
-1
3570
175
3571
-1
3572
157
3573
-1
3574
126
3575
-1
3576
70
3577
-1
3578
40
3579
-1
3580
138
3581
-1
3582
63
3583
-1
3584
2
3585
-1
3586
126
3587
-1
3588
60
3589
-1
3590
47
3591
-1
3592
5
3593
-1
3594
151
3595
-1
3596
32
3597
-1
3598
75
3599
-1
3600
10
3601
-1
3602
162
3603
-1
3604
116
3605
-1
3606
164
3607
-1
3608
96
3609
-1
3610
16
3611
-1
3612
168
3613
-1
3614
132
3615
-1
3616
166
3617
-1
3618
86
3619
-1
3620
71
3621
-1
3622
132
3623
-1
3624
43
3625
-1
3626
122
3627
-1
3628
92
3629
-1
3630
101
3631
-1
3632
61
3633
-1
3634
6
3635
-1
3636
27
3637
-1
3638
51
3639
-1
3640
122
3641
-1
3642
56
3643
-1
3644
128
3645
-1
3646
68
3647
-1
3648
117
3649
-1
3650
63
3651
-1
3652
92
3653
-1
3654
89
3655
-1
3656
105
3657
-1
3658
97
3659
-1
3660
131
3661
-1
3662
75
3663
-1
3664
99
3665
-1
3666
35
3667
-1
3668
98
3669
-1
3670
146
3671
-1
3672
31
3673
-1
3674
44
3675
-1
3676
30
3677
-1
3678
111
3679
-1
3680
92
3681
-1
3682
91
3683
-1
3684
99
3685
-1
3686
53
3687
-1
3688
25
3689
-1
3690
118
3691
-1
3692
73
3693
-1
3694
22
3695
-1
3696
59
3697
-1
3698
48
3699
-1
3700
114
3701
-1
3702
176
3703
-1
3704
5
3705
-1
3706
8
3707
-1
3708
153
3709
-1
3710
87
3711
-1
3712
49
3713
-1
3714
137
3715
-1
3716
85
3717
-1
3718
126
3719
-1
3720
164
3721
-1
3722
114
3723
-1
3724
142
3725
-1
3726
87
3727
-1
3728
62
3729
-1
3730
172
3731
-1
3732
20
3733
-1
3734
43
3735
-1
3736
13
3737
-1
3738
100
3739
-1
3740
77
3741
-1
3742
57
3743
-1
3744
66
3745
-1
3746
5
3747
-1
3748
128
3749
-1
3750
149
3751
-1
3752
124
3753
-1
3754
61
3755
-1
3756
150
3757
-1
3758
102
3759
-1
3760
127
3761
-1
3762
100
3763
-1
3764
10
3765
-1
3766
2
3767
-1
3768
26
3769
-1
3770
63
3771
-1
3772
128
3773
-1
3774
123
3775
-1
3776
3
3777
-1
3778
126
3779
-1
3780
64
3781
-1
3782
156
3783
-1
3784
108
3785
-1
3786
139
3787
-1
3788
159
3789
-1
3790
97
3791
-1
3792
90
3793
-1
3794
91
3795
-1
3796
47
3797
-1
3798
101
3799
-1
3800
101
3801
-1
3802
129
3803
-1
3804
108
3805
-1
3806
70
3807
-1
3808
33
3809
-1
3810
127
3811
-1
3812
154
3813
-1
3814
77
3815
-1
3816
173
3817
-1
3818
111
3819
-1
3820
173
3821
-1
3822
81
3823
-1
3824
38
3825
-1
3826
39
3827
-1
3828
55
3829
-1
3830
76
3831
-1
3832
91
3833
-1
3834
80
3835
-1
3836
88
3837
-1
3838
101
3839
-1
3840
174
3841
-1
3842
109
3843
-1
3844
172
3845
-1
3846
132
3847
-1
3848
130
3849
-1
3850
76
3851
-1
3852
165
3853
-1
3854
35
3855
-1
3856
170
3857
-1
3858
2
3859
-1
3860
84
3861
-1
3862
177
3863
-1
3864
32
3865
-1
3866
169
3867
-1
3868
53
3869
-1
3870
30
3871
-1
3872
18
3873
-1
3874
16
3875
-1
3876
136
3877
-1
3878
126
3879
-1
3880
95
3881
-1
3882
96
3883
-1
3884
132
3885
-1
3886
19
3887
-1
3888
99
3889
-1
3890
168
3891
-1
3892
130
3893
-1
3894
14
3895
-1
3896
81
3897
-1
3898
112
3899
-1
3900
176
3901
-1
3902
42
3903
-1
3904
177
3905
-1
3906
174
3907
-1
3908
89
3909
-1
3910
30
3911
-1
3912
3
3913
-1
3914
1
3915
-1
3916
92
3917
-1
3918
33
3919
-1
3920
88
3921
-1
3922
46
3923
-1
3924
50
3925
-1
3926
177
3927
-1
3928
125
3929
-1
3930
135
3931
-1
3932
32
3933
-1
3934
115
3935
-1
3936
176
3937
-1
3938
8
3939
-1
3940
65
3941
-1
3942
119
3943
-1
3944
7
3945
-1
3946
161
3947
-1
3948
80
3949
-1
3950
88
3951
-1
3952
81
3953
-1
3954
108
3955
-1
3956
116
3957
-1
3958
120
3959
-1
3960
80
3961
-1
3962
70
3963
-1
3964
137
3965
-1
3966
154
3967
-1
3968
128
3969
-1
3970
137
3971
-1
3972
29
3973
-1
3974
28
3975
-1
3976
169
3977
-1
3978
34
3979
-1
3980
136
3981
-1
3982
148
3983
-1
3984
104
3985
-1
3986
47
3987
-1
3988
4
3989
-1
3990
34
3991
-1
3992
104
3993
-1
3994
52
3995
-1
3996
80
3997
-1
3998
17
3999
-1
4000
40
4001
-1
4002
163
4003
-1
4004
93
4005
-1
4006
3
4007
-1
4008
75
4009
-1
4010
101
4011
-1
4012
29
4013
-1
4014
162
4015
-1
4016
39
4017
-1
4018
165
4019
-1
4020
47
4021
-1
4022
7
4023
-1
4024
9
4025
-1
4026
30
4027
-1
4028
62
4029
-1
4030
105
4031
-1
4032
46
4033
-1
4034
58
4035
-1
4036
86
4037
-1
4038
174
4039
-1
4040
54
4041
-1
4042
93
4043
-1
4044
149
4045
-1
4046
23
4047
-1
4048
167
4049
-1
4050
81
4051
-1
4052
111
4053
-1
4054
115
4055
-1
4056
116
4057
-1
4058
136
4059
-1
4060
62
4061
-1
4062
66
4063
-1
4064
28
4065
-1
4066
114
4067
-1
4068
93
4069
-1
4070
164
4071
-1
4072
14
4073
-1
4074
21
4075
-1
4076
131
4077
-1
4078
21
4079
-1
4080
27
4081
-1
4082
53
4083
-1
4084
57
4085
-1
4086
125
4087
-1
4088
36
4089
-1
4090
60
4091
-1
4092
144
4093
-1
4094
119
4095
-1
4096
26
4097
-1
4098
28
4099
-1
4100
68
4101
-1
4102
113
4103
-1
4104
109
4105
-1
4106
70
4107
-1
4108
124
4109
-1
4110
73
4111
-1
4112
56
4113
-1
4114
9
4115
-1
4116
86
4117
-1
4118
14
4119
-1
4120
170
4121
-1
4122
59
4123
-1
4124
66
4125
-1
4126
113
4127
-1
4128
23
4129
-1
4130
171
4131
-1
4132
72
4133
-1
4134
115
4135
-1
4136
84
4137
-1
4138
96
4139
-1
4140
26
4141
-1
4142
78
4143
-1
4144
70
4145
-1
4146
52
4147
-1
4148
0
4149
-1
4150
161
4151
-1
4152
93
4153
-1
4154
55
4155
-1
4156
31
4157
-1
4158
129
4159
-1
4160
107
4161
-1
4162
121
4163
-1
4164
106
4165
-1
4166
146
4167
-1
4168
6
4169
-1
4170
118
4171
-1
4172
24
4173
-1
4174
138
4175
-1
4176
5
4177
-1
4178
135
4179
-1
4180
177
4181
-1
4182
176
4183
-1
4184
115
4185
-1
4186
143
4187
-1
4188
93
4189
-1
4190
13
4191
-1
4192
46
4193
-1
4194
55
4195
-1
4196
3
4197
-1
4198
86
4199
-1
4200
143
4201
-1
4202
20
4203
-1
4204
12
4205
-1
4206
110
4207
-1
4208
176
4209
-1
4210
96
4211
-1
4212
141
4213
-1
4214
97
4215
-1
4216
34
4217
-1
4218
95
4219
-1
4220
147
4221
-1
4222
60
4223
-1
4224
133
4225
-1
4226
144
4227
-1
4228
25
4229
-1
4230
92
4231
-1
4232
29
4233
-1
4234
119
4235
-1
4236
17
4237
-1
4238
46
4239
-1
4240
53
4241
-1
4242
171
4243
-1
4244
11
4245
-1
4246
88
4247
-1
4248
133
4249
-1
4250
36
4251
-1
4252
165
4253
-1
4254
102
4255
-1
4256
84
4257
-1
4258
88
4259
-1
4260
127
4261
-1
4262
55
4263
-1
4264
136
4265
-1
4266
7
4267
-1
4268
84
4269
-1
4270
72
4271
-1
4272
128
4273
-1
4274
80
4275
-1
4276
93
4277
-1
4278
170
4279
-1
4280
166
4281
-1
4282
115
4283
-1
4284
61
4285
-1
4286
132
4287
-1
4288
171
4289
-1
4290
157
4291
-1
4292
7
4293
-1
4294
30
4295
-1
4296
57
4297
-1
4298
115
4299
-1
4300
114
4301
-1
4302
42
4303
-1
4304
148
4305
-1
4306
158
4307
-1
4308
157
4309
-1
4310
169
4311
-1
4312
176
4313
-1
4314
152
4315
-1
4316
58
4317
-1
4318
80
4319
-1
4320
5
4321
-1
4322
13
4323
-1
4324
162
4325
-1
4326
122
4327
-1
4328
114
4329
-1
4330
29
4331
-1
4332
5
4333
-1
4334
80
4335
-1
4336
10
4337
-1
4338
59
4339
-1
4340
111
4341
-1
4342
22
4343
-1
4344
29
4345
-1
4346
89
4347
-1
4348
51
4349
-1
4350
65
4351
-1
4352
3
4353
-1
4354
154
4355
-1
4356
146
4357
-1
4358
160
4359
-1
4360
22
4361
-1
4362
16
4363
-1
4364
97
4365
-1
4366
18
4367
-1
4368
33
4369
-1
4370
165
4371
-1
4372
40
4373
-1
4374
178
4375
-1
4376
63
4377
-1
4378
92
4379
-1
4380
89
4381
-1
4382
30
4383
-1
4384
144
4385
-1
4386
14
4387
-1
4388
47
4389
-1
4390
23
4391
-1
4392
49
4393
-1
4394
133
4395
-1
4396
83
4397
-1
4398
76
4399
-1
4400
76
4401
-1
4402
72
4403
-1
4404
79
4405
-1
4406
130
4407
-1
4408
153
4409
-1
4410
160
4411
-1
4412
76
4413
-1
4414
123
4415
-1
4416
66
4417
-1
4418
69
4419
-1
4420
63
4421
-1
4422
149
4423
-1
4424
158
4425
-1
4426
86
4427
-1
4428
123
4429
-1
4430
98
4431
-1
4432
93
4433
-1
4434
160
4435
-1
4436
155
4437
-1
4438
145
4439
-1
4440
164
4441
-1
4442
130
4443
-1
4444
164
4445
-1
4446
129
4447
-1
4448
169
4449
-1
4450
64
4451
-1
4452
138
4453
-1
4454
92
4455
-1
4456
25
4457
-1
4458
81
4459
-1
4460
175
4461
-1
4462
70
4463
-1
4464
118
4465
-1
4466
137
4467
-1
4468
9
4469
-1
4470
76
4471
-1
4472
104
4473
-1
4474
150
4475
-1
4476
87
4477
-1
4478
170
4479
-1
4480
80
4481
-1
4482
145
4483
-1
4484
122
4485
-1
4486
103
4487
-1
4488
120
4489
-1
4490
35
4491
-1
4492
5
4493
-1
4494
115
4495
-1
4496
8
4497
-1
4498
29
4499
-1
4500
173
4501
-1
4502
24
4503
-1
4504
114
4505
-1
4506
143
4507
-1
4508
59
4509
-1
4510
103
4511
-1
4512
127
4513
-1
4514
139
4515
-1
4516
156
4517
-1
4518
173
4519
-1
4520
147
4521
-1
4522
170
4523
-1
4524
147
4525
-1
4526
52
4527
-1
4528
177
4529
-1
4530
34
4531
-1
4532
150
4533
-1
4534
77
4535
-1
4536
7
4537
-1
4538
36
4539
-1
4540
32
4541
-1
4542
37
4543
-1
4544
161
4545
-1
4546
16
4547
-1
4548
162
4549
-1
4550
125
4551
-1
4552
122
4553
-1
4554
125
4555
-1
4556
17
4557
-1
4558
29
4559
-1
4560
166
4561
-1
4562
122
4563
-1
4564
54
4565
-1
4566
0
4567
-1
4568
5
4569
-1
4570
11
4571
-1
4572
70
4573
-1
4574
140
4575
-1
4576
17
4577
-1
4578
40
4579
-1
4580
166
4581
-1
4582
85
4583
-1
4584
73
4585
-1
4586
79
4587
-1
4588
57
4589
-1
4590
58
4591
-1
4592
120
4593
-1
4594
55
4595
-1
4596
94
4597
-1
4598
41
4599
-1
4600
99
4601
-1
4602
91
4603
-1
4604
161
4605
-1
4606
61
4607
-1
4608
54
4609
-1
4610
4
4611
-1
4612
45
4613
-1
4614
66
4615
-1
4616
106
4617
-1
4618
77
4619
-1
4620
33
4621
-1
4622
71
4623
-1
4624
108
4625
-1
4626
130
4627
-1
4628
127
4629
-1
4630
13
4631
-1
4632
59
4633
-1
4634
30
4635
-1
4636
85
4637
-1
4638
29
4639
-1
4640
113
4641
-1
4642
56
4643
-1
4644
15
4645
-1
4646
82
4647
-1
4648
15
4649
-1
4650
177
4651
-1
4652
99
4653
-1
4654
72
4655
-1
4656
3
4657
-1
4658
37
4659
-1
4660
131
4661
-1
4662
147
4663
-1
4664
110
4665
-1
4666
48
4667
-1
4668
148
4669
-1
4670
175
4671
-1
4672
72
4673
-1
4674
27
4675
-1
4676
47
4677
-1
4678
85
4679
-1
4680
152
4681
-1
4682
109
4683
-1
4684
78
4685
-1
4686
121
4687
-1
4688
169
4689
-1
4690
150
4691
-1
4692
75
4693
-1
4694
121
4695
-1
4696
4
4697
-1
4698
128
4699
-1
4700
20
4701
-1
4702
16
4703
-1
4704
88
4705
-1
4706
162
4707
-1
4708
26
4709
-1
4710
11
4711
-1
4712
114
4713
-1
4714
169
4715
-1
4716
128
4717
-1
4718
16
4719
-1
4720
102
4721
-1
4722
34
4723
-1
4724
105
4725
-1
4726
155
4727
-1
4728
62
4729
-1
4730
96
4731
-1
4732
104
4733
-1
4734
161
4735
-1
4736
37
4737
-1
4738
149
4739
-1
4740
32
4741
-1
4742
73
4743
-1
4744
106
4745
-1
4746
59
4747
-1
4748
32
4749
-1
4750
87
4751
-1
4752
63
4753
-1
4754
4
4755
-1
4756
151
4757
-1
4758
120
4759
-1
4760
86
4761
-1
4762
81
4763
-1
4764
127
4765
-1
4766
160
4767
-1
4768
82
4769
-1
4770
43
4771
-1
4772
61
4773
-1
4774
111
4775
-1
4776
85
4777
-1
4778
179
4779
-1
4780
13
4781
-1
4782
81
4783
-1
4784
81
4785
-1
4786
124
4787
-1
4788
20
4789
-1
4790
129
4791
-1
4792
63
4793
-1
4794
29
4795
-1
4796
163
4797
-1
4798
150
4799
-1
4800
159
4801
-1
4802
31
4803
-1
4804
45
4805
-1
4806
106
4807
-1
4808
30
4809
-1
4810
23
4811
-1
4812
16
4813
-1
4814
1
4815
-1
4816
58
4817
-1
4818
125
4819
-1
4820
170
4821
-1
4822
3
4823
-1
4824
151
4825
-1
4826
67
4827
-1
4828
154
4829
-1
4830
98
4831
-1
4832
117
4833
-1
4834
167
4835
-1
4836
82
4837
-1
4838
2
4839
-1
4840
103
4841
-1
4842
31
4843
-1
4844
166
4845
-1
4846
172
4847
-1
4848
5
4849
-1
4850
159
4851
-1
4852
91
4853
-1
4854
39
4855
-1
4856
148
4857
-1
4858
64
4859
-1
4860
29
4861
-1
4862
101
4863
-1
4864
3
4865
-1
4866
177
4867
-1
4868
156
4869
-1
4870
103
4871
-1
4872
104
4873
-1
4874
105
4875
-1
4876
108
4877
-1
4878
49
4879
-1
4880
170
4881
-1
4882
48
4883
-1
4884
1
4885
-1
4886
10
4887
-1
4888
102
4889
-1
4890
79
4891
-1
4892
74
4893
-1
4894
116
4895
-1
4896
140
4897
-1
4898
89
4899
-1
4900
91
4901
-1
4902
176
4903
-1
4904
77
4905
-1
4906
85
4907
-1
4908
34
4909
-1
4910
71
4911
-1
4912
11
4913
-1
4914
72
4915
-1
4916
120
4917
-1
4918
42
4919
-1
4920
175
4921
-1
4922
41
4923
-1
4924
171
4925
-1
4926
80
4927
-1
4928
109
4929
-1
4930
116
4931
-1
4932
63
4933
-1
4934
80
4935
-1
4936
107
4937
-1
4938
46
4939
-1
4940
77
4941
-1
4942
115
4943
-1
4944
7
4945
-1
4946
77
4947
-1
4948
78
4949
-1
4950
127
4951
-1
4952
154
4953
-1
4954
123
4955
-1
4956
101
4957
-1
4958
79
4959
-1
4960
12
4961
-1
4962
163
4963
-1
4964
7
4965
-1
4966
114
4967
-1
4968
167
4969
-1
4970
44
4971
-1
4972
87
4973
-1
4974
160
4975
-1
4976
120
4977
-1
4978
26
4979
-1
4980
31
4981
-1
4982
25
4983
-1
4984
11
4985
-1
4986
170
4987
-1
4988
62
4989
-1
4990
135
4991
-1
4992
135
4993
-1
4994
141
4995
-1
4996
9
4997
-1
4998
171
4999
-1
5000
44
5001
-1
5002
150
5003
-1
5004
91
5005
-1
5006
148
5007
-1
5008
166
5009
-1
5010
168
5011
-1
5012
85
5013
-1
5014
44
5015
-1
5016
75
5017
-1
5018
93
5019
-1
5020
25
5021
-1
5022
102
5023
-1
5024
76
5025
-1
5026
92
5027
-1
5028
157
5029
-1
5030
158
5031
-1
5032
160
5033
-1
5034
169
5035
-1
5036
136
5037
-1
5038
73
5039
-1
5040
174
5041
-1
5042
63
5043
-1
5044
85
5045
-1
5046
42
5047
-1
5048
179
5049
-1
5050
40
5051
-1
5052
17
5053
-1
5054
113
5055
-1
5056
95
5057
-1
5058
2
5059
-1
5060
87
5061
-1
5062
134
5063
-1
5064
31
5065
-1
5066
142
5067
-1
5068
66
5069
-1
5070
9
5071
-1
5072
147
5073
-1
5074
122
5075
-1
5076
151
5077
-1
5078
74
5079
-1
5080
132
5081
-1
5082
114
5083
-1
5084
23
5085
-1
5086
165
5087
-1
5088
47
5089
-1
5090
18
5091
-1
5092
122
5093
-1
5094
112
5095
-1
5096
97
5097
-1
5098
28
5099
-1
5100
59
5101
-1
5102
152
5103
-1
5104
127
5105
-1
5106
174
5107
-1
5108
42
5109
-1
5110
163
5111
-1
5112
32
5113
-1
5114
22
5115
-1
5116
119
5117
-1
5118
128
5119
-1
5120
7
5121
-1
5122
151
5123
-1
5124
37
5125
-1
5126
124
5127
-1
5128
57
5129
-1
5130
51
5131
-1
5132
87
5133
-1
5134
87
5135
-1
5136
112
5137
-1
5138
35
5139
-1
5140
22
5141
-1
5142
147
5143
-1
5144
20
5145
-1
5146
75
5147
-1
5148
36
5149
-1
5150
95
5151
-1
5152
42
5153
-1
5154
141
5155
-1
5156
169
5157
-1
5158
93
5159
-1
5160
21
5161
-1
5162
39
5163
-1
5164
142
5165
-1
5166
155
5167
-1
5168
83
5169
-1
5170
68
5171
-1
5172
53
5173
-1
5174
153
5175
-1
5176
135
5177
-1
5178
21
5179
-1
5180
114
5181
-1
5182
35
5183
-1
5184
77
5185
-1
5186
14
5187
-1
5188
14
5189
-1
5190
65
5191
-1
5192
156
5193
-1
5194
92
5195
-1
5196
92
5197
-1
5198
8
5199
-1
5200
16
5201
-1
5202
40
5203
-1
5204
7
5205
-1
5206
47
5207
-1
5208
64
5209
-1
5210
121
5211
-1
5212
75
5213
-1
5214
45
5215
-1
5216
119
5217
-1
5218
74
5219
-1
5220
167
5221
-1
5222
31
5223
-1
5224
19
5225
-1
5226
82
5227
-1
5228
174
5229
-1
5230
111
5231
-1
5232
64
5233
-1
5234
25
5235
-1
5236
103
5237
-1
5238
144
5239
-1
5240
0
5241
-1
5242
62
5243
-1
5244
111
5245
-1
5246
19
5247
-1
5248
109
5249
-1
5250
34
5251
-1
5252
179
5253
-1
5254
115
5255
-1
5256
51
5257
-1
5258
37
5259
-1
5260
93
5261
-1
5262
44
5263
-1
5264
63
5265
-1
5266
145
5267
-1
5268
93
5269
-1
5270
79
5271
-1
5272
137
5273
-1
5274
92
5275
-1
5276
41
5277
-1
5278
78
5279
-1
5280
128
5281
-1
5282
157
5283
-1
5284
57
5285
-1
5286
163
5287
-1
5288
142
5289
-1
5290
9
5291
-1
5292
118
5293
-1
5294
70
5295
-1
5296
94
5297
-1
5298
93
5299
-1
5300
12
5301
-1
5302
126
5303
-1
5304
124
5305
-1
5306
153
5307
-1
5308
87
5309
-1
5310
33
5311
-1
5312
161
5313
-1
5314
125
5315
-1
5316
100
5317
-1
5318
147
5319
-1
5320
122
5321
-1
5322
155
5323
-1
5324
59
5325
-1
5326
33
5327
-1
5328
118
5329
-1
5330
110
5331
-1
5332
17
5333
-1
5334
135
5335
-1
5336
20
5337
-1
5338
32
5339
-1
5340
99
5341
-1
5342
44
5343
-1
5344
69
5345
-1
5346
71
5347
-1
5348
83
5349
-1
5350
75
5351
-1
5352
121
5353
-1
5354
157
5355
-1
5356
63
5357
-1
5358
130
5359
-1
5360
156
5361
-1
5362
51
5363
-1
5364
148
5365
-1
5366
58
5367
-1
5368
0
5369
-1
5370
134
5371
-1
5372
17
5373
-1
5374
57
5375
-1
5376
90
5377
-1
5378
62
5379
-1
5380
17
5381
-1
5382
14
5383
-1
5384
25
5385
-1
5386
156
5387
-1
5388
47
5389
-1
5390
155
5391
-1
5392
179
5393
-1
5394
149
5395
-1
5396
137
5397
-1
5398
114
5399
-1
5400
158
5401
-1
5402
43
5403
-1
5404
178
5405
-1
5406
58
5407
-1
5408
65
5409
-1
5410
179
5411
-1
5412
99
5413
-1
5414
50
5415
-1
5416
172
5417
-1
5418
138
5419
-1
5420
142
5421
-1
5422
177
5423
-1
5424
58
5425
-1
5426
130
5427
-1
5428
108
5429
-1
5430
147
5431
-1
5432
104
5433
-1
5434
0
5435
-1
5436
127
5437
-1
5438
123
5439
-1
5440
120
5441
-1
5442
98
5443
-1
5444
129
5445
-1
5446
166
5447
-1
5448
109
5449
-1
5450
108
5451
-1
5452
66
5453
-1
5454
160
5455
-1
5456
22
5457
-1
5458
92
5459
-1
5460
172
5461
-1
5462
97
5463
-1
5464
99
5465
-1
5466
92
5467
-1
5468
129
5469
-1
5470
76
5471
-1
5472
133
5473
-1
5474
21
5475
-1
5476
171
5477
-1
5478
46
5479
-1
5480
56
5481
-1
5482
167
5483
-1
5484
20
5485
-1
5486
2
5487
-1
5488
74
5489
-1
5490
115
5491
-1
5492
25
5493
-1
5494
116
5495
-1
5496
96
5497
-1
5498
11
5499
-1
5500
141
5501
-1
5502
87
5503
-1
5504
116
5505
-1
5506
45
5507
-1
5508
59
5509
-1
5510
4
5511
-1
5512
51
5513
-1
5514
132
5515
-1
5516
127
5517
-1
5518
53
5519
-1
5520
74
5521
-1
5522
160
5523
-1
5524
176
5525
-1
5526
12
5527
-1
5528
140
5529
-1
5530
172
5531
-1
5532
83
5533
-1
5534
29
5535
-1
5536
130
5537
-1
5538
53
5539
-1
5540
2
5541
-1
5542
111
5543
-1
5544
70
5545
-1
5546
133
5547
-1
5548
129
5549
-1
5550
32
5551
-1
5552
109
5553
-1
5554
130
5555
-1
5556
47
5557
-1
5558
125
5559
-1
5560
41
5561
-1
5562
18
5563
-1
5564
96
5565
-1
5566
15
5567
-1
5568
133
5569
-1
5570
156
5571
-1
5572
125
5573
-1
5574
60
5575
-1
5576
19
5577
-1
5578
155
5579
-1
5580
143
5581
-1
5582
42
5583
-1
5584
125
5585
-1
5586
93
5587
-1
5588
87
5589
-1
5590
137
5591
-1
5592
155
5593
-1
5594
168
5595
-1
5596
127
5597
-1
5598
80
5599
-1
5600
89
5601
-1
5602
53
5603
-1
5604
52
5605
-1
5606
163
5607
-1
5608
127
5609
-1
5610
96
5611
-1
5612
25
5613
-1
5614
115
5615
-1
5616
6
5617
-1
5618
83
5619
-1
5620
61
5621
-1
5622
170
5623
-1
5624
165
5625
-1
5626
67
5627
-1
5628
127
5629
-1
5630
143
5631
-1
5632
112
5633
-1
5634
70
5635
-1
5636
169
5637
-1
5638
145
5639
-1
5640
144
5641
-1
5642
83
5643
-1
5644
88
5645
-1
5646
13
5647
-1
5648
164
5649
-1
5650
153
5651
-1
5652
124
5653
-1
5654
173
5655
-1
5656
170
5657
-1
5658
69
5659
-1
5660
162
5661
-1
5662
26
5663
-1
5664
20
5665
-1
5666
6
5667
-1
5668
162
5669
-1
5670
122
5671
-1
5672
93
5673
-1
5674
173
5675
-1
5676
58
5677
-1
5678
31
5679
-1
5680
24
5681
-1
5682
177
5683
-1
5684
15
5685
-1
5686
34
5687
-1
5688
169
5689
-1
5690
148
5691
-1
5692
102
5693
-1
5694
53
5695
-1
5696
176
5697
-1
5698
162
5699
-1
5700
172
5701
-1
5702
154
5703
-1
5704
85
5705
-1
5706
29
5707
-1
5708
99
5709
-1
5710
43
5711
-1
5712
174
5713
-1
5714
97
5715
-1
5716
172
5717
-1
5718
29
5719
-1
5720
120
5721
-1
5722
93
5723
-1
5724
157
5725
-1
5726
151
5727
-1
5728
71
5729
-1
5730
4
5731
-1
5732
18
5733
-1
5734
112
5735
-1
5736
161
5737
-1
5738
135
5739
-1
5740
132
5741
-1
5742
30
5743
-1
5744
70
5745
-1
5746
57
5747
-1
5748
130
5749
-1
5750
67
5751
-1
5752
133
5753
-1
5754
85
5755
-1
5756
88
5757
-1
5758
115
5759
-1
5760
172
5761
-1
5762
148
5763
-1
5764
176
5765
-1
5766
30
5767
-1
5768
143
5769
-1
5770
66
5771
-1
5772
132
5773
-1
5774
64
5775
-1
5776
168
5777
-1
5778
90
5779
-1
5780
57
5781
-1
5782
91
5783
-1
5784
16
5785
-1
5786
75
5787
-1
5788
47
5789
-1
5790
138
5791
-1
5792
127
5793
-1
5794
160
5795
-1
5796
19
5797
-1
5798
132
5799
-1
5800
99
5801
-1
5802
37
5803
-1
5804
32
5805
-1
5806
11
5807
-1
5808
8
5809
-1
5810
148
5811
-1
5812
21
5813
-1
5814
69
5815
-1
5816
111
5817
-1
5818
51
5819
-1
5820
177
5821
-1
5822
133
5823
-1
5824
81
5825
-1
5826
67
5827
-1
5828
45
5829
-1
5830
104
5831
-1
5832
16
5833
-1
5834
71
5835
-1
5836
150
5837
-1
5838
153
5839
-1
5840
69
5841
-1
5842
104
5843
-1
5844
161
5845
-1
5846
98
5847
-1
5848
60
5849
-1
5850
146
5851
-1
5852
166
5853
-1
5854
26
5855
-1
5856
25
5857
-1
5858
155
5859
-1
5860
150
5861
-1
5862
46
5863
-1
5864
74
5865
-1
5866
23
5867
-1
5868
97
5869
-1
5870
98
5871
-1
5872
82
5873
-1
5874
19
5875
-1
5876
117
5877
-1
5878
73
5879
-1
5880
99
5881
-1
5882
123
5883
-1
5884
49
5885
-1
5886
141
5887
-1
5888
16
5889
-1
5890
167
5891
-1
5892
160
5893
-1
5894
62
5895
-1
5896
18
5897
-1
5898
10
5899
-1
5900
143
5901
-1
5902
127
5903
-1
5904
64
5905
-1
5906
134
5907
-1
5908
174
5909
-1
5910
11
5911
-1
5912
26
5913
-1
5914
55
5915
-1
5916
144
5917
-1
5918
91
5919
-1
5920
43
5921
-1
5922
3
5923
-1
5924
139
5925
-1
5926
29
5927
-1
5928
76
5929
-1
5930
122
5931
-1
5932
8
5933
-1
5934
138
5935
-1
5936
135
5937
-1
5938
83
5939
-1
5940
137
5941
-1
5942
94
5943
-1
5944
106
5945
-1
5946
23
5947
-1
5948
75
5949
-1
5950
35
5951
-1
5952
110
5953
-1
5954
103
5955
-1
5956
103
5957
-1
5958
127
5959
-1
5960
89
5961
-1
5962
170
5963
-1
5964
152
5965
-1
5966
105
5967
-1
5968
102
5969
-1
5970
118
5971
-1
5972
41
5973
-1
5974
154
5975
-1
5976
65
5977
-1
5978
155
5979
-1
5980
124
5981
-1
5982
5
5983
-1
5984
116
5985
-1
5986
92
5987
-1
5988
19
5989
-1
5990
52
5991
-1
5992
133
5993
-1
5994
131
5995
-1
5996
75
5997
-1
5998
120
5999
-1
6000
50
6001
-1
6002
18
6003
-1
6004
93
6005
-1
6006
20
6007
-1
6008
99
6009
-1
6010
97
6011
-1
6012
142
6013
-1
6014
127
6015
-1
6016
0
6017
-1
6018
47
6019
-1
6020
2
6021
-1
6022
113
6023
-1
6024
93
6025
-1
6026
101
6027
-1
6028
146
6029
-1
6030
23
6031
-1
6032
135
6033
-1
6034
161
6035
-1
6036
58
6037
-1
6038
103
6039
-1
6040
56
6041
-1
6042
9
6043
-1
6044
168
6045
-1
6046
38
6047
-1
6048
28
6049
-1
6050
23
6051
-1
6052
179
6053
-1
6054
91
6055
-1
6056
120
6057
-1
6058
169
6059
-1
6060
10
6061
-1
6062
143
6063
-1
6064
27
6065
-1
6066
63
6067
-1
6068
43
6069
-1
6070
121
6071
-1
6072
140
6073
-1
6074
63
6075
-1
6076
41
6077
-1
6078
29
6079
-1
6080
60
6081
-1
6082
134
6083
-1
6084
35
6085
-1
6086
107
6087
-1
6088
91
6089
-1
6090
99
6091
-1
6092
159
6093
-1
6094
85
6095
-1
6096
160
6097
-1
6098
60
6099
-1
6100
66
6101
-1
6102
75
6103
-1
6104
36
6105
-1
6106
38
6107
-1
6108
67
6109
-1
6110
97
6111
-1
6112
149
6113
-1
6114
52
6115
-1
6116
86
6117
-1
6118
64
6119
-1
6120
68
6121
-1
6122
67
6123
-1
6124
62
6125
-1
6126
118
6127
-1
6128
116
6129
-1
6130
60
6131
-1
6132
8
6133
-1
6134
77
6135
-1
6136
77
6137
-1
6138
16
6139
-1
6140
39
6141
-1
6142
54
6143
-1
6144
97
6145
-1
6146
11
6147
-1
6148
50
6149
-1
6150
123
6151
-1
6152
96
6153
-1
6154
166
6155
-1
6156
37
6157
-1
6158
89
6159
-1
6160
115
6161
-1
6162
29
6163
-1
6164
164
6165
-1
6166
98
6167
-1
6168
70
6169
-1
6170
21
6171
-1
6172
168
6173
-1
6174
170
6175
-1
6176
171
6177
-1
6178
33
6179
-1
6180
58
6181
-1
6182
86
6183
-1
6184
28
6185
-1
6186
28
6187
-1
6188
25
6189
-1
6190
58
6191
-1
6192
160
6193
-1
6194
5
6195
-1
6196
41
6197
-1
6198
115
6199
-1
6200
41
6201
-1
6202
76
6203
-1
6204
88
6205
-1
6206
71
6207
-1
6208
81
6209
-1
6210
47
6211
-1
6212
18
6213
-1
6214
32
6215
-1
6216
72
6217
-1
6218
87
6219
-1
6220
153
6221
-1
6222
33
6223
-1
6224
109
6225
-1
6226
132
6227
-1
6228
32
6229
-1
6230
149
6231
-1
6232
17
6233
-1
6234
99
6235
-1
6236
129
6237
-1
6238
100
6239
-1
6240
130
6241
-1
6242
122
6243
-1
6244
156
6245
-1
6246
16
6247
-1
6248
84
6249
-1
6250
71
6251
-1
6252
149
6253
-1
6254
10
6255
-1
6256
9
6257
-1
6258
140
6259
-1
6260
112
6261
-1
6262
112
6263
-1
6264
100
6265
-1
6266
7
6267
-1
6268
51
6269
-1
6270
95
6271
-1
6272
168
6273
-1
6274
68
6275
-1
6276
66
6277
-1
6278
134
6279
-1
6280
173
6281
-1
6282
117
6283
-1
6284
40
6285
-1
6286
138
6287
-1
6288
21
6289
-1
6290
36
6291
-1
6292
151
6293
-1
6294
84
6295
-1
6296
152
6297
-1
6298
142
6299
-1
6300
87
6301
-1
6302
115
6303
-1
6304
61
6305
-1
6306
142
6307
-1
6308
85
6309
-1
6310
170
6311
-1
6312
116
6313
-1
6314
37
6315
-1
6316
19
6317
-1
6318
49
6319
-1
6320
167
6321
-1
6322
52
6323
-1
6324
17
6325
-1
6326
130
6327
-1
6328
13
6329
-1
6330
103
6331
-1
6332
23
6333
-1
6334
164
6335
-1
6336
66
6337
-1
6338
28
6339
-1
6340
151
6341
-1
6342
34
6343
-1
6344
91
6345
-1
6346
64
6347
-1
6348
99
6349
-1
6350
177
6351
-1
6352
155
6353
-1
6354
64
6355
-1
6356
149
6357
-1
6358
43
6359
-1
6360
135
6361
-1
6362
66
6363
-1
6364
99
6365
-1
6366
0
6367
-1
6368
35
6369
-1
6370
21
6371
-1
6372
16
6373
-1
6374
9
6375
-1
6376
51
6377
-1
6378
55
6379
-1
6380
54
6381
-1
6382
62
6383
-1
6384
31
6385
-1
6386
144
6387
-1
6388
64
6389
-1
6390
55
6391
-1
6392
6
6393
-1
6394
5
6395
-1
6396
35
6397
-1
6398
54
6399
-1
6400
174
6401
-1
6402
122
6403
-1
6404
104
6405
-1
6406
134
6407
-1
6408
159
6409
-1
6410
38
6411
-1
6412
170
6413
-1
6414
26
6415
-1
6416
16
6417
-1
6418
122
6419
-1
6420
131
6421
-1
6422
98
6423
-1
6424
92
6425
-1
6426
179
6427
-1
6428
163
6429
-1
6430
143
6431
-1
6432
118
6433
-1
6434
147
6435
-1
6436
133
6437
-1
6438
86
6439
-1
6440
64
6441
-1
6442
124
6443
-1
6444
160
6445
-1
6446
2
6447
-1
6448
130
6449
-1
6450
35
6451
-1
6452
28
6453
-1
6454
1
6455
-1
6456
37
6457
-1
6458
156
6459
-1
6460
23
6461
-1
6462
27
6463
-1
6464
145
6465
-1
6466
12
6467
-1
6468
124
6469
-1
6470
38
6471
-1
6472
27
6473
-1
6474
171
6475
-1
6476
17
6477
-1
6478
118
6479
-1
6480
80
6481
-1
6482
118
6483
-1
6484
138
6485
-1
6486
71
6487
-1
6488
26
6489
-1
6490
131
6491
-1
6492
112
6493
-1
6494
177
6495
-1
6496
66
6497
-1
6498
177
6499
-1
6500
134
6501
-1
6502
26
6503
-1
6504
25
6505
-1
6506
157
6507
-1
6508
142
6509
-1
6510
141
6511
-1
6512
32
6513
-1
6514
163
6515
-1
6516
122
6517
-1
6518
73
6519
-1
6520
95
6521
-1
6522
132
6523
-1
6524
13
6525
-1
6526
170
6527
-1
6528
55
6529
-1
6530
40
6531
-1
6532
101
6533
-1
6534
133
6535
-1
6536
58
6537
-1
6538
44
6539
-1
6540
166
6541
-1
6542
10
6543
-1
6544
77
6545
-1
6546
133
6547
-1
6548
51
6549
-1
6550
153
6551
-1
6552
175
6553
-1
6554
93
6555
-1
6556
62
6557
-1
6558
148
6559
-1
6560
132
6561
-1
6562
69
6563
-1
6564
141
6565
-1
6566
27
6567
-1
6568
165
6569
-1
6570
21
6571
-1
6572
72
6573
-1
6574
157
6575
-1
6576
113
6577
-1
6578
71
6579
-1
6580
155
6581
-1
6582
7
6583
-1
6584
80
6585
-1
6586
124
6587
-1
6588
51
6589
-1
6590
34
6591
-1
6592
98
6593
-1
6594
118
6595
-1
6596
98
6597
-1
6598
130
6599
-1
6600
162
6601
-1
6602
58
6603
-1
6604
67
6605
-1
6606
163
6607
-1
6608
13
6609
-1
6610
46
6611
-1
6612
118
6613
-1
6614
148
6615
-1
6616
6
6617
-1
6618
65
6619
-1
6620
18
6621
-1
6622
108
6623
-1
6624
39
6625
-1
6626
173
6627
-1
6628
13
6629
-1
6630
30
6631
-1
6632
14
6633
-1
6634
49
6635
-1
6636
68
6637
-1
6638
51
6639
-1
6640
161
6641
-1
6642
39
6643
-1
6644
148
6645
-1
6646
21
6647
-1
6648
70
6649
-1
6650
114
6651
-1
6652
98
6653
-1
6654
148
6655
-1
6656
39
6657
-1
6658
83
6659
-1
6660
123
6661
-1
6662
83
6663
-1
6664
65
6665
-1
6666
42
6667
-1
6668
44
6669
-1
6670
96
6671
-1
6672
47
6673
-1
6674
142
6675
-1
6676
158
6677
-1
6678
85
6679
-1
6680
68
6681
-1
6682
149
6683
-1
6684
29
6685
-1
6686
40
6687
-1
6688
129
6689
-1
6690
171
6691
-1
6692
99
6693
-1
6694
174
6695
-1
6696
171
6697
-1
6698
140
6699
-1
6700
100
6701
-1
6702
143
6703
-1
6704
24
6705
-1
6706
98
6707
-1
6708
168
6709
-1
6710
7
6711
-1
6712
58
6713
-1
6714
63
6715
-1
6716
91
6717
-1
6718
154
6719
-1
6720
4
6721
-1
6722
104
6723
-1
6724
125
6725
-1
6726
54
6727
-1
6728
7
6729
-1
6730
145
6731
-1
6732
115
6733
-1
6734
29
6735
-1
6736
140
6737
-1
6738
166
6739
-1
6740
155
6741
-1
6742
101
6743
-1
6744
133
6745
-1
6746
156
6747
-1
6748
132
6749
-1
6750
37
6751
-1
6752
43
6753
-1
6754
110
6755
-1
6756
96
6757
-1
6758
177
6759
-1
6760
15
6761
-1
6762
118
6763
-1
6764
85
6765
-1
6766
17
6767
-1
6768
75
6769
-1
6770
78
6771
-1
6772
121
6773
-1
6774
174
6775
-1
6776
92
6777
-1
6778
28
6779
-1
6780
172
6781
-1
6782
13
6783
-1
6784
134
6785
-1
6786
98
6787
-1
6788
4
6789
-1
6790
44
6791
-1
6792
96
6793
-1
6794
172
6795
-1
6796
54
6797
-1
6798
36
6799
-1
6800
164
6801
-1
6802
131
6803
-1
6804
162
6805
-1
6806
132
6807
-1
6808
94
6809
-1
6810
143
6811
-1
6812
114
6813
-1
6814
133
6815
-1
6816
178
6817
-1
6818
71
6819
-1
6820
41
6821
-1
6822
38
6823
-1
6824
50
6825
-1
6826
163
6827
-1
6828
1
6829
-1
6830
29
6831
-1
6832
68
6833
-1
6834
88
6835
-1
6836
116
6837
-1
6838
43
6839
-1
6840
131
6841
-1
6842
32
6843
-1
6844
147
6845
-1
6846
81
6847
-1
6848
68
6849
-1
6850
171
6851
-1
6852
173
6853
-1
6854
62
6855
-1
6856
72
6857
-1
6858
16
6859
-1
6860
15
6861
-1
6862
152
6863
-1
6864
17
6865
-1
6866
55
6867
-1
6868
164
6869
-1
6870
88
6871
-1
6872
150
6873
-1
6874
151
6875
-1
6876
12
6877
-1
6878
68
6879
-1
6880
104
6881
-1
6882
34
6883
-1
6884
9
6885
-1
6886
112
6887
-1
6888
163
6889
-1
6890
9
6891
-1
6892
88
6893
-1
6894
111
6895
-1
6896
118
6897
-1
6898
138
6899
-1
6900
96
6901
-1
6902
122
6903
-1
6904
94
6905
-1
6906
52
6907
-1
6908
19
6909
-1
6910
16
6911
-1
6912
81
6913
-1
6914
147
6915
-1
6916
154
6917
-1
6918
102
6919
-1
6920
5
6921
-1
6922
88
6923
-1
6924
65
6925
-1
6926
83
6927
-1
6928
177
6929
-1
6930
90
6931
-1
6932
11
6933
-1
6934
152
6935
-1
6936
108
6937
-1
6938
159
6939
-1
6940
42
6941
-1
6942
15
6943
-1
6944
127
6945
-1
6946
0
6947
-1
6948
61
6949
-1
6950
102
6951
-1
6952
38
6953
-1
6954
174
6955
-1
6956
54
6957
-1
6958
75
6959
-1
6960
125
6961
-1
6962
159
6963
-1
6964
99
6965
-1
6966
91
6967
-1
6968
155
6969
-1
6970
85
6971
-1
6972
88
6973
-1
6974
74
6975
-1
6976
56
6977
-1
6978
13
6979
-1
6980
17
6981
-1
6982
25
6983
-1
6984
167
6985
-1
6986
19
6987
-1
6988
35
6989
-1
6990
0
6991
-1
6992
48
6993
-1
6994
176
6995
-1
6996
46
6997
-1
6998
65
6999
-1
7000
84
7001
-1
7002
169
7003
-1
7004
95
7005
-1
7006
84
7007
-1
7008
88
7009
-1
7010
91
7011
-1
7012
73
7013
-1
7014
147
7015
-1
7016
167
7017
-1
7018
31
7019
-1
7020
102
7021
-1
7022
62
7023
-1
7024
126
7025
-1
7026
74
7027
-1
7028
66
7029
-1
7030
150
7031
-1
7032
10
7033
-1
7034
65
7035
-1
7036
37
7037
-1
7038
154
7039
-1
7040
76
7041
-1
7042
11
7043
-1
7044
123
7045
-1
7046
142
7047
-1
7048
77
7049
-1
7050
115
7051
-1
7052
104
7053
-1
7054
101
7055
-1
7056
125
7057
-1
7058
92
7059
-1
7060
86
7061
-1
7062
167
7063
-1
7064
134
7065
-1
7066
177
7067
-1
7068
43
7069
-1
7070
123
7071
-1
7072
136
7073
-1
7074
30
7075
-1
7076
166
7077
-1
7078
60
7079
-1
7080
113
7081
-1
7082
38
7083
-1
7084
14
7085
-1
7086
46
7087
-1
7088
118
7089
-1
7090
88
7091
-1
7092
30
7093
-1
7094
110
7095
-1
7096
58
7097
-1
7098
148
7099
-1
7100
102
7101
-1
7102
7
7103
-1
7104
108
7105
-1
7106
21
7107
-1
7108
124
7109
-1
7110
68
7111
-1
7112
12
7113
-1
7114
171
7115
-1
7116
127
7117
-1
7118
5
7119
-1
7120
173
7121
-1
7122
104
7123
-1
7124
37
7125
-1
7126
127
7127
-1
7128
111
7129
-1
7130
154
7131
-1
7132
84
7133
-1
7134
107
7135
-1
7136
7
7137
-1
7138
133
7139
-1
7140
111
7141
-1
7142
164
7143
-1
7144
62
7145
-1
7146
168
7147
-1
7148
39
7149
-1
7150
179
7151
-1
7152
146
7153
-1
7154
51
7155
-1
7156
25
7157
-1
7158
42
7159
-1
7160
104
7161
-1
7162
37
7163
-1
7164
179
7165
-1
7166
103
7167
-1
7168
77
7169
-1
7170
114
7171
-1
7172
128
7173
-1
7174
94
7175
-1
7176
103
7177
-1
7178
123
7179
-1
7180
97
7181
-1
7182
36
7183
-1
7184
5
7185
-1
7186
177
7187
-1
7188
147
7189
-1
7190
135
7191
-1
7192
40
7193
-1
7194
3
7195
-1
7196
40
7197
-1
7198
126
7199
-1
7200
117
7201
-1
7202
112
7203
-1
7204
114
7205
-1
7206
99
7207
-1
7208
61
7209
-1
7210
100
7211
-1
7212
179
7213
-1
7214
65
7215
-1
7216
91
7217
-1
7218
159
7219
-1
7220
15
7221
-1
7222
47
7223
-1
7224
22
7225
-1
7226
34
7227
-1
7228
31
7229
-1
7230
52
7231
-1
7232
134
7233
-1
7234
151
7235
-1
7236
88
7237
-1
7238
164
7239
-1
7240
128
7241
-1
7242
164
7243
-1
7244
11
7245
-1
7246
64
7247
-1
7248
45
7249
-1
7250
49
7251
-1
7252
29
7253
-1
7254
81
7255
-1
7256
55
7257
-1
7258
89
7259
-1
7260
167
7261
-1
7262
36
7263
-1
7264
95
7265
-1
7266
48
7267
-1
7268
149
7269
-1
7270
93
7271
-1
7272
172
7273
-1
7274
117
7275
-1
7276
153
7277
-1
7278
149
7279
-1
7280
83
7281
-1
7282
162
7283
-1
7284
57
7285
-1
7286
121
7287
-1
7288
12
7289
-1
7290
35
7291
-1
7292
94
7293
-1
7294
17
7295
-1
7296
25
7297
-1
7298
144
7299
-1
7300
111
7301
-1
7302
78
7303
-1
7304
72
7305
-1
7306
134
7307
-1
7308
75
7309
-1
7310
122
7311
-1
7312
175
7313
-1
7314
135
7315
-1
7316
110
7317
-1
7318
178
7319
-1
7320
12
7321
-1
7322
90
7323
-1
7324
25
7325
-1
7326
156
7327
-1
7328
14
7329
-1
7330
24
7331
-1
7332
75
7333
-1
7334
108
7335
-1
7336
155
7337
-1
7338
41
7339
-1
7340
9
7341
-1
7342
170
7343
-1
7344
11
7345
-1
7346
83
7347
-1
7348
121
7349
-1
7350
160
7351
-1
7352
39
7353
-1
7354
70
7355
-1
7356
60
7357
-1
7358
5
7359
-1
7360
79
7361
-1
7362
53
7363
-1
7364
155
7365
-1
7366
26
7367
-1
7368
148
7369
-1
7370
78
7371
-1
7372
115
7373
-1
7374
74
7375
-1
7376
55
7377
-1
7378
26
7379
-1
7380
43
7381
-1
7382
38
7383
-1
7384
116
7385
-1
7386
32
7387
-1
7388
171
7389
-1
7390
70
7391
-1
7392
77
7393
-1
7394
1
7395
-1
7396
162
7397
-1
7398
48
7399
-1
7400
55
7401
-1
7402
29
7403
-1
7404
128
7405
-1
7406
78
7407
-1
7408
121
7409
-1
7410
89
7411
-1
7412
59
7413
-1
7414
3
7415
-1
7416
79
7417
-1
7418
78
7419
-1
7420
129
7421
-1
7422
108
7423
-1
7424
69
7425
-1
7426
179
7427
-1
7428
109
7429
-1
7430
145
7431
-1
7432
39
7433
-1
7434
92
7435
-1
7436
92
7437
-1
7438
117
7439
-1
7440
84
7441
-1
7442
146
7443
-1
7444
154
7445
-1
7446
65
7447
-1
7448
154
7449
-1
7450
114
7451
-1
7452
115
7453
-1
7454
109
7455
-1
7456
38
7457
-1
7458
48
7459
-1
7460
28
7461
-1
7462
72
7463
-1
7464
163
7465
-1
7466
174
7467
-1
7468
119
7469
-1
7470
108
7471
-1
7472
96
7473
-1
7474
139
7475
-1
7476
39
7477
-1
7478
65
7479
-1
7480
104
7481
-1
7482
83
7483
-1
7484
75
7485
-1
7486
159
7487
-1
7488
49
7489
-1
7490
163
7491
-1
7492
9
7493
-1
7494
41
7495
-1
7496
142
7497
-1
7498
76
7499
-1
7500
170
7501
-1
7502
179
7503
-1
7504
81
7505
-1
7506
78
7507
-1
7508
15
7509
-1
7510
27
7511
-1
7512
89
7513
-1
7514
95
7515
-1
7516
159
7517
-1
7518
114
7519
-1
7520
117
7521
-1
7522
27
7523
-1
7524
35
7525
-1
7526
54
7527
-1
7528
109
7529
-1
7530
73
7531
-1
7532
138
7533
-1
7534
83
7535
-1
7536
118
7537
-1
7538
174
7539
-1
7540
116
7541
-1
7542
99
7543
-1
7544
39
7545
-1
7546
172
7547
-1
7548
143
7549
-1
7550
156
7551
-1
7552
111
7553
-1
7554
173
7555
-1
7556
103
7557
-1
7558
12
7559
-1
7560
75
7561
-1
7562
114
7563
-1
7564
5
7565
-1
7566
134
7567
-1
7568
32
7569
-1
7570
30
7571
-1
7572
114
7573
-1
7574
32
7575
-1
7576
136
7577
-1
7578
117
7579
-1
7580
43
7581
-1
7582
15
7583
-1
7584
94
7585
-1
7586
87
7587
-1
7588
70
7589
-1
7590
95
7591
-1
7592
49
7593
-1
7594
98
7595
-1
7596
88
7597
-1
7598
106
7599
-1
7600
100
7601
-1
7602
43
7603
-1
7604
62
7605
-1
7606
1
7607
-1
7608
23
7609
-1
7610
136
7611
-1
7612
124
7613
-1
7614
133
7615
-1
7616
136
7617
-1
7618
153
7619
-1
7620
81
7621
-1
7622
64
7623
-1
7624
179
7625
-1
7626
84
7627
-1
7628
0
7629
-1
7630
45
7631
-1
7632
108
7633
-1
7634
56
7635
-1
7636
109
7637
-1
7638
22
7639
-1
7640
34
7641
-1
7642
91
7643
-1
7644
46
7645
-1
7646
39
7647
-1
7648
148
7649
-1
7650
114
7651
-1
7652
1
7653
-1
7654
156
7655
-1
7656
93
7657
-1
7658
35
7659
-1
7660
65
7661
-1
7662
133
7663
-1
7664
21
7665
-1
7666
139
7667
-1
7668
154
7669
-1
7670
17
7671
-1
7672
177
7673
-1
7674
43
7675
-1
7676
77
7677
-1
7678
5
7679
-1
7680
73
7681
-1
7682
33
7683
-1
7684
177
7685
-1
7686
113
7687
-1
7688
61
7689
-1
7690
68
7691
-1
7692
104
7693
-1
7694
55
7695
-1
7696
8
7697
-1
7698
32
7699
-1
7700
46
7701
-1
7702
134
7703
-1
7704
8
7705
-1
7706
61
7707
-1
7708
94
7709
-1
7710
37
7711
-1
7712
51
7713
-1
7714
45
7715
-1
7716
12
7717
-1
7718
143
7719
-1
7720
25
7721
-1
7722
139
7723
-1
7724
101
7725
-1
7726
35
7727
-1
7728
35
7729
-1
7730
159
7731
-1
7732
18
7733
-1
7734
172
7735
-1
7736
112
7737
-1
7738
169
7739
-1
7740
165
7741
-1
7742
136
7743
-1
7744
46
7745
-1
7746
140
7747
-1
7748
27
7749
-1
7750
116
7751
-1
7752
138
7753
-1
7754
60
7755
-1
7756
139
7757
-1
7758
113
7759
-1
7760
62
7761
-1
7762
147
7763
-1
7764
101
7765
-1
7766
155
7767
-1
7768
55
7769
-1
7770
100
7771
-1
7772
142
7773
-1
7774
164
7775
-1
7776
128
7777
-1
7778
59
7779
-1
7780
22
7781
-1
7782
176
7783
-1
7784
122
7785
-1
7786
77
7787
-1
7788
96
7789
-1
7790
105
7791
-1
7792
133
7793
-1
7794
173
7795
-1
7796
151
7797
-1
7798
27
7799
-1
7800
87
7801
-1
7802
98
7803
-1
7804
18
7805
-1
7806
129
7807
-1
7808
1
7809
-1
7810
105
7811
-1
7812
139
7813
-1
7814
43
7815
-1
7816
153
7817
-1
7818
15
7819
-1
7820
47
7821
-1
7822
35
7823
-1
7824
6
7825
-1
7826
13
7827
-1
7828
9
7829
-1
7830
77
7831
-1
7832
38
7833
-1
7834
178
7835
-1
7836
24
7837
-1
7838
19
7839
-1
7840
169
7841
-1
7842
81
7843
-1
7844
140
7845
-1
7846
109
7847
-1
7848
2
7849
-1
7850
115
7851
-1
7852
22
7853
-1
7854
68
7855
-1
7856
5
7857
-1
7858
79
7859
-1
7860
49
7861
-1
7862
31
7863
-1
7864
146
7865
-1
7866
54
7867
-1
7868
110
7869
-1
7870
160
7871
-1
7872
40
7873
-1
7874
52
7875
-1
7876
158
7877
-1
7878
84
7879
-1
7880
119
7881
-1
7882
78
7883
-1
7884
163
7885
-1
7886
36
7887
-1
7888
103
7889
-1
7890
107
7891
-1
7892
92
7893
-1
7894
54
7895
-1
7896
86
7897
-1
7898
64
7899
-1
7900
174
7901
-1
7902
60
7903
-1
7904
40
7905
-1
7906
158
7907
-1
7908
171
7909
-1
7910
118
7911
-1
7912
167
7913
-1
7914
63
7915
-1
7916
42
7917
-1
7918
166
7919
-1
7920
91
7921
-1
7922
74
7923
-1
7924
112
7925
-1
7926
61
7927
-1
7928
149
7929
-1
7930
13
7931
-1
7932
80
7933
-1
7934
66
7935
-1
7936
71
7937
-1
7938
93
7939
-1
7940
8
7941
-1
7942
103
7943
-1
7944
158
7945
-1
7946
29
7947
-1
7948
8
7949
-1
7950
128
7951
-1
7952
142
7953
-1
7954
74
7955
-1
7956
118
7957
-1
7958
1
7959
-1
7960
62
7961
-1
7962
89
7963
-1
7964
83
7965
-1
7966
64
7967
-1
7968
76
7969
-1
7970
58
7971
-1
7972
50
7973
-1
7974
105
7975
-1
7976
156
7977
-1
7978
70
7979
-1
7980
91
7981
-1
7982
63
7983
-1
7984
140
7985
-1
7986
131
7987
-1
7988
137
7989
-1
7990
50
7991
-1
7992
59
7993
-1
7994
176
7995
-1
7996
62
7997
-1
7998
26
7999
-1
