********************************************************************************
The planted motif0 is:
GTGCCAGCT
0
120
1
48
2
18
3
97
4
-1
5
27
6
91
7
7
8
179
9
-1
10
73
11
68
12
110
13
112
14
-1
15
110
16
133
17
127
18
28
19
-1
20
138
21
41
22
42
23
73
24
-1
25
24
26
42
27
161
28
133
29
-1
30
156
31
148
32
152
33
51
34
-1
35
60
36
39
37
74
38
135
39
-1
40
4
41
40
42
185
43
165
44
-1
45
175
46
108
47
44
48
123
49
-1
50
55
51
141
52
162
53
64
54
-1
55
68
56
38
57
174
58
35
59
-1
60
5
61
148
62
41
63
146
64
-1
65
65
66
125
67
16
68
150
69
-1
70
5
71
146
72
63
73
80
74
-1
75
47
76
166
77
57
78
176
79
-1
80
74
81
153
82
90
83
26
84
-1
85
129
86
20
87
118
88
128
89
-1
90
111
91
59
92
142
93
141
94
-1
95
54
96
106
97
129
98
102
99
-1
100
69
101
70
102
135
103
152
104
-1
105
22
106
131
107
121
108
133
109
-1
110
138
111
130
112
142
113
37
114
-1
115
97
116
172
117
132
118
18
119
-1
120
28
121
51
122
33
123
113
124
-1
125
30
126
18
127
21
128
187
129
-1
130
129
131
7
132
144
133
69
134
-1
135
1
136
11
137
65
138
35
139
-1
140
49
141
12
142
100
143
25
144
-1
145
126
146
150
147
100
148
76
149
-1
150
51
151
99
152
95
153
20
154
-1
155
186
156
51
157
23
158
188
159
-1
160
153
161
152
162
183
163
41
164
-1
165
84
166
19
167
143
168
85
169
-1
170
72
171
93
172
172
173
63
174
-1
175
147
176
134
177
85
178
8
179
-1
180
50
181
124
182
83
183
85
184
-1
185
94
186
34
187
157
188
12
189
-1
190
16
191
91
192
126
193
140
194
-1
195
41
196
104
197
150
198
38
199
-1
200
131
201
67
202
38
203
132
204
-1
205
87
206
159
207
123
208
162
209
-1
210
191
211
161
212
165
213
107
214
-1
215
128
216
15
217
1
218
85
219
-1
220
94
221
144
222
100
223
12
224
-1
225
3
226
185
227
55
228
20
229
-1
230
112
231
7
232
53
233
142
234
-1
235
52
236
182
237
127
238
183
239
-1
240
117
241
152
242
159
243
16
244
-1
245
23
246
89
247
1
248
99
249
-1
250
117
251
170
252
38
253
35
254
-1
255
47
256
58
257
105
258
19
259
-1
260
57
261
132
262
14
263
93
264
-1
265
81
266
69
267
52
268
140
269
-1
270
42
271
127
272
39
273
34
274
-1
275
133
276
143
277
129
278
140
279
-1
280
167
281
102
282
92
283
154
284
-1
285
143
286
175
287
120
288
86
289
-1
290
125
291
68
292
78
293
116
294
-1
295
69
296
118
297
28
298
74
299
-1
300
46
301
170
302
160
303
152
304
-1
305
45
306
8
307
83
308
90
309
-1
310
83
311
115
312
14
313
44
314
-1
315
129
316
34
317
9
318
35
319
-1
320
50
321
79
322
30
323
161
324
-1
325
71
326
169
327
100
328
72
329
-1
330
167
331
140
332
81
333
77
334
-1
335
61
336
16
337
158
338
111
339
-1
340
18
341
8
342
177
343
165
344
-1
345
125
346
0
347
70
348
72
349
-1
350
68
351
147
352
129
353
7
354
-1
355
151
356
103
357
117
358
45
359
-1
360
143
361
72
362
43
363
189
364
-1
365
139
366
123
367
112
368
17
369
-1
370
91
371
129
372
168
373
90
374
-1
375
64
376
58
377
190
378
172
379
-1
380
63
381
63
382
77
383
131
384
-1
385
177
386
116
387
132
388
75
389
-1
390
86
391
39
392
66
393
98
394
-1
395
99
396
78
397
24
398
191
399
-1
400
26
401
32
402
137
403
165
404
-1
405
71
406
61
407
148
408
131
409
-1
410
101
411
41
412
133
413
28
414
-1
415
123
416
131
417
17
418
129
419
-1
420
107
421
6
422
126
423
12
424
-1
425
158
426
20
427
9
428
28
429
-1
430
24
431
68
432
146
433
143
434
-1
435
123
436
23
437
12
438
99
439
-1
440
13
441
115
442
123
443
175
444
-1
445
189
446
108
447
143
448
127
449
-1
450
13
451
170
452
103
453
20
454
-1
455
128
456
100
457
111
458
173
459
-1
460
189
461
63
462
168
463
3
464
-1
465
104
466
17
467
65
468
123
469
-1
470
29
471
144
472
161
473
15
474
-1
475
158
476
57
477
97
478
3
479
-1
480
83
481
30
482
1
483
115
484
-1
485
118
486
27
487
153
488
22
489
-1
490
109
491
118
492
171
493
173
494
-1
495
125
496
118
497
169
498
95
499
-1
500
91
501
11
502
185
503
95
504
-1
505
180
506
128
507
22
508
141
509
-1
510
104
511
160
512
160
513
7
514
-1
515
57
516
55
517
79
518
32
519
-1
520
1
521
97
522
18
523
60
524
-1
525
80
526
101
527
79
528
159
529
-1
530
32
531
12
532
100
533
26
534
-1
535
166
536
154
537
27
538
100
539
-1
540
58
541
77
542
139
543
16
544
-1
545
34
546
167
547
65
548
156
549
-1
550
145
551
53
552
138
553
0
554
-1
555
161
556
93
557
54
558
177
559
-1
560
128
561
37
562
43
563
135
564
-1
565
164
566
128
567
106
568
127
569
-1
570
41
571
38
572
95
573
120
574
-1
575
104
576
60
577
63
578
176
579
-1
580
168
581
182
582
21
583
141
584
-1
585
189
586
0
587
115
588
142
589
-1
590
45
591
162
592
53
593
164
594
-1
595
163
596
44
597
106
598
144
599
-1
600
145
601
127
602
85
603
141
604
-1
605
83
606
57
607
15
608
12
609
-1
610
90
611
163
612
14
613
112
614
-1
615
178
616
64
617
70
618
10
619
-1
620
85
621
94
622
186
623
66
624
-1
625
172
626
126
627
96
628
80
629
-1
630
131
631
96
632
32
633
133
634
-1
635
7
636
31
637
87
638
115
639
-1
640
99
641
145
642
43
643
155
644
-1
645
19
646
183
647
119
648
115
649
-1
650
69
651
76
652
22
653
60
654
-1
655
150
656
171
657
36
658
81
659
-1
660
49
661
35
662
10
663
31
664
-1
665
71
666
59
667
92
668
120
669
-1
670
186
671
139
672
89
673
184
674
-1
675
112
676
111
677
130
678
163
679
-1
680
111
681
138
682
146
683
81
684
-1
685
170
686
122
687
151
688
182
689
-1
690
120
691
95
692
116
693
164
694
-1
695
53
696
85
697
24
698
179
699
-1
700
73
701
186
702
18
703
152
704
-1
705
177
706
174
707
17
708
30
709
-1
710
101
711
51
712
107
713
21
714
-1
715
109
716
122
717
151
718
133
719
-1
720
176
721
68
722
134
723
163
724
-1
725
99
726
3
727
65
728
145
729
-1
730
27
731
159
732
20
733
131
734
-1
735
61
736
188
737
175
738
120
739
-1
740
153
741
148
742
159
743
146
744
-1
745
185
746
18
747
157
748
23
749
-1
750
123
751
107
752
17
753
87
754
-1
755
53
756
114
757
75
758
43
759
-1
760
156
761
96
762
70
763
74
764
-1
765
62
766
156
767
92
768
30
769
-1
770
85
771
142
772
71
773
174
774
-1
775
53
776
53
777
36
778
69
779
-1
780
53
781
83
782
8
783
116
784
-1
785
125
786
0
787
162
788
93
789
-1
790
162
791
15
792
77
793
65
794
-1
795
190
796
0
797
107
798
44
799
-1
800
80
801
145
802
102
803
187
804
-1
805
169
806
169
807
111
808
29
809
-1
810
182
811
33
812
190
813
40
814
-1
815
78
816
50
817
67
818
152
819
-1
820
45
821
161
822
129
823
179
824
-1
825
173
826
23
827
167
828
99
829
-1
830
79
831
3
832
72
833
156
834
-1
835
71
836
58
837
158
838
103
839
-1
840
141
841
0
842
94
843
118
844
-1
845
64
846
177
847
169
848
66
849
-1
850
38
851
23
852
42
853
79
854
-1
855
125
856
6
857
183
858
139
859
-1
860
86
861
180
862
74
863
83
864
-1
865
21
866
18
867
52
868
159
869
-1
870
76
871
116
872
159
873
21
874
-1
875
128
876
124
877
30
878
53
879
-1
880
23
881
185
882
72
883
16
884
-1
885
41
886
147
887
184
888
65
889
-1
890
177
891
41
892
70
893
83
894
-1
895
53
896
55
897
163
898
126
899
-1
900
187
901
178
902
134
903
99
904
-1
905
117
906
48
907
84
908
165
909
-1
910
132
911
94
912
120
913
163
914
-1
915
45
916
121
917
20
918
13
919
-1
920
98
921
185
922
58
923
79
924
-1
925
123
926
109
927
179
928
97
929
-1
930
131
931
78
932
108
933
133
934
-1
935
60
936
131
937
126
938
56
939
-1
940
38
941
94
942
175
943
67
944
-1
945
176
946
133
947
45
948
169
949
-1
950
131
951
16
952
151
953
70
954
-1
955
63
956
34
957
167
958
47
959
-1
960
133
961
79
962
136
963
104
964
-1
965
100
966
63
967
153
968
114
969
-1
970
40
971
184
972
48
973
187
974
-1
975
77
976
19
977
160
978
68
979
-1
980
75
981
165
982
49
983
17
984
-1
985
146
986
142
987
162
988
97
989
-1
990
187
991
131
992
73
993
164
994
-1
995
175
996
82
997
44
998
184
999
-1
1000
23
1001
81
1002
168
1003
18
1004
-1
1005
171
1006
176
1007
169
1008
83
1009
-1
1010
101
1011
146
1012
60
1013
40
1014
-1
1015
13
1016
156
1017
85
1018
179
1019
-1
1020
69
1021
101
1022
68
1023
47
1024
-1
1025
39
1026
86
1027
44
1028
139
1029
-1
1030
125
1031
78
1032
172
1033
154
1034
-1
1035
102
1036
16
1037
2
1038
22
1039
-1
1040
93
1041
114
1042
27
1043
83
1044
-1
1045
181
1046
149
1047
177
1048
111
1049
-1
1050
47
1051
158
1052
15
1053
11
1054
-1
1055
32
1056
91
1057
124
1058
124
1059
-1
1060
76
1061
88
1062
10
1063
57
1064
-1
1065
104
1066
142
1067
96
1068
6
1069
-1
1070
151
1071
47
1072
180
1073
64
1074
-1
1075
74
1076
118
1077
115
1078
13
1079
-1
1080
150
1081
45
1082
83
1083
77
1084
-1
1085
20
1086
13
1087
161
1088
98
1089
-1
1090
1
1091
115
1092
40
1093
124
1094
-1
1095
94
1096
180
1097
35
1098
17
1099
-1
1100
146
1101
31
1102
54
1103
8
1104
-1
1105
165
1106
128
1107
80
1108
135
1109
-1
1110
90
1111
107
1112
128
1113
126
1114
-1
1115
131
1116
163
1117
89
1118
189
1119
-1
1120
61
1121
115
1122
48
1123
108
1124
-1
1125
90
1126
172
1127
70
1128
4
1129
-1
1130
15
1131
141
1132
41
1133
66
1134
-1
1135
127
1136
155
1137
53
1138
132
1139
-1
1140
67
1141
186
1142
54
1143
138
1144
-1
1145
87
1146
38
1147
20
1148
150
1149
-1
1150
151
1151
6
1152
68
1153
13
1154
-1
1155
95
1156
56
1157
35
1158
171
1159
-1
1160
47
1161
169
1162
128
1163
47
1164
-1
1165
174
1166
180
1167
71
1168
84
1169
-1
1170
142
1171
152
1172
89
1173
171
1174
-1
1175
40
1176
175
1177
89
1178
83
1179
-1
1180
34
1181
156
1182
17
1183
187
1184
-1
1185
86
1186
2
1187
165
1188
21
1189
-1
1190
93
1191
191
1192
103
1193
105
1194
-1
1195
101
1196
60
1197
20
1198
62
1199
-1
1200
107
1201
41
1202
70
1203
48
1204
-1
1205
61
1206
125
1207
56
1208
132
1209
-1
1210
25
1211
67
1212
84
1213
114
1214
-1
1215
158
1216
162
1217
123
1218
109
1219
-1
1220
110
1221
22
1222
96
1223
165
1224
-1
1225
55
1226
3
1227
38
1228
190
1229
-1
1230
26
1231
37
1232
34
1233
34
1234
-1
1235
60
1236
31
1237
56
1238
106
1239
-1
1240
188
1241
117
1242
50
1243
126
1244
-1
1245
132
1246
86
1247
183
1248
71
1249
-1
1250
32
1251
97
1252
23
1253
47
1254
-1
1255
160
1256
42
1257
63
1258
103
1259
-1
1260
24
1261
6
1262
68
1263
141
1264
-1
1265
180
1266
156
1267
89
1268
70
1269
-1
1270
99
1271
152
1272
132
1273
26
1274
-1
1275
173
1276
62
1277
31
1278
35
1279
-1
1280
142
1281
88
1282
173
1283
115
1284
-1
1285
180
1286
3
1287
18
1288
113
1289
-1
1290
152
1291
118
1292
158
1293
185
1294
-1
1295
57
1296
47
1297
106
1298
77
1299
-1
1300
6
1301
97
1302
1
1303
1
1304
-1
1305
132
1306
126
1307
33
1308
188
1309
-1
1310
117
1311
81
1312
49
1313
84
1314
-1
1315
184
1316
45
1317
124
1318
25
1319
-1
1320
41
1321
85
1322
47
1323
175
1324
-1
1325
79
1326
118
1327
178
1328
138
1329
-1
1330
118
1331
149
1332
154
1333
90
1334
-1
1335
91
1336
141
1337
162
1338
139
1339
-1
1340
188
1341
118
1342
135
1343
36
1344
-1
1345
166
1346
83
1347
140
1348
67
1349
-1
1350
108
1351
4
1352
56
1353
124
1354
-1
1355
63
1356
85
1357
146
1358
122
1359
-1
1360
42
1361
94
1362
86
1363
142
1364
-1
1365
2
1366
185
1367
29
1368
154
1369
-1
1370
172
1371
91
1372
165
1373
105
1374
-1
1375
161
1376
56
1377
74
1378
10
1379
-1
1380
49
1381
85
1382
7
1383
125
1384
-1
1385
172
1386
148
1387
131
1388
51
1389
-1
1390
129
1391
119
1392
78
1393
92
1394
-1
1395
101
1396
91
1397
75
1398
142
1399
-1
1400
4
1401
27
1402
174
1403
44
1404
-1
1405
57
1406
150
1407
162
1408
191
1409
-1
1410
70
1411
84
1412
70
1413
160
1414
-1
1415
62
1416
47
1417
152
1418
7
1419
-1
1420
107
1421
91
1422
130
1423
22
1424
-1
1425
45
1426
29
1427
148
1428
65
1429
-1
1430
148
1431
88
1432
138
1433
115
1434
-1
1435
7
1436
133
1437
29
1438
48
1439
-1
1440
97
1441
40
1442
0
1443
6
1444
-1
1445
169
1446
181
1447
50
1448
46
1449
-1
1450
73
1451
0
1452
48
1453
8
1454
-1
1455
157
1456
138
1457
97
1458
84
1459
-1
1460
118
1461
123
1462
95
1463
93
1464
-1
1465
141
1466
61
1467
90
1468
100
1469
-1
1470
35
1471
143
1472
63
1473
18
1474
-1
1475
39
1476
12
1477
0
1478
191
1479
-1
1480
184
1481
63
1482
88
1483
79
1484
-1
1485
122
1486
39
1487
90
1488
36
1489
-1
1490
139
1491
165
1492
134
1493
131
1494
-1
1495
98
1496
191
1497
98
1498
124
1499
-1
1500
111
1501
98
1502
80
1503
53
1504
-1
1505
166
1506
98
1507
80
1508
87
1509
-1
1510
113
1511
17
1512
93
1513
43
1514
-1
1515
120
1516
45
1517
113
1518
161
1519
-1
1520
144
1521
37
1522
31
1523
154
1524
-1
1525
9
1526
185
1527
172
1528
171
1529
-1
1530
41
1531
94
1532
135
1533
182
1534
-1
1535
177
1536
53
1537
94
1538
19
1539
-1
1540
29
1541
28
1542
110
1543
146
1544
-1
1545
54
1546
126
1547
41
1548
44
1549
-1
1550
11
1551
29
1552
151
1553
55
1554
-1
1555
191
1556
131
1557
165
1558
22
1559
-1
1560
41
1561
183
1562
129
1563
52
1564
-1
1565
164
1566
148
1567
186
1568
31
1569
-1
1570
117
1571
96
1572
80
1573
8
1574
-1
1575
188
1576
171
1577
142
1578
10
1579
-1
1580
180
1581
171
1582
58
1583
129
1584
-1
1585
22
1586
144
1587
60
1588
104
1589
-1
1590
151
1591
142
1592
103
1593
19
1594
-1
1595
63
1596
178
1597
187
1598
102
1599
-1
1600
75
1601
169
1602
160
1603
174
1604
-1
1605
45
1606
145
1607
126
1608
7
1609
-1
1610
112
1611
140
1612
153
1613
28
1614
-1
1615
113
1616
121
1617
107
1618
61
1619
-1
1620
179
1621
179
1622
159
1623
13
1624
-1
1625
66
1626
37
1627
39
1628
77
1629
-1
1630
147
1631
35
1632
32
1633
97
1634
-1
1635
38
1636
182
1637
145
1638
29
1639
-1
1640
74
1641
25
1642
14
1643
167
1644
-1
1645
64
1646
56
1647
150
1648
89
1649
-1
1650
110
1651
83
1652
76
1653
55
1654
-1
1655
78
1656
120
1657
114
1658
48
1659
-1
1660
49
1661
105
1662
58
1663
174
1664
-1
1665
18
1666
176
1667
67
1668
88
1669
-1
1670
6
1671
102
1672
47
1673
25
1674
-1
1675
121
1676
168
1677
108
1678
26
1679
-1
1680
175
1681
50
1682
134
1683
128
1684
-1
1685
116
1686
161
1687
91
1688
23
1689
-1
1690
174
1691
24
1692
13
1693
123
1694
-1
1695
173
1696
36
1697
93
1698
82
1699
-1
1700
44
1701
185
1702
48
1703
172
1704
-1
1705
20
1706
82
1707
162
1708
122
1709
-1
1710
100
1711
34
1712
182
1713
39
1714
-1
1715
142
1716
91
1717
134
1718
172
1719
-1
1720
140
1721
91
1722
17
1723
133
1724
-1
1725
186
1726
171
1727
133
1728
12
1729
-1
1730
166
1731
139
1732
83
1733
44
1734
-1
1735
101
1736
168
1737
78
1738
137
1739
-1
1740
129
1741
26
1742
140
1743
105
1744
-1
1745
1
1746
115
1747
168
1748
74
1749
-1
1750
157
1751
118
1752
140
1753
129
1754
-1
1755
89
1756
119
1757
42
1758
165
1759
-1
1760
43
1761
45
1762
131
1763
127
1764
-1
1765
61
1766
44
1767
55
1768
141
1769
-1
1770
62
1771
63
1772
75
1773
50
1774
-1
1775
65
1776
149
1777
102
1778
102
1779
-1
1780
129
1781
54
1782
175
1783
144
1784
-1
1785
184
1786
189
1787
54
1788
88
1789
-1
1790
131
1791
160
1792
187
1793
69
1794
-1
1795
184
1796
103
1797
44
1798
174
1799
-1
1800
133
1801
87
1802
83
1803
20
1804
-1
1805
76
1806
17
1807
6
1808
53
1809
-1
1810
165
1811
78
1812
12
1813
156
1814
-1
1815
137
1816
13
1817
134
1818
150
1819
-1
1820
87
1821
103
1822
97
1823
146
1824
-1
1825
112
1826
33
1827
160
1828
137
1829
-1
1830
106
1831
30
1832
49
1833
147
1834
-1
1835
20
1836
157
1837
153
1838
144
1839
-1
1840
97
1841
40
1842
3
1843
142
1844
-1
1845
103
1846
19
1847
169
1848
90
1849
-1
1850
79
1851
177
1852
133
1853
29
1854
-1
1855
51
1856
178
1857
116
1858
147
1859
-1
1860
160
1861
74
1862
68
1863
14
1864
-1
1865
60
1866
168
1867
132
1868
177
1869
-1
1870
130
1871
40
1872
1
1873
165
1874
-1
1875
23
1876
106
1877
51
1878
122
1879
-1
1880
175
1881
19
1882
18
1883
13
1884
-1
1885
47
1886
183
1887
19
1888
126
1889
-1
1890
104
1891
168
1892
106
1893
136
1894
-1
1895
32
1896
153
1897
35
1898
63
1899
-1
1900
144
1901
42
1902
71
1903
78
1904
-1
1905
93
1906
42
1907
121
1908
163
1909
-1
1910
99
1911
130
1912
173
1913
180
1914
-1
1915
160
1916
85
1917
82
1918
137
1919
-1
1920
117
1921
21
1922
43
1923
49
1924
-1
1925
187
1926
65
1927
184
1928
151
1929
-1
1930
83
1931
103
1932
30
1933
7
1934
-1
1935
121
1936
27
1937
155
1938
12
1939
-1
1940
76
1941
6
1942
76
1943
129
1944
-1
1945
182
1946
96
1947
33
1948
26
1949
-1
1950
36
1951
45
1952
159
1953
190
1954
-1
1955
125
1956
74
1957
110
1958
91
1959
-1
1960
106
1961
83
1962
9
1963
29
1964
-1
1965
174
1966
73
1967
75
1968
112
1969
-1
1970
101
1971
153
1972
118
1973
150
1974
-1
1975
56
1976
19
1977
81
1978
34
1979
-1
1980
102
1981
138
1982
162
1983
26
1984
-1
1985
39
1986
66
1987
171
1988
21
1989
-1
1990
34
1991
167
1992
57
1993
29
1994
-1
1995
43
1996
26
1997
5
1998
122
1999
-1
2000
46
2001
94
2002
150
2003
128
2004
-1
2005
64
2006
155
2007
14
2008
7
2009
-1
2010
125
2011
156
2012
183
2013
79
2014
-1
2015
91
2016
154
2017
39
2018
17
2019
-1
2020
101
2021
86
2022
148
2023
7
2024
-1
2025
143
2026
162
2027
142
2028
65
2029
-1
2030
91
2031
31
2032
63
2033
63
2034
-1
2035
184
2036
131
2037
143
2038
70
2039
-1
2040
139
2041
67
2042
22
2043
43
2044
-1
2045
165
2046
74
2047
38
2048
136
2049
-1
2050
86
2051
19
2052
130
2053
107
2054
-1
2055
73
2056
108
2057
1
2058
5
2059
-1
2060
7
2061
101
2062
161
2063
166
2064
-1
2065
49
2066
129
2067
185
2068
144
2069
-1
2070
23
2071
50
2072
34
2073
191
2074
-1
2075
76
2076
141
2077
179
2078
131
2079
-1
2080
36
2081
143
2082
172
2083
115
2084
-1
2085
92
2086
69
2087
70
2088
153
2089
-1
2090
134
2091
84
2092
87
2093
140
2094
-1
2095
120
2096
7
2097
58
2098
13
2099
-1
2100
191
2101
171
2102
148
2103
122
2104
-1
2105
100
2106
26
2107
109
2108
74
2109
-1
2110
87
2111
107
2112
121
2113
172
2114
-1
2115
112
2116
127
2117
190
2118
75
2119
-1
2120
134
2121
57
2122
84
2123
140
2124
-1
2125
152
2126
18
2127
83
2128
97
2129
-1
2130
89
2131
108
2132
7
2133
138
2134
-1
2135
179
2136
186
2137
1
2138
166
2139
-1
2140
121
2141
29
2142
191
2143
168
2144
-1
2145
141
2146
58
2147
152
2148
30
2149
-1
2150
138
2151
122
2152
145
2153
125
2154
-1
2155
147
2156
154
2157
86
2158
27
2159
-1
2160
43
2161
2
2162
43
2163
100
2164
-1
2165
57
2166
56
2167
66
2168
42
2169
-1
2170
95
2171
166
2172
130
2173
177
2174
-1
2175
180
2176
25
2177
115
2178
0
2179
-1
2180
63
2181
24
2182
21
2183
24
2184
-1
2185
61
2186
183
2187
141
2188
44
2189
-1
2190
97
2191
100
2192
158
2193
103
2194
-1
2195
116
2196
5
2197
45
2198
118
2199
-1
2200
158
2201
155
2202
95
2203
130
2204
-1
2205
59
2206
188
2207
12
2208
117
2209
-1
2210
105
2211
87
2212
104
2213
55
2214
-1
2215
187
2216
71
2217
129
2218
87
2219
-1
2220
88
2221
83
2222
58
2223
158
2224
-1
2225
110
2226
26
2227
156
2228
116
2229
-1
2230
80
2231
108
2232
150
2233
172
2234
-1
2235
84
2236
169
2237
94
2238
131
2239
-1
2240
159
2241
88
2242
79
2243
45
2244
-1
2245
36
2246
160
2247
16
2248
169
2249
-1
2250
56
2251
24
2252
144
2253
141
2254
-1
2255
149
2256
71
2257
24
2258
134
2259
-1
2260
28
2261
64
2262
179
2263
123
2264
-1
2265
156
2266
30
2267
7
2268
172
2269
-1
2270
113
2271
113
2272
136
2273
42
2274
-1
2275
150
2276
136
2277
107
2278
91
2279
-1
2280
98
2281
46
2282
31
2283
7
2284
-1
2285
94
2286
124
2287
4
2288
63
2289
-1
2290
185
2291
108
2292
103
2293
184
2294
-1
2295
159
2296
175
2297
10
2298
26
2299
-1
2300
141
2301
146
2302
141
2303
22
2304
-1
2305
169
2306
36
2307
160
2308
10
2309
-1
2310
17
2311
139
2312
31
2313
122
2314
-1
2315
179
2316
3
2317
180
2318
88
2319
-1
2320
37
2321
44
2322
7
2323
100
2324
-1
2325
33
2326
41
2327
110
2328
75
2329
-1
2330
56
2331
155
2332
66
2333
157
2334
-1
2335
11
2336
160
2337
83
2338
57
2339
-1
2340
147
2341
37
2342
108
2343
135
2344
-1
2345
81
2346
92
2347
28
2348
101
2349
-1
2350
55
2351
88
2352
127
2353
103
2354
-1
2355
180
2356
128
2357
169
2358
24
2359
-1
2360
38
2361
175
2362
123
2363
180
2364
-1
2365
110
2366
190
2367
154
2368
130
2369
-1
2370
19
2371
24
2372
116
2373
67
2374
-1
2375
134
2376
165
2377
58
2378
131
2379
-1
2380
175
2381
11
2382
162
2383
53
2384
-1
2385
103
2386
110
2387
33
2388
110
2389
-1
2390
65
2391
32
2392
107
2393
13
2394
-1
2395
3
2396
176
2397
97
2398
68
2399
-1
2400
9
2401
163
2402
190
2403
53
2404
-1
2405
124
2406
0
2407
163
2408
17
2409
-1
2410
51
2411
130
2412
84
2413
12
2414
-1
2415
104
2416
153
2417
156
2418
118
2419
-1
2420
144
2421
72
2422
135
2423
175
2424
-1
2425
25
2426
69
2427
5
2428
90
2429
-1
2430
80
2431
17
2432
13
2433
114
2434
-1
2435
61
2436
131
2437
109
2438
103
2439
-1
2440
51
2441
113
2442
66
2443
80
2444
-1
2445
20
2446
101
2447
90
2448
35
2449
-1
2450
79
2451
40
2452
63
2453
40
2454
-1
2455
185
2456
59
2457
118
2458
14
2459
-1
2460
178
2461
40
2462
57
2463
114
2464
-1
2465
144
2466
65
2467
24
2468
89
2469
-1
2470
20
2471
179
2472
164
2473
160
2474
-1
2475
83
2476
107
2477
105
2478
74
2479
-1
2480
69
2481
57
2482
33
2483
112
2484
-1
2485
191
2486
153
2487
20
2488
136
2489
-1
2490
8
2491
137
2492
34
2493
177
2494
-1
2495
183
2496
66
2497
150
2498
31
2499
-1
2500
35
2501
131
2502
84
2503
30
2504
-1
2505
139
2506
47
2507
14
2508
42
2509
-1
2510
157
2511
100
2512
163
2513
93
2514
-1
2515
140
2516
52
2517
156
2518
85
2519
-1
2520
18
2521
131
2522
167
2523
119
2524
-1
2525
162
2526
127
2527
159
2528
184
2529
-1
2530
56
2531
77
2532
181
2533
81
2534
-1
2535
157
2536
114
2537
160
2538
28
2539
-1
2540
66
2541
47
2542
163
2543
31
2544
-1
2545
82
2546
186
2547
155
2548
121
2549
-1
2550
97
2551
48
2552
71
2553
172
2554
-1
2555
176
2556
136
2557
83
2558
171
2559
-1
2560
44
2561
9
2562
122
2563
112
2564
-1
2565
114
2566
76
2567
124
2568
148
2569
-1
2570
190
2571
156
2572
35
2573
46
2574
-1
2575
54
2576
120
2577
158
2578
168
2579
-1
2580
1
2581
5
2582
60
2583
117
2584
-1
2585
33
2586
168
2587
58
2588
67
2589
-1
2590
62
2591
110
2592
138
2593
190
2594
-1
2595
50
2596
189
2597
52
2598
181
2599
-1
2600
21
2601
169
2602
84
2603
82
2604
-1
2605
55
2606
90
2607
184
2608
39
2609
-1
2610
71
2611
19
2612
122
2613
141
2614
-1
2615
135
2616
55
2617
172
2618
191
2619
-1
2620
184
2621
120
2622
4
2623
136
2624
-1
2625
72
2626
162
2627
98
2628
20
2629
-1
2630
119
2631
126
2632
145
2633
123
2634
-1
2635
1
2636
170
2637
161
2638
10
2639
-1
2640
22
2641
58
2642
45
2643
35
2644
-1
2645
150
2646
95
2647
128
2648
3
2649
-1
2650
24
2651
138
2652
13
2653
144
2654
-1
2655
9
2656
135
2657
158
2658
81
2659
-1
2660
62
2661
145
2662
49
2663
113
2664
-1
2665
184
2666
67
2667
76
2668
140
2669
-1
2670
110
2671
171
2672
24
2673
102
2674
-1
2675
51
2676
183
2677
36
2678
115
2679
-1
2680
14
2681
36
2682
84
2683
105
2684
-1
2685
173
2686
3
2687
3
2688
136
2689
-1
2690
88
2691
140
2692
16
2693
34
2694
-1
2695
123
2696
108
2697
148
2698
132
2699
-1
2700
154
2701
58
2702
89
2703
21
2704
-1
2705
94
2706
54
2707
188
2708
34
2709
-1
2710
82
2711
103
2712
130
2713
126
2714
-1
2715
21
2716
149
2717
176
2718
93
2719
-1
2720
56
2721
98
2722
60
2723
90
2724
-1
2725
163
2726
33
2727
69
2728
175
2729
-1
2730
136
2731
58
2732
109
2733
144
2734
-1
2735
28
2736
95
2737
190
2738
74
2739
-1
2740
122
2741
23
2742
32
2743
56
2744
-1
2745
144
2746
38
2747
45
2748
115
2749
-1
2750
129
2751
128
2752
54
2753
108
2754
-1
2755
162
2756
31
2757
154
2758
149
2759
-1
2760
28
2761
127
2762
76
2763
18
2764
-1
2765
153
2766
190
2767
3
2768
185
2769
-1
2770
69
2771
184
2772
18
2773
51
2774
-1
2775
153
2776
132
2777
65
2778
122
2779
-1
2780
43
2781
39
2782
117
2783
69
2784
-1
2785
106
2786
67
2787
177
2788
113
2789
-1
2790
156
2791
127
2792
76
2793
89
2794
-1
2795
171
2796
125
2797
158
2798
24
2799
-1
2800
167
2801
178
2802
15
2803
112
2804
-1
2805
178
2806
58
2807
73
2808
157
2809
-1
2810
71
2811
166
2812
86
2813
183
2814
-1
2815
62
2816
97
2817
106
2818
79
2819
-1
2820
173
2821
6
2822
105
2823
187
2824
-1
2825
188
2826
157
2827
34
2828
39
2829
-1
2830
24
2831
113
2832
2
2833
107
2834
-1
2835
56
2836
84
2837
178
2838
125
2839
-1
2840
106
2841
83
2842
179
2843
141
2844
-1
2845
77
2846
181
2847
168
2848
107
2849
-1
2850
47
2851
69
2852
185
2853
58
2854
-1
2855
8
2856
69
2857
26
2858
27
2859
-1
2860
135
2861
42
2862
21
2863
168
2864
-1
2865
135
2866
141
2867
155
2868
79
2869
-1
2870
62
2871
11
2872
74
2873
156
2874
-1
2875
57
2876
19
2877
180
2878
92
2879
-1
2880
106
2881
90
2882
143
2883
72
2884
-1
2885
188
2886
158
2887
26
2888
119
2889
-1
2890
156
2891
146
2892
11
2893
82
2894
-1
2895
160
2896
103
2897
21
2898
55
2899
-1
2900
139
2901
6
2902
25
2903
55
2904
-1
2905
146
2906
23
2907
7
2908
5
2909
-1
2910
96
2911
176
2912
111
2913
25
2914
-1
2915
150
2916
190
2917
2
2918
89
2919
-1
2920
50
2921
37
2922
2
2923
50
2924
-1
2925
60
2926
102
2927
122
2928
128
2929
-1
2930
89
2931
185
2932
32
2933
80
2934
-1
2935
60
2936
124
2937
71
2938
156
2939
-1
2940
99
2941
184
2942
33
2943
157
2944
-1
2945
165
2946
66
2947
95
2948
52
2949
-1
2950
48
2951
137
2952
106
2953
98
2954
-1
2955
58
2956
89
2957
147
2958
189
2959
-1
2960
47
2961
136
2962
30
2963
103
2964
-1
2965
57
2966
182
2967
0
2968
28
2969
-1
2970
163
2971
110
2972
129
2973
45
2974
-1
2975
39
2976
26
2977
151
2978
98
2979
-1
2980
95
2981
146
2982
67
2983
42
2984
-1
2985
57
2986
113
2987
66
2988
150
2989
-1
2990
178
2991
63
2992
60
2993
30
2994
-1
2995
14
2996
19
2997
140
2998
84
2999
-1
3000
22
3001
153
3002
146
3003
140
3004
-1
3005
179
3006
29
3007
54
3008
182
3009
-1
3010
62
3011
69
3012
172
3013
139
3014
-1
3015
118
3016
165
3017
148
3018
158
3019
-1
3020
63
3021
44
3022
81
3023
82
3024
-1
3025
103
3026
182
3027
103
3028
128
3029
-1
3030
56
3031
154
3032
131
3033
78
3034
-1
3035
42
3036
0
3037
39
3038
16
3039
-1
3040
138
3041
169
3042
98
3043
5
3044
-1
3045
0
3046
147
3047
45
3048
84
3049
-1
3050
110
3051
173
3052
161
3053
65
3054
-1
3055
10
3056
87
3057
17
3058
179
3059
-1
3060
75
3061
45
3062
46
3063
95
3064
-1
3065
144
3066
169
3067
85
3068
158
3069
-1
3070
35
3071
175
3072
160
3073
171
3074
-1
3075
185
3076
126
3077
40
3078
47
3079
-1
3080
20
3081
107
3082
63
3083
135
3084
-1
3085
154
3086
181
3087
86
3088
20
3089
-1
3090
175
3091
83
3092
135
3093
121
3094
-1
3095
111
3096
110
3097
108
3098
94
3099
-1
3100
89
3101
150
3102
129
3103
120
3104
-1
3105
101
3106
134
3107
75
3108
47
3109
-1
3110
124
3111
124
3112
79
3113
174
3114
-1
3115
43
3116
187
3117
54
3118
112
3119
-1
3120
85
3121
63
3122
57
3123
189
3124
-1
3125
49
3126
3
3127
185
3128
55
3129
-1
3130
139
3131
74
3132
84
3133
81
3134
-1
3135
161
3136
51
3137
173
3138
8
3139
-1
3140
147
3141
56
3142
146
3143
36
3144
-1
3145
174
3146
146
3147
84
3148
143
3149
-1
3150
9
3151
178
3152
155
3153
191
3154
-1
3155
173
3156
102
3157
124
3158
38
3159
-1
3160
116
3161
60
3162
187
3163
6
3164
-1
3165
52
3166
110
3167
124
3168
72
3169
-1
3170
85
3171
166
3172
163
3173
190
3174
-1
3175
61
3176
149
3177
9
3178
2
3179
-1
3180
57
3181
47
3182
160
3183
134
3184
-1
3185
36
3186
37
3187
87
3188
16
3189
-1
3190
21
3191
167
3192
40
3193
110
3194
-1
3195
182
3196
123
3197
128
3198
18
3199
-1
3200
55
3201
55
3202
6
3203
9
3204
-1
3205
46
3206
20
3207
54
3208
16
3209
-1
3210
55
3211
25
3212
70
3213
181
3214
-1
3215
43
3216
26
3217
91
3218
90
3219
-1
3220
175
3221
164
3222
47
3223
167
3224
-1
3225
88
3226
155
3227
43
3228
30
3229
-1
3230
187
3231
12
3232
119
3233
178
3234
-1
3235
100
3236
4
3237
58
3238
168
3239
-1
3240
17
3241
65
3242
89
3243
8
3244
-1
3245
105
3246
86
3247
22
3248
105
3249
-1
3250
122
3251
102
3252
114
3253
23
3254
-1
3255
148
3256
143
3257
159
3258
14
3259
-1
3260
141
3261
157
3262
126
3263
57
3264
-1
3265
147
3266
182
3267
169
3268
169
3269
-1
3270
125
3271
30
3272
159
3273
146
3274
-1
3275
141
3276
166
3277
111
3278
78
3279
-1
3280
146
3281
186
3282
112
3283
102
3284
-1
3285
27
3286
91
3287
183
3288
58
3289
-1
3290
89
3291
82
3292
85
3293
184
3294
-1
3295
50
3296
162
3297
86
3298
69
3299
-1
3300
90
3301
117
3302
165
3303
93
3304
-1
3305
43
3306
49
3307
36
3308
129
3309
-1
3310
19
3311
31
3312
43
3313
106
3314
-1
3315
154
3316
57
3317
7
3318
148
3319
-1
3320
143
3321
142
3322
163
3323
140
3324
-1
3325
53
3326
10
3327
150
3328
136
3329
-1
3330
65
3331
30
3332
185
3333
67
3334
-1
3335
47
3336
190
3337
150
3338
51
3339
-1
3340
74
3341
54
3342
188
3343
121
3344
-1
3345
150
3346
8
3347
92
3348
0
3349
-1
3350
148
3351
106
3352
67
3353
181
3354
-1
3355
53
3356
107
3357
124
3358
98
3359
-1
3360
72
3361
71
3362
191
3363
166
3364
-1
3365
154
3366
131
3367
61
3368
28
3369
-1
3370
38
3371
117
3372
140
3373
130
3374
-1
3375
71
3376
150
3377
125
3378
177
3379
-1
3380
156
3381
44
3382
90
3383
68
3384
-1
3385
117
3386
24
3387
6
3388
65
3389
-1
3390
72
3391
111
3392
78
3393
96
3394
-1
3395
148
3396
66
3397
140
3398
75
3399
-1
3400
0
3401
37
3402
32
3403
93
3404
-1
3405
113
3406
105
3407
50
3408
31
3409
-1
3410
112
3411
138
3412
80
3413
26
3414
-1
3415
91
3416
103
3417
116
3418
113
3419
-1
3420
71
3421
184
3422
172
3423
4
3424
-1
3425
134
3426
27
3427
185
3428
25
3429
-1
3430
190
3431
138
3432
150
3433
137
3434
-1
3435
43
3436
71
3437
32
3438
78
3439
-1
3440
48
3441
38
3442
106
3443
101
3444
-1
3445
56
3446
89
3447
169
3448
89
3449
-1
3450
8
3451
70
3452
82
3453
164
3454
-1
3455
11
3456
101
3457
78
3458
45
3459
-1
3460
99
3461
162
3462
88
3463
171
3464
-1
3465
93
3466
190
3467
130
3468
82
3469
-1
3470
156
3471
72
3472
78
3473
75
3474
-1
3475
120
3476
59
3477
72
3478
182
3479
-1
3480
70
3481
143
3482
133
3483
10
3484
-1
3485
66
3486
175
3487
10
3488
23
3489
-1
3490
120
3491
86
3492
137
3493
107
3494
-1
3495
82
3496
33
3497
134
3498
86
3499
-1
3500
145
3501
51
3502
158
3503
181
3504
-1
3505
191
3506
50
3507
101
3508
163
3509
-1
3510
38
3511
183
3512
191
3513
153
3514
-1
3515
164
3516
2
3517
2
3518
120
3519
-1
3520
167
3521
81
3522
26
3523
64
3524
-1
3525
186
3526
129
3527
34
3528
5
3529
-1
3530
67
3531
180
3532
4
3533
112
3534
-1
3535
132
3536
156
3537
173
3538
43
3539
-1
3540
58
3541
164
3542
14
3543
144
3544
-1
3545
163
3546
102
3547
68
3548
51
3549
-1
3550
80
3551
36
3552
179
3553
88
3554
-1
3555
84
3556
80
3557
45
3558
147
3559
-1
3560
35
3561
126
3562
87
3563
85
3564
-1
3565
98
3566
80
3567
59
3568
72
3569
-1
3570
66
3571
122
3572
14
3573
94
3574
-1
3575
81
3576
156
3577
177
3578
130
3579
-1
3580
6
3581
168
3582
156
3583
44
3584
-1
3585
19
3586
21
3587
111
3588
122
3589
-1
3590
171
3591
81
3592
111
3593
105
3594
-1
3595
153
3596
89
3597
108
3598
94
3599
-1
3600
60
3601
48
3602
9
3603
24
3604
-1
3605
12
3606
19
3607
38
3608
81
3609
-1
3610
30
3611
70
3612
60
3613
14
3614
-1
3615
33
3616
183
3617
49
3618
55
3619
-1
3620
3
3621
184
3622
94
3623
16
3624
-1
3625
129
3626
186
3627
67
3628
174
3629
-1
3630
103
3631
43
3632
123
3633
187
3634
-1
3635
134
3636
66
3637
113
3638
9
3639
-1
3640
191
3641
132
3642
162
3643
163
3644
-1
3645
136
3646
131
3647
28
3648
25
3649
-1
3650
125
3651
140
3652
124
3653
74
3654
-1
3655
191
3656
156
3657
93
3658
76
3659
-1
3660
70
3661
122
3662
28
3663
189
3664
-1
3665
63
3666
42
3667
26
3668
103
3669
-1
3670
31
3671
2
3672
90
3673
8
3674
-1
3675
118
3676
129
3677
173
3678
133
3679
-1
3680
164
3681
143
3682
135
3683
105
3684
-1
3685
76
3686
60
3687
94
3688
172
3689
-1
3690
135
3691
1
3692
62
3693
63
3694
-1
3695
30
3696
63
3697
179
3698
128
3699
-1
3700
100
3701
41
3702
61
3703
6
3704
-1
3705
94
3706
154
3707
164
3708
165
3709
-1
3710
142
3711
30
3712
167
3713
124
3714
-1
3715
110
3716
14
3717
87
3718
10
3719
-1
3720
149
3721
185
3722
66
3723
181
3724
-1
3725
140
3726
155
3727
44
3728
106
3729
-1
3730
191
3731
81
3732
130
3733
88
3734
-1
3735
136
3736
158
3737
32
3738
51
3739
-1
3740
118
3741
102
3742
120
3743
101
3744
-1
3745
180
3746
42
3747
17
3748
78
3749
-1
3750
123
3751
188
3752
110
3753
24
3754
-1
3755
118
3756
124
3757
34
3758
187
3759
-1
3760
131
3761
29
3762
142
3763
126
3764
-1
3765
155
3766
116
3767
39
3768
112
3769
-1
3770
43
3771
121
3772
172
3773
104
3774
-1
3775
70
3776
47
3777
183
3778
169
3779
-1
3780
75
3781
44
3782
47
3783
30
3784
-1
3785
78
3786
38
3787
51
3788
112
3789
-1
3790
30
3791
155
3792
130
3793
25
3794
-1
3795
125
3796
190
3797
23
3798
158
3799
-1
3800
174
3801
103
3802
27
3803
176
3804
-1
3805
0
3806
37
3807
150
3808
25
3809
-1
3810
173
3811
63
3812
50
3813
178
3814
-1
3815
153
3816
100
3817
56
3818
16
3819
-1
3820
134
3821
4
3822
45
3823
161
3824
-1
3825
72
3826
88
3827
130
3828
35
3829
-1
3830
80
3831
126
3832
84
3833
74
3834
-1
3835
47
3836
124
3837
55
3838
25
3839
-1
3840
93
3841
26
3842
82
3843
38
3844
-1
3845
35
3846
88
3847
173
3848
92
3849
-1
3850
187
3851
145
3852
53
3853
31
3854
-1
3855
138
3856
20
3857
5
3858
128
3859
-1
3860
105
3861
50
3862
45
3863
128
3864
-1
3865
107
3866
154
3867
87
3868
35
3869
-1
3870
9
3871
8
3872
22
3873
138
3874
-1
3875
47
3876
108
3877
160
3878
144
3879
-1
3880
151
3881
163
3882
138
3883
171
3884
-1
3885
121
3886
136
3887
83
3888
34
3889
-1
3890
102
3891
162
3892
176
3893
20
3894
-1
3895
4
3896
145
3897
57
3898
145
3899
-1
3900
47
3901
179
3902
21
3903
43
3904
-1
3905
64
3906
8
3907
56
3908
57
3909
-1
3910
86
3911
103
3912
47
3913
96
3914
-1
3915
137
3916
13
3917
52
3918
154
3919
-1
3920
42
3921
81
3922
60
3923
163
3924
-1
3925
72
3926
87
3927
25
3928
64
3929
-1
3930
21
3931
79
3932
183
3933
98
3934
-1
3935
141
3936
146
3937
125
3938
64
3939
-1
3940
171
3941
15
3942
146
3943
167
3944
-1
3945
104
3946
59
3947
93
3948
123
3949
-1
3950
111
3951
191
3952
17
3953
180
3954
-1
3955
152
3956
111
3957
189
3958
39
3959
-1
3960
177
3961
31
3962
66
3963
22
3964
-1
3965
8
3966
59
3967
38
3968
30
3969
-1
3970
60
3971
150
3972
121
3973
95
3974
-1
3975
138
3976
152
3977
163
3978
102
3979
-1
3980
159
3981
133
3982
53
3983
63
3984
-1
3985
73
3986
128
3987
38
3988
84
3989
-1
3990
178
3991
71
3992
12
3993
108
3994
-1
3995
76
3996
112
3997
172
3998
151
3999
-1
4000
173
4001
77
4002
4
4003
153
4004
-1
4005
173
4006
23
4007
29
4008
89
4009
-1
4010
142
4011
134
4012
71
4013
140
4014
-1
4015
6
4016
98
4017
149
4018
80
4019
-1
4020
153
4021
128
4022
53
4023
20
4024
-1
4025
70
4026
153
4027
75
4028
123
4029
-1
4030
169
4031
22
4032
102
4033
51
4034
-1
4035
72
4036
8
4037
28
4038
151
4039
-1
4040
102
4041
35
4042
164
4043
161
4044
-1
4045
116
4046
109
4047
143
4048
100
4049
-1
4050
118
4051
57
4052
138
4053
85
4054
-1
4055
42
4056
4
4057
173
4058
26
4059
-1
4060
74
4061
164
4062
42
4063
88
4064
-1
4065
110
4066
149
4067
51
4068
46
4069
-1
4070
48
4071
75
4072
149
4073
87
4074
-1
4075
129
4076
131
4077
26
4078
20
4079
-1
4080
185
4081
165
4082
68
4083
130
4084
-1
4085
99
4086
103
4087
163
4088
39
4089
-1
4090
114
4091
172
4092
177
4093
145
4094
-1
4095
163
4096
163
4097
103
4098
67
4099
-1
4100
18
4101
168
4102
146
4103
34
4104
-1
4105
191
4106
191
4107
14
4108
185
4109
-1
4110
153
4111
102
4112
92
4113
28
4114
-1
4115
117
4116
148
4117
165
4118
181
4119
-1
4120
45
4121
183
4122
158
4123
26
4124
-1
4125
92
4126
20
4127
81
4128
85
4129
-1
4130
59
4131
37
4132
96
4133
126
4134
-1
4135
10
4136
75
4137
156
4138
125
4139
-1
4140
27
4141
65
4142
175
4143
11
4144
-1
4145
102
4146
104
4147
115
4148
93
4149
-1
4150
36
4151
52
4152
57
4153
78
4154
-1
4155
95
4156
151
4157
166
4158
34
4159
-1
4160
37
4161
17
4162
0
4163
94
4164
-1
4165
68
4166
77
4167
26
4168
88
4169
-1
4170
154
4171
106
4172
57
4173
187
4174
-1
4175
54
4176
150
4177
84
4178
54
4179
-1
4180
112
4181
57
4182
190
4183
121
4184
-1
4185
5
4186
72
4187
134
4188
69
4189
-1
4190
103
4191
14
4192
141
4193
129
4194
-1
4195
16
4196
58
4197
60
4198
62
4199
-1
4200
2
4201
39
4202
11
4203
65
4204
-1
4205
116
4206
118
4207
58
4208
74
4209
-1
4210
48
4211
97
4212
170
4213
86
4214
-1
4215
101
4216
168
4217
139
4218
103
4219
-1
4220
164
4221
122
4222
179
4223
103
4224
-1
4225
60
4226
122
4227
133
4228
113
4229
-1
4230
177
4231
80
4232
2
4233
100
4234
-1
4235
101
4236
129
4237
184
4238
120
4239
-1
4240
81
4241
132
4242
97
4243
64
4244
-1
4245
143
4246
132
4247
48
4248
165
4249
-1
4250
47
4251
37
4252
146
4253
165
4254
-1
4255
94
4256
10
4257
28
4258
5
4259
-1
4260
110
4261
146
4262
59
4263
88
4264
-1
4265
9
4266
16
4267
87
4268
143
4269
-1
4270
40
4271
54
4272
162
4273
65
4274
-1
4275
103
4276
83
4277
100
4278
1
4279
-1
4280
153
4281
175
4282
113
4283
11
4284
-1
4285
159
4286
112
4287
57
4288
109
4289
-1
4290
87
4291
1
4292
161
4293
65
4294
-1
4295
165
4296
90
4297
176
4298
159
4299
-1
4300
18
4301
9
4302
103
4303
92
4304
-1
4305
180
4306
96
4307
77
4308
164
4309
-1
4310
104
4311
110
4312
176
4313
187
4314
-1
4315
30
4316
164
4317
157
4318
155
4319
-1
4320
56
4321
58
4322
46
4323
114
4324
-1
4325
156
4326
95
4327
112
4328
120
4329
-1
4330
151
4331
37
4332
102
4333
87
4334
-1
4335
97
4336
74
4337
181
4338
173
4339
-1
4340
109
4341
84
4342
127
4343
35
4344
-1
4345
7
4346
175
4347
134
4348
47
4349
-1
4350
3
4351
9
4352
125
4353
160
4354
-1
4355
3
4356
154
4357
170
4358
46
4359
-1
4360
134
4361
119
4362
25
4363
24
4364
-1
4365
161
4366
117
4367
35
4368
0
4369
-1
4370
147
4371
22
4372
120
4373
153
4374
-1
4375
39
4376
26
4377
102
4378
94
4379
-1
4380
39
4381
109
4382
4
4383
133
4384
-1
4385
172
4386
60
4387
180
4388
189
4389
-1
4390
35
4391
2
4392
44
4393
32
4394
-1
4395
142
4396
102
4397
141
4398
106
4399
-1
4400
38
4401
40
4402
59
4403
58
4404
-1
4405
184
4406
5
4407
95
4408
173
4409
-1
4410
91
4411
62
4412
174
4413
33
4414
-1
4415
109
4416
164
4417
1
4418
107
4419
-1
4420
125
4421
5
4422
20
4423
21
4424
-1
4425
153
4426
181
4427
148
4428
165
4429
-1
4430
33
4431
84
4432
182
4433
144
4434
-1
4435
18
4436
104
4437
40
4438
73
4439
-1
4440
78
4441
135
4442
154
4443
106
4444
-1
4445
65
4446
27
4447
110
4448
79
4449
-1
4450
117
4451
144
4452
191
4453
63
4454
-1
4455
123
4456
55
4457
113
4458
101
4459
-1
4460
121
4461
174
4462
22
4463
148
4464
-1
4465
150
4466
123
4467
109
4468
64
4469
-1
4470
147
4471
46
4472
62
4473
59
4474
-1
4475
156
4476
16
4477
165
4478
110
4479
-1
4480
175
4481
147
4482
73
4483
35
4484
-1
4485
42
4486
79
4487
7
4488
8
4489
-1
4490
7
4491
80
4492
132
4493
90
4494
-1
4495
81
4496
109
4497
7
4498
51
4499
-1
4500
56
4501
94
4502
10
4503
63
4504
-1
4505
175
4506
54
4507
47
4508
20
4509
-1
4510
44
4511
38
4512
57
4513
4
4514
-1
4515
87
4516
105
4517
185
4518
185
4519
-1
4520
136
4521
118
4522
129
4523
187
4524
-1
4525
51
4526
35
4527
114
4528
134
4529
-1
4530
34
4531
46
4532
144
4533
142
4534
-1
4535
169
4536
34
4537
91
4538
152
4539
-1
4540
138
4541
187
4542
178
4543
94
4544
-1
4545
133
4546
67
4547
75
4548
48
4549
-1
4550
191
4551
44
4552
11
4553
170
4554
-1
4555
0
4556
30
4557
180
4558
1
4559
-1
4560
148
4561
127
4562
29
4563
38
4564
-1
4565
6
4566
149
4567
189
4568
145
4569
-1
4570
60
4571
122
4572
169
4573
77
4574
-1
4575
24
4576
31
4577
144
4578
190
4579
-1
4580
35
4581
114
4582
101
4583
47
4584
-1
4585
47
4586
50
4587
176
4588
175
4589
-1
4590
189
4591
97
4592
11
4593
134
4594
-1
4595
179
4596
143
4597
52
4598
104
4599
-1
4600
180
4601
159
4602
124
4603
183
4604
-1
4605
28
4606
134
4607
76
4608
65
4609
-1
4610
64
4611
54
4612
20
4613
59
4614
-1
4615
99
4616
132
4617
121
4618
62
4619
-1
4620
107
4621
113
4622
108
4623
99
4624
-1
4625
59
4626
190
4627
174
4628
63
4629
-1
4630
60
4631
43
4632
96
4633
90
4634
-1
4635
166
4636
50
4637
26
4638
151
4639
-1
4640
65
4641
40
4642
187
4643
96
4644
-1
4645
125
4646
21
4647
35
4648
188
4649
-1
4650
133
4651
38
4652
50
4653
28
4654
-1
4655
49
4656
80
4657
0
4658
63
4659
-1
4660
156
4661
70
4662
120
4663
1
4664
-1
4665
110
4666
55
4667
130
4668
89
4669
-1
4670
94
4671
127
4672
78
4673
99
4674
-1
4675
62
4676
43
4677
35
4678
165
4679
-1
4680
57
4681
77
4682
46
4683
114
4684
-1
4685
156
4686
151
4687
55
4688
131
4689
-1
4690
119
4691
78
4692
109
4693
19
4694
-1
4695
150
4696
94
4697
13
4698
99
4699
-1
4700
75
4701
61
4702
191
4703
140
4704
-1
4705
157
4706
17
4707
103
4708
6
4709
-1
4710
152
4711
71
4712
97
4713
30
4714
-1
4715
58
4716
15
4717
120
4718
127
4719
-1
4720
180
4721
154
4722
124
4723
40
4724
-1
4725
36
4726
85
4727
89
4728
57
4729
-1
4730
138
4731
63
4732
126
4733
141
4734
-1
4735
175
4736
69
4737
94
4738
99
4739
-1
4740
28
4741
152
4742
140
4743
9
4744
-1
4745
62
4746
4
4747
51
4748
119
4749
-1
4750
153
4751
56
4752
75
4753
56
4754
-1
4755
90
4756
162
4757
57
4758
46
4759
-1
4760
96
4761
144
4762
163
4763
49
4764
-1
4765
137
4766
99
4767
68
4768
93
4769
-1
4770
134
4771
44
4772
54
4773
80
4774
-1
4775
181
4776
51
4777
24
4778
163
4779
-1
4780
119
4781
83
4782
98
4783
138
4784
-1
4785
159
4786
20
4787
10
4788
91
4789
-1
4790
110
4791
107
4792
10
4793
26
4794
-1
4795
138
4796
19
4797
179
4798
98
4799
-1
4800
65
4801
185
4802
15
4803
113
4804
-1
4805
137
4806
44
4807
172
4808
89
4809
-1
4810
122
4811
140
4812
74
4813
102
4814
-1
4815
42
4816
1
4817
166
4818
75
4819
-1
4820
14
4821
155
4822
191
4823
46
4824
-1
4825
78
4826
12
4827
152
4828
128
4829
-1
4830
74
4831
19
4832
176
4833
117
4834
-1
4835
65
4836
151
4837
41
4838
61
4839
-1
4840
145
4841
135
4842
35
4843
53
4844
-1
4845
175
4846
83
4847
46
4848
182
4849
-1
4850
176
4851
20
4852
136
4853
184
4854
-1
4855
70
4856
117
4857
137
4858
173
4859
-1
4860
130
4861
169
4862
42
4863
170
4864
-1
4865
178
4866
39
4867
31
4868
127
4869
-1
4870
28
4871
108
4872
162
4873
123
4874
-1
4875
187
4876
39
4877
86
4878
67
4879
-1
4880
7
4881
94
4882
94
4883
85
4884
-1
4885
51
4886
19
4887
154
4888
124
4889
-1
4890
116
4891
49
4892
159
4893
75
4894
-1
4895
186
4896
65
4897
3
4898
149
4899
-1
4900
135
4901
165
4902
112
4903
155
4904
-1
4905
15
4906
171
4907
86
4908
125
4909
-1
4910
36
4911
52
4912
153
4913
56
4914
-1
4915
9
4916
29
4917
144
4918
167
4919
-1
4920
132
4921
15
4922
49
4923
158
4924
-1
4925
142
4926
136
4927
157
4928
5
4929
-1
4930
56
4931
180
4932
169
4933
128
4934
-1
4935
4
4936
79
4937
44
4938
22
4939
-1
4940
127
4941
36
4942
20
4943
111
4944
-1
4945
148
4946
129
4947
123
4948
35
4949
-1
4950
27
4951
40
4952
157
4953
95
4954
-1
4955
19
4956
137
4957
38
4958
101
4959
-1
4960
154
4961
41
4962
160
4963
20
4964
-1
4965
4
4966
117
4967
27
4968
52
4969
-1
4970
34
4971
119
4972
57
4973
80
4974
-1
4975
20
4976
53
4977
67
4978
24
4979
-1
4980
140
4981
183
4982
31
4983
112
4984
-1
4985
22
4986
58
4987
125
4988
142
4989
-1
4990
64
4991
124
4992
4
4993
87
4994
-1
4995
189
4996
8
4997
12
4998
82
4999
-1
5000
40
5001
92
5002
100
5003
170
5004
-1
5005
20
5006
161
5007
51
5008
116
5009
-1
5010
163
5011
9
5012
131
5013
157
5014
-1
5015
143
5016
95
5017
172
5018
52
5019
-1
5020
191
5021
59
5022
50
5023
9
5024
-1
5025
188
5026
38
5027
71
5028
29
5029
-1
5030
37
5031
19
5032
122
5033
121
5034
-1
5035
154
5036
124
5037
16
5038
167
5039
-1
5040
136
5041
151
5042
79
5043
50
5044
-1
5045
24
5046
139
5047
118
5048
21
5049
-1
5050
134
5051
76
5052
122
5053
134
5054
-1
5055
0
5056
86
5057
3
5058
148
5059
-1
5060
50
5061
135
5062
14
5063
188
5064
-1
5065
106
5066
119
5067
167
5068
116
5069
-1
5070
47
5071
184
5072
53
5073
87
5074
-1
5075
153
5076
116
5077
153
5078
47
5079
-1
5080
183
5081
5
5082
60
5083
97
5084
-1
5085
180
5086
42
5087
87
5088
71
5089
-1
5090
95
5091
59
5092
117
5093
168
5094
-1
5095
163
5096
41
5097
139
5098
169
5099
-1
5100
175
5101
161
5102
136
5103
131
5104
-1
5105
71
5106
31
5107
85
5108
186
5109
-1
5110
131
5111
165
5112
90
5113
117
5114
-1
5115
26
5116
79
5117
68
5118
107
5119
-1
5120
99
5121
86
5122
60
5123
184
5124
-1
5125
174
5126
184
5127
41
5128
181
5129
-1
5130
169
5131
70
5132
157
5133
25
5134
-1
5135
5
5136
169
5137
89
5138
39
5139
-1
5140
178
5141
131
5142
62
5143
148
5144
-1
5145
139
5146
93
5147
52
5148
6
5149
-1
5150
62
5151
3
5152
68
5153
18
5154
-1
5155
84
5156
185
5157
58
5158
108
5159
-1
5160
95
5161
102
5162
82
5163
74
5164
-1
5165
37
5166
1
5167
23
5168
181
5169
-1
5170
18
5171
17
5172
128
5173
110
5174
-1
5175
59
5176
50
5177
113
5178
11
5179
-1
5180
30
5181
59
5182
82
5183
28
5184
-1
5185
131
5186
142
5187
113
5188
134
5189
-1
5190
115
5191
184
5192
30
5193
66
5194
-1
5195
186
5196
136
5197
33
5198
144
5199
-1
5200
134
5201
46
5202
92
5203
107
5204
-1
5205
35
5206
30
5207
107
5208
153
5209
-1
5210
168
5211
168
5212
91
5213
36
5214
-1
5215
121
5216
32
5217
73
5218
69
5219
-1
5220
130
5221
181
5222
8
5223
13
5224
-1
5225
181
5226
183
5227
37
5228
188
5229
-1
5230
119
5231
169
5232
40
5233
65
5234
-1
5235
54
5236
152
5237
105
5238
41
5239
-1
5240
174
5241
90
5242
153
5243
158
5244
-1
5245
99
5246
180
5247
110
5248
105
5249
-1
5250
6
5251
188
5252
98
5253
44
5254
-1
5255
133
5256
35
5257
164
5258
78
5259
-1
5260
120
5261
27
5262
66
5263
143
5264
-1
5265
26
5266
158
5267
164
5268
101
5269
-1
5270
130
5271
90
5272
151
5273
72
5274
-1
5275
171
5276
152
5277
121
5278
74
5279
-1
5280
99
5281
191
5282
135
5283
68
5284
-1
5285
162
5286
12
5287
154
5288
76
5289
-1
5290
189
5291
66
5292
39
5293
113
5294
-1
5295
33
5296
171
5297
168
5298
135
5299
-1
5300
89
5301
134
5302
137
5303
142
5304
-1
5305
23
5306
128
5307
22
5308
22
5309
-1
5310
32
5311
102
5312
167
5313
12
5314
-1
5315
44
5316
124
5317
131
5318
104
5319
-1
5320
141
5321
57
5322
47
5323
160
5324
-1
5325
25
5326
143
5327
89
5328
69
5329
-1
5330
162
5331
90
5332
166
5333
87
5334
-1
5335
66
5336
118
5337
112
5338
149
5339
-1
5340
103
5341
73
5342
98
5343
16
5344
-1
5345
180
5346
48
5347
89
5348
93
5349
-1
5350
58
5351
155
5352
86
5353
44
5354
-1
5355
44
5356
142
5357
56
5358
115
5359
-1
5360
54
5361
176
5362
72
5363
145
5364
-1
5365
44
5366
95
5367
70
5368
80
5369
-1
5370
69
5371
55
5372
147
5373
85
5374
-1
5375
126
5376
99
5377
158
5378
82
5379
-1
5380
107
5381
84
5382
131
5383
49
5384
-1
5385
80
5386
166
5387
126
5388
81
5389
-1
5390
135
5391
18
5392
51
5393
115
5394
-1
5395
7
5396
57
5397
22
5398
144
5399
-1
5400
128
5401
45
5402
98
5403
4
5404
-1
5405
64
5406
176
5407
144
5408
125
5409
-1
5410
35
5411
64
5412
77
5413
15
5414
-1
5415
116
5416
143
5417
74
5418
1
5419
-1
5420
173
5421
105
5422
78
5423
167
5424
-1
5425
42
5426
9
5427
141
5428
155
5429
-1
5430
134
5431
104
5432
24
5433
167
5434
-1
5435
48
5436
105
5437
24
5438
128
5439
-1
5440
152
5441
5
5442
74
5443
138
5444
-1
5445
12
5446
64
5447
187
5448
52
5449
-1
5450
28
5451
32
5452
117
5453
62
5454
-1
5455
133
5456
170
5457
15
5458
181
5459
-1
5460
91
5461
158
5462
7
5463
124
5464
-1
5465
115
5466
91
5467
45
5468
13
5469
-1
5470
118
5471
53
5472
172
5473
36
5474
-1
5475
168
5476
186
5477
53
5478
143
5479
-1
5480
51
5481
171
5482
122
5483
165
5484
-1
5485
171
5486
101
5487
2
5488
191
5489
-1
5490
11
5491
1
5492
131
5493
3
5494
-1
5495
17
5496
122
5497
92
5498
118
5499
-1
5500
154
5501
139
5502
174
5503
28
5504
-1
5505
128
5506
66
5507
141
5508
96
5509
-1
5510
7
5511
1
5512
106
5513
60
5514
-1
5515
18
5516
126
5517
72
5518
7
5519
-1
5520
16
5521
171
5522
164
5523
101
5524
-1
5525
165
5526
29
5527
79
5528
94
5529
-1
5530
27
5531
84
5532
65
5533
0
5534
-1
5535
46
5536
122
5537
157
5538
112
5539
-1
5540
36
5541
148
5542
132
5543
38
5544
-1
5545
146
5546
117
5547
15
5548
96
5549
-1
5550
146
5551
164
5552
23
5553
77
5554
-1
5555
58
5556
170
5557
189
5558
111
5559
-1
5560
155
5561
141
5562
86
5563
148
5564
-1
5565
15
5566
30
5567
103
5568
149
5569
-1
5570
188
5571
185
5572
137
5573
112
5574
-1
5575
15
5576
110
5577
32
5578
103
5579
-1
5580
18
5581
41
5582
81
5583
109
5584
-1
5585
57
5586
187
5587
3
5588
144
5589
-1
5590
125
5591
114
5592
4
5593
158
5594
-1
5595
186
5596
183
5597
150
5598
190
5599
-1
5600
106
5601
159
5602
90
5603
83
5604
-1
5605
115
5606
157
5607
160
5608
52
5609
-1
5610
185
5611
1
5612
30
5613
132
5614
-1
5615
90
5616
185
5617
161
5618
101
5619
-1
5620
104
5621
83
5622
46
5623
13
5624
-1
5625
132
5626
144
5627
5
5628
180
5629
-1
5630
163
5631
134
5632
130
5633
157
5634
-1
5635
91
5636
122
5637
174
5638
118
5639
-1
5640
23
5641
187
5642
128
5643
22
5644
-1
5645
117
5646
123
5647
53
5648
86
5649
-1
5650
72
5651
55
5652
150
5653
28
5654
-1
5655
176
5656
133
5657
121
5658
11
5659
-1
5660
20
5661
43
5662
125
5663
29
5664
-1
5665
155
5666
148
5667
44
5668
18
5669
-1
5670
190
5671
159
5672
146
5673
44
5674
-1
5675
3
5676
46
5677
91
5678
113
5679
-1
5680
129
5681
41
5682
143
5683
130
5684
-1
5685
91
5686
89
5687
187
5688
124
5689
-1
5690
87
5691
73
5692
169
5693
150
5694
-1
5695
61
5696
48
5697
90
5698
38
5699
-1
5700
15
5701
13
5702
100
5703
132
5704
-1
5705
153
5706
136
5707
49
5708
81
5709
-1
5710
174
5711
1
5712
29
5713
54
5714
-1
5715
116
5716
154
5717
21
5718
173
5719
-1
5720
12
5721
189
5722
28
5723
127
5724
-1
5725
65
5726
13
5727
73
5728
51
5729
-1
5730
165
5731
129
5732
114
5733
1
5734
-1
5735
103
5736
146
5737
148
5738
175
5739
-1
5740
78
5741
189
5742
170
5743
136
5744
-1
5745
161
5746
114
5747
135
5748
64
5749
-1
5750
67
5751
160
5752
83
5753
128
5754
-1
5755
35
5756
9
5757
179
5758
7
5759
-1
5760
162
5761
137
5762
99
5763
65
5764
-1
5765
186
5766
74
5767
134
5768
54
5769
-1
5770
90
5771
164
5772
44
5773
179
5774
-1
5775
145
5776
68
5777
80
5778
190
5779
-1
5780
37
5781
164
5782
40
5783
74
5784
-1
5785
108
5786
115
5787
180
5788
28
5789
-1
5790
24
5791
86
5792
86
5793
2
5794
-1
5795
74
5796
186
5797
81
5798
152
5799
-1
5800
43
5801
154
5802
26
5803
49
5804
-1
5805
121
5806
115
5807
142
5808
57
5809
-1
5810
172
5811
3
5812
120
5813
107
5814
-1
5815
153
5816
118
5817
140
5818
69
5819
-1
5820
86
5821
133
5822
99
5823
103
5824
-1
5825
105
5826
33
5827
152
5828
4
5829
-1
5830
98
5831
46
5832
161
5833
60
5834
-1
5835
111
5836
188
5837
31
5838
154
5839
-1
5840
28
5841
143
5842
123
5843
161
5844
-1
5845
89
5846
99
5847
99
5848
113
5849
-1
5850
13
5851
177
5852
2
5853
89
5854
-1
5855
80
5856
24
5857
117
5858
167
5859
-1
5860
3
5861
35
5862
131
5863
181
5864
-1
5865
110
5866
168
5867
146
5868
71
5869
-1
5870
57
5871
45
5872
114
5873
105
5874
-1
5875
9
5876
57
5877
31
5878
145
5879
-1
5880
148
5881
135
5882
86
5883
0
5884
-1
5885
2
5886
150
5887
50
5888
76
5889
-1
5890
181
5891
45
5892
93
5893
37
5894
-1
5895
138
5896
135
5897
56
5898
90
5899
-1
5900
65
5901
89
5902
122
5903
133
5904
-1
5905
140
5906
147
5907
108
5908
142
5909
-1
5910
180
5911
151
5912
16
5913
51
5914
-1
5915
56
5916
72
5917
97
5918
87
5919
-1
5920
1
5921
0
5922
112
5923
2
5924
-1
5925
46
5926
5
5927
189
5928
41
5929
-1
5930
85
5931
124
5932
46
5933
179
5934
-1
5935
39
5936
59
5937
148
5938
34
5939
-1
5940
182
5941
23
5942
16
5943
26
5944
-1
5945
130
5946
52
5947
112
5948
54
5949
-1
5950
83
5951
168
5952
34
5953
69
5954
-1
5955
119
5956
120
5957
148
5958
130
5959
-1
5960
59
5961
62
5962
117
5963
170
5964
-1
5965
84
5966
150
5967
155
5968
45
5969
-1
5970
108
5971
79
5972
5
5973
150
5974
-1
5975
2
5976
21
5977
152
5978
157
5979
-1
5980
146
5981
109
5982
60
5983
106
5984
-1
5985
39
5986
137
5987
16
5988
67
5989
-1
5990
0
5991
103
5992
149
5993
22
5994
-1
5995
75
5996
189
5997
176
5998
142
5999
-1
6000
136
6001
31
6002
80
6003
115
6004
-1
6005
146
6006
178
6007
72
6008
147
6009
-1
6010
48
6011
30
6012
133
6013
166
6014
-1
6015
66
6016
115
6017
113
6018
175
6019
-1
6020
157
6021
154
6022
95
6023
75
6024
-1
6025
19
6026
49
6027
46
6028
116
6029
-1
6030
153
6031
115
6032
127
6033
169
6034
-1
6035
113
6036
110
6037
107
6038
150
6039
-1
6040
136
6041
1
6042
77
6043
102
6044
-1
6045
149
6046
180
6047
33
6048
140
6049
-1
6050
117
6051
136
6052
125
6053
115
6054
-1
6055
13
6056
68
6057
55
6058
53
6059
-1
6060
22
6061
6
6062
72
6063
45
6064
-1
6065
20
6066
170
6067
10
6068
151
6069
-1
6070
45
6071
27
6072
189
6073
142
6074
-1
6075
14
6076
176
6077
125
6078
94
6079
-1
6080
188
6081
28
6082
120
6083
16
6084
-1
6085
97
6086
39
6087
90
6088
61
6089
-1
6090
79
6091
173
6092
55
6093
164
6094
-1
6095
121
6096
140
6097
124
6098
120
6099
-1
6100
16
6101
135
6102
68
6103
22
6104
-1
6105
24
6106
108
6107
102
6108
74
6109
-1
6110
146
6111
186
6112
71
6113
122
6114
-1
6115
178
6116
21
6117
141
6118
102
6119
-1
6120
63
6121
129
6122
85
6123
135
6124
-1
6125
64
6126
94
6127
49
6128
56
6129
-1
6130
188
6131
72
6132
102
6133
60
6134
-1
6135
111
6136
98
6137
175
6138
71
6139
-1
6140
166
6141
158
6142
136
6143
132
6144
-1
6145
151
6146
79
6147
180
6148
167
6149
-1
6150
62
6151
119
6152
101
6153
74
6154
-1
6155
34
6156
108
6157
76
6158
89
6159
-1
6160
33
6161
135
6162
158
6163
55
6164
-1
6165
92
6166
67
6167
80
6168
185
6169
-1
6170
0
6171
2
6172
102
6173
82
6174
-1
6175
83
6176
85
6177
13
6178
166
6179
-1
6180
18
6181
136
6182
62
6183
127
6184
-1
6185
14
6186
39
6187
67
6188
78
6189
-1
6190
48
6191
49
6192
165
6193
172
6194
-1
6195
118
6196
42
6197
82
6198
130
6199
-1
6200
86
6201
189
6202
155
6203
150
6204
-1
6205
29
6206
128
6207
47
6208
68
6209
-1
6210
26
6211
166
6212
68
6213
141
6214
-1
6215
5
6216
106
6217
135
6218
77
6219
-1
6220
21
6221
102
6222
146
6223
4
6224
-1
6225
58
6226
3
6227
176
6228
24
6229
-1
6230
137
6231
129
6232
0
6233
189
6234
-1
6235
109
6236
18
6237
52
6238
167
6239
-1
6240
59
6241
149
6242
103
6243
14
6244
-1
6245
138
6246
136
6247
98
6248
16
6249
-1
6250
63
6251
30
6252
4
6253
79
6254
-1
6255
143
6256
39
6257
0
6258
139
6259
-1
6260
160
6261
6
6262
132
6263
90
6264
-1
6265
146
6266
11
6267
29
6268
33
6269
-1
6270
19
6271
123
6272
105
6273
45
6274
-1
6275
189
6276
72
6277
179
6278
32
6279
-1
6280
111
6281
178
6282
174
6283
140
6284
-1
6285
92
6286
172
6287
20
6288
4
6289
-1
6290
95
6291
126
6292
3
6293
191
6294
-1
6295
141
6296
119
6297
75
6298
26
6299
-1
6300
127
6301
74
6302
125
6303
125
6304
-1
6305
8
6306
69
6307
144
6308
15
6309
-1
6310
168
6311
153
6312
48
6313
166
6314
-1
6315
70
6316
184
6317
48
6318
27
6319
-1
6320
71
6321
146
6322
1
6323
19
6324
-1
6325
72
6326
79
6327
186
6328
148
6329
-1
6330
88
6331
54
6332
166
6333
185
6334
-1
6335
134
6336
15
6337
54
6338
30
6339
-1
6340
64
6341
141
6342
53
6343
96
6344
-1
6345
115
6346
52
6347
48
6348
97
6349
-1
6350
70
6351
89
6352
34
6353
64
6354
-1
6355
90
6356
107
6357
38
6358
97
6359
-1
6360
75
6361
48
6362
92
6363
103
6364
-1
6365
18
6366
110
6367
152
6368
86
6369
-1
6370
11
6371
71
6372
191
6373
86
6374
-1
6375
25
6376
121
6377
15
6378
63
6379
-1
6380
125
6381
55
6382
18
6383
31
6384
-1
6385
65
6386
20
6387
133
6388
154
6389
-1
6390
11
6391
77
6392
121
6393
189
6394
-1
6395
83
6396
16
6397
166
6398
36
6399
-1
6400
48
6401
50
6402
181
6403
169
6404
-1
6405
77
6406
91
6407
36
6408
91
6409
-1
6410
180
6411
7
6412
28
6413
75
6414
-1
6415
9
6416
77
6417
85
6418
94
6419
-1
6420
177
6421
34
6422
163
6423
142
6424
-1
6425
26
6426
154
6427
170
6428
105
6429
-1
6430
136
6431
122
6432
134
6433
33
6434
-1
6435
179
6436
9
6437
34
6438
82
6439
-1
6440
34
6441
147
6442
183
6443
188
6444
-1
6445
91
6446
70
6447
70
6448
169
6449
-1
6450
90
6451
129
6452
114
6453
55
6454
-1
6455
28
6456
188
6457
79
6458
80
6459
-1
6460
109
6461
158
6462
173
6463
158
6464
-1
6465
30
6466
66
6467
60
6468
130
6469
-1
6470
96
6471
15
6472
102
6473
153
6474
-1
6475
171
6476
32
6477
106
6478
118
6479
-1
6480
3
6481
130
6482
127
6483
160
6484
-1
6485
23
6486
106
6487
106
6488
108
6489
-1
6490
20
6491
115
6492
132
6493
142
6494
-1
6495
57
6496
36
6497
2
6498
171
6499
-1
6500
68
6501
167
6502
106
6503
2
6504
-1
6505
5
6506
53
6507
21
6508
37
6509
-1
6510
78
6511
28
6512
104
6513
22
6514
-1
6515
165
6516
180
6517
100
6518
100
6519
-1
6520
3
6521
83
6522
133
6523
24
6524
-1
6525
78
6526
15
6527
46
6528
40
6529
-1
6530
51
6531
179
6532
9
6533
88
6534
-1
6535
4
6536
59
6537
1
6538
106
6539
-1
6540
143
6541
54
6542
123
6543
12
6544
-1
6545
108
6546
129
6547
26
6548
38
6549
-1
6550
151
6551
179
6552
92
6553
52
6554
-1
6555
179
6556
127
6557
4
6558
12
6559
-1
6560
88
6561
183
6562
141
6563
108
6564
-1
6565
55
6566
25
6567
170
6568
14
6569
-1
6570
77
6571
103
6572
116
6573
89
6574
-1
6575
68
6576
0
6577
107
6578
38
6579
-1
6580
44
6581
163
6582
1
6583
190
6584
-1
6585
123
6586
20
6587
24
6588
25
6589
-1
6590
178
6591
18
6592
160
6593
73
6594
-1
6595
190
6596
131
6597
93
6598
47
6599
-1
6600
6
6601
118
6602
7
6603
107
6604
-1
6605
178
6606
135
6607
154
6608
131
6609
-1
6610
44
6611
92
6612
96
6613
46
6614
-1
6615
164
6616
154
6617
79
6618
81
6619
-1
6620
161
6621
58
6622
128
6623
86
6624
-1
6625
76
6626
110
6627
54
6628
179
6629
-1
6630
4
6631
81
6632
20
6633
100
6634
-1
6635
114
6636
1
6637
102
6638
71
6639
-1
6640
96
6641
107
6642
72
6643
89
6644
-1
6645
187
6646
43
6647
89
6648
23
6649
-1
6650
36
6651
98
6652
132
6653
153
6654
-1
6655
5
6656
106
6657
173
6658
100
6659
-1
6660
120
6661
87
6662
22
6663
11
6664
-1
6665
123
6666
95
6667
59
6668
102
6669
-1
6670
11
6671
55
6672
45
6673
32
6674
-1
6675
108
6676
135
6677
109
6678
78
6679
-1
6680
91
6681
23
6682
36
6683
167
6684
-1
6685
29
6686
163
6687
33
6688
43
6689
-1
6690
32
6691
23
6692
173
6693
16
6694
-1
6695
48
6696
53
6697
23
6698
26
6699
-1
6700
36
6701
88
6702
159
6703
181
6704
-1
6705
116
6706
186
6707
99
6708
151
6709
-1
6710
83
6711
140
6712
111
6713
15
6714
-1
6715
155
6716
115
6717
94
6718
172
6719
-1
6720
73
6721
118
6722
185
6723
168
6724
-1
6725
10
6726
154
6727
153
6728
90
6729
-1
6730
113
6731
29
6732
115
6733
167
6734
-1
6735
176
6736
11
6737
107
6738
185
6739
-1
6740
142
6741
39
6742
117
6743
101
6744
-1
6745
115
6746
123
6747
141
6748
45
6749
-1
6750
174
6751
44
6752
80
6753
115
6754
-1
6755
178
6756
101
6757
37
6758
186
6759
-1
6760
140
6761
9
6762
95
6763
101
6764
-1
6765
73
6766
49
6767
55
6768
7
6769
-1
6770
18
6771
108
6772
166
6773
107
6774
-1
6775
168
6776
23
6777
182
6778
122
6779
-1
6780
116
6781
137
6782
104
6783
101
6784
-1
6785
99
6786
35
6787
131
6788
155
6789
-1
6790
48
6791
15
6792
84
6793
101
6794
-1
6795
63
6796
189
6797
11
6798
78
6799
-1
6800
178
6801
18
6802
142
6803
149
6804
-1
6805
119
6806
124
6807
59
6808
64
6809
-1
6810
80
6811
25
6812
19
6813
76
6814
-1
6815
121
6816
11
6817
70
6818
132
6819
-1
6820
110
6821
143
6822
11
6823
124
6824
-1
6825
76
6826
68
6827
35
6828
167
6829
-1
6830
125
6831
61
6832
98
6833
140
6834
-1
6835
61
6836
71
6837
87
6838
84
6839
-1
6840
130
6841
85
6842
184
6843
135
6844
-1
6845
154
6846
88
6847
9
6848
46
6849
-1
6850
25
6851
112
6852
138
6853
102
6854
-1
6855
43
6856
191
6857
26
6858
142
6859
-1
6860
4
6861
97
6862
161
6863
5
6864
-1
6865
172
6866
45
6867
75
6868
165
6869
-1
6870
169
6871
15
6872
73
6873
172
6874
-1
6875
15
6876
96
6877
31
6878
160
6879
-1
6880
83
6881
99
6882
91
6883
54
6884
-1
6885
105
6886
130
6887
127
6888
34
6889
-1
6890
171
6891
111
6892
61
6893
150
6894
-1
6895
26
6896
100
6897
163
6898
71
6899
-1
6900
86
6901
68
6902
114
6903
101
6904
-1
6905
87
6906
74
6907
88
6908
79
6909
-1
6910
0
6911
108
6912
97
6913
27
6914
-1
6915
68
6916
10
6917
34
6918
39
6919
-1
6920
147
6921
21
6922
79
6923
66
6924
-1
6925
121
6926
157
6927
52
6928
66
6929
-1
6930
112
6931
174
6932
58
6933
102
6934
-1
6935
101
6936
87
6937
171
6938
105
6939
-1
6940
93
6941
81
6942
6
6943
27
6944
-1
6945
67
6946
68
6947
175
6948
78
6949
-1
6950
33
6951
4
6952
28
6953
147
6954
-1
6955
164
6956
16
6957
96
6958
74
6959
-1
6960
48
6961
166
6962
45
6963
115
6964
-1
6965
162
6966
0
6967
93
6968
114
6969
-1
6970
48
6971
24
6972
148
6973
134
6974
-1
6975
16
6976
176
6977
115
6978
44
6979
-1
6980
172
6981
4
6982
23
6983
21
6984
-1
6985
114
6986
46
6987
167
6988
93
6989
-1
6990
179
6991
96
6992
110
6993
104
6994
-1
6995
126
6996
171
6997
88
6998
46
6999
-1
7000
76
7001
188
7002
167
7003
106
7004
-1
7005
173
7006
78
7007
36
7008
1
7009
-1
7010
137
7011
190
7012
10
7013
35
7014
-1
7015
130
7016
190
7017
67
7018
132
7019
-1
7020
4
7021
175
7022
165
7023
107
7024
-1
7025
167
7026
95
7027
32
7028
110
7029
-1
7030
70
7031
32
7032
71
7033
133
7034
-1
7035
83
7036
39
7037
18
7038
60
7039
-1
7040
83
7041
138
7042
157
7043
110
7044
-1
7045
150
7046
137
7047
186
7048
36
7049
-1
7050
29
7051
186
7052
44
7053
105
7054
-1
7055
48
7056
150
7057
17
7058
124
7059
-1
7060
69
7061
74
7062
98
7063
116
7064
-1
7065
9
7066
158
7067
114
7068
132
7069
-1
7070
174
7071
71
7072
164
7073
162
7074
-1
7075
37
7076
41
7077
160
7078
31
7079
-1
7080
16
7081
43
7082
16
7083
75
7084
-1
7085
124
7086
87
7087
106
7088
169
7089
-1
7090
104
7091
146
7092
121
7093
150
7094
-1
7095
147
7096
88
7097
15
7098
101
7099
-1
7100
48
7101
9
7102
181
7103
70
7104
-1
7105
38
7106
66
7107
59
7108
165
7109
-1
7110
149
7111
177
7112
97
7113
116
7114
-1
7115
82
7116
66
7117
141
7118
135
7119
-1
7120
46
7121
8
7122
44
7123
62
7124
-1
7125
28
7126
39
7127
123
7128
80
7129
-1
7130
98
7131
22
7132
30
7133
19
7134
-1
7135
123
7136
20
7137
118
7138
155
7139
-1
7140
99
7141
0
7142
147
7143
106
7144
-1
7145
92
7146
114
7147
81
7148
188
7149
-1
7150
0
7151
57
7152
139
7153
39
7154
-1
7155
176
7156
78
7157
68
7158
165
7159
-1
7160
83
7161
135
7162
46
7163
179
7164
-1
7165
69
7166
2
7167
88
7168
29
7169
-1
7170
108
7171
37
7172
98
7173
31
7174
-1
7175
115
7176
188
7177
12
7178
41
7179
-1
7180
70
7181
119
7182
46
7183
32
7184
-1
7185
35
7186
88
7187
108
7188
29
7189
-1
7190
4
7191
16
7192
189
7193
64
7194
-1
7195
135
7196
67
7197
37
7198
68
7199
-1
7200
146
7201
87
7202
48
7203
98
7204
-1
7205
30
7206
19
7207
4
7208
72
7209
-1
7210
76
7211
123
7212
109
7213
148
7214
-1
7215
27
7216
40
7217
154
7218
150
7219
-1
7220
187
7221
18
7222
22
7223
68
7224
-1
7225
96
7226
169
7227
118
7228
88
7229
-1
7230
118
7231
132
7232
181
7233
74
7234
-1
7235
127
7236
185
7237
167
7238
101
7239
-1
7240
106
7241
51
7242
143
7243
157
7244
-1
7245
67
7246
50
7247
5
7248
99
7249
-1
7250
21
7251
111
7252
66
7253
152
7254
-1
7255
26
7256
141
7257
71
7258
111
7259
-1
7260
78
7261
89
7262
85
7263
167
7264
-1
7265
180
7266
4
7267
174
7268
47
7269
-1
7270
11
7271
33
7272
184
7273
184
7274
-1
7275
145
7276
154
7277
38
7278
126
7279
-1
7280
153
7281
164
7282
65
7283
182
7284
-1
7285
68
7286
22
7287
159
7288
142
7289
-1
7290
190
7291
115
7292
17
7293
42
7294
-1
7295
37
7296
12
7297
110
7298
75
7299
-1
7300
14
7301
87
7302
116
7303
78
7304
-1
7305
169
7306
40
7307
134
7308
129
7309
-1
7310
138
7311
118
7312
86
7313
3
7314
-1
7315
25
7316
29
7317
23
7318
169
7319
-1
7320
28
7321
178
7322
144
7323
126
7324
-1
7325
109
7326
12
7327
137
7328
191
7329
-1
7330
90
7331
3
7332
92
7333
134
7334
-1
7335
88
7336
69
7337
8
7338
134
7339
-1
7340
92
7341
12
7342
174
7343
118
7344
-1
7345
52
7346
93
7347
191
7348
170
7349
-1
7350
120
7351
11
7352
29
7353
132
7354
-1
7355
126
7356
46
7357
56
7358
69
7359
-1
7360
56
7361
104
7362
100
7363
78
7364
-1
7365
24
7366
16
7367
85
7368
131
7369
-1
7370
171
7371
23
7372
165
7373
133
7374
-1
7375
66
7376
11
7377
82
7378
124
7379
-1
7380
18
7381
133
7382
131
7383
82
7384
-1
7385
119
7386
67
7387
106
7388
145
7389
-1
7390
77
7391
65
7392
191
7393
133
7394
-1
7395
184
7396
75
7397
133
7398
74
7399
-1
7400
127
7401
86
7402
156
7403
182
7404
-1
7405
113
7406
31
7407
104
7408
145
7409
-1
7410
105
7411
9
7412
40
7413
45
7414
-1
7415
139
7416
110
7417
125
7418
18
7419
-1
7420
126
7421
168
7422
49
7423
58
7424
-1
7425
109
7426
18
7427
180
7428
44
7429
-1
7430
67
7431
112
7432
77
7433
40
7434
-1
7435
71
7436
153
7437
103
7438
114
7439
-1
7440
53
7441
21
7442
177
7443
21
7444
-1
7445
153
7446
139
7447
67
7448
177
7449
-1
7450
141
7451
61
7452
138
7453
60
7454
-1
7455
136
7456
184
7457
158
7458
46
7459
-1
7460
69
7461
190
7462
146
7463
128
7464
-1
7465
53
7466
27
7467
111
7468
25
7469
-1
7470
184
7471
156
7472
105
7473
16
7474
-1
7475
147
7476
88
7477
125
7478
29
7479
-1
7480
20
7481
63
7482
31
7483
56
7484
-1
7485
22
7486
122
7487
9
7488
56
7489
-1
7490
74
7491
69
7492
7
7493
60
7494
-1
7495
172
7496
181
7497
121
7498
28
7499
-1
7500
137
7501
129
7502
0
7503
48
7504
-1
7505
149
7506
65
7507
153
7508
137
7509
-1
7510
16
7511
139
7512
80
7513
10
7514
-1
7515
170
7516
112
7517
153
7518
30
7519
-1
7520
56
7521
37
7522
73
7523
167
7524
-1
7525
170
7526
101
7527
166
7528
16
7529
-1
7530
106
7531
102
7532
178
7533
4
7534
-1
7535
136
7536
63
7537
70
7538
51
7539
-1
7540
11
7541
108
7542
130
7543
165
7544
-1
7545
76
7546
93
7547
137
7548
129
7549
-1
7550
108
7551
57
7552
84
7553
11
7554
-1
7555
51
7556
57
7557
90
7558
69
7559
-1
7560
75
7561
191
7562
10
7563
67
7564
-1
7565
144
7566
128
7567
100
7568
182
7569
-1
7570
169
7571
29
7572
40
7573
182
7574
-1
7575
161
7576
51
7577
113
7578
97
7579
-1
7580
100
7581
1
7582
45
7583
116
7584
-1
7585
41
7586
175
7587
97
7588
168
7589
-1
7590
38
7591
128
7592
161
7593
5
7594
-1
7595
147
7596
66
7597
188
7598
129
7599
-1
7600
31
7601
5
7602
150
7603
36
7604
-1
7605
162
7606
173
7607
159
7608
102
7609
-1
7610
98
7611
160
7612
176
7613
178
7614
-1
7615
33
7616
148
7617
172
7618
58
7619
-1
7620
96
7621
31
7622
88
7623
31
7624
-1
7625
133
7626
44
7627
173
7628
154
7629
-1
7630
55
7631
37
7632
87
7633
189
7634
-1
7635
31
7636
28
7637
36
7638
139
7639
-1
7640
123
7641
63
7642
35
7643
8
7644
-1
7645
27
7646
182
7647
76
7648
157
7649
-1
7650
60
7651
162
7652
3
7653
90
7654
-1
7655
41
7656
50
7657
116
7658
6
7659
-1
7660
120
7661
138
7662
2
7663
190
7664
-1
7665
5
7666
66
7667
148
7668
144
7669
-1
7670
115
7671
123
7672
147
7673
66
7674
-1
7675
157
7676
79
7677
74
7678
135
7679
-1
7680
159
7681
43
7682
8
7683
77
7684
-1
7685
161
7686
107
7687
148
7688
158
7689
-1
7690
58
7691
28
7692
110
7693
97
7694
-1
7695
172
7696
58
7697
74
7698
107
7699
-1
7700
18
7701
29
7702
136
7703
11
7704
-1
7705
11
7706
52
7707
146
7708
64
7709
-1
7710
19
7711
1
7712
127
7713
1
7714
-1
7715
3
7716
38
7717
120
7718
4
7719
-1
7720
91
7721
95
7722
75
7723
34
7724
-1
7725
170
7726
81
7727
53
7728
1
7729
-1
7730
70
7731
85
7732
184
7733
97
7734
-1
7735
36
7736
95
7737
169
7738
19
7739
-1
7740
169
7741
83
7742
18
7743
51
7744
-1
7745
24
7746
182
7747
157
7748
187
7749
-1
7750
78
7751
48
7752
24
7753
27
7754
-1
7755
147
7756
39
7757
22
7758
178
7759
-1
7760
75
7761
10
7762
12
7763
25
7764
-1
7765
136
7766
184
7767
156
7768
73
7769
-1
7770
52
7771
181
7772
90
7773
57
7774
-1
7775
161
7776
122
7777
21
7778
93
7779
-1
7780
1
7781
183
7782
145
7783
51
7784
-1
7785
87
7786
123
7787
116
7788
26
7789
-1
7790
136
7791
75
7792
89
7793
164
7794
-1
7795
19
7796
17
7797
108
7798
168
7799
-1
7800
92
7801
137
7802
46
7803
53
7804
-1
7805
46
7806
107
7807
21
7808
45
7809
-1
7810
113
7811
0
7812
56
7813
70
7814
-1
7815
139
7816
141
7817
40
7818
14
7819
-1
7820
130
7821
170
7822
58
7823
110
7824
-1
7825
149
7826
68
7827
133
7828
43
7829
-1
7830
128
7831
120
7832
57
7833
154
7834
-1
7835
171
7836
168
7837
64
7838
161
7839
-1
7840
164
7841
32
7842
124
7843
82
7844
-1
7845
93
7846
161
7847
47
7848
84
7849
-1
7850
133
7851
148
7852
14
7853
65
7854
-1
7855
17
7856
120
7857
139
7858
97
7859
-1
7860
66
7861
57
7862
141
7863
23
7864
-1
7865
186
7866
180
7867
99
7868
118
7869
-1
7870
171
7871
29
7872
185
7873
34
7874
-1
7875
36
7876
80
7877
24
7878
126
7879
-1
7880
101
7881
56
7882
27
7883
68
7884
-1
7885
20
7886
159
7887
77
7888
69
7889
-1
7890
29
7891
191
7892
168
7893
115
7894
-1
7895
138
7896
122
7897
81
7898
28
7899
-1
7900
61
7901
4
7902
10
7903
10
7904
-1
7905
49
7906
164
7907
77
7908
72
7909
-1
7910
80
7911
26
7912
48
7913
122
7914
-1
7915
179
7916
144
7917
139
7918
50
7919
-1
7920
117
7921
83
7922
147
7923
129
7924
-1
7925
177
7926
73
7927
42
7928
158
7929
-1
7930
36
7931
168
7932
0
7933
51
7934
-1
7935
88
7936
138
7937
46
7938
174
7939
-1
7940
63
7941
82
7942
0
7943
179
7944
-1
7945
24
7946
163
7947
163
7948
83
7949
-1
7950
147
7951
166
7952
180
7953
41
7954
-1
7955
79
7956
6
7957
160
7958
27
7959
-1
7960
115
7961
117
7962
39
7963
88
7964
-1
7965
68
7966
55
7967
126
7968
134
7969
-1
7970
60
7971
151
7972
1
7973
125
7974
-1
7975
107
7976
154
7977
116
7978
178
7979
-1
7980
64
7981
27
7982
69
7983
165
7984
-1
7985
149
7986
29
7987
143
7988
150
7989
-1
7990
128
7991
148
7992
159
7993
84
7994
-1
7995
157
7996
73
7997
182
7998
150
7999
-1
