********************************************************************************
The planted motif0 is:
TCGGAACGAACAGGG
0
141
1
102
2
58
3
181
4
-1
5
26
6
72
7
44
8
184
9
-1
10
137
11
36
12
65
13
100
14
-1
15
176
16
99
17
57
18
25
19
-1
20
47
21
69
22
20
23
105
24
-1
25
13
26
11
27
160
28
63
29
-1
30
158
31
85
32
63
33
5
34
-1
35
11
36
23
37
25
38
53
39
-1
40
122
41
35
42
20
43
161
44
-1
45
39
46
33
47
105
48
105
49
-1
50
170
51
136
52
63
53
172
54
-1
55
58
56
175
57
47
58
162
59
-1
60
63
61
112
62
92
63
154
64
-1
65
135
66
60
67
60
68
138
69
-1
70
25
71
141
72
115
73
121
74
-1
75
137
76
151
77
140
78
182
79
-1
80
76
81
38
82
157
83
49
84
-1
85
166
86
0
87
125
88
30
89
-1
90
55
91
18
92
24
93
173
94
-1
95
175
96
0
97
142
98
50
99
-1
100
93
101
162
102
69
103
140
104
-1
105
135
106
40
107
142
108
143
109
-1
110
129
111
109
112
90
113
146
114
-1
115
39
116
7
117
27
118
48
119
-1
120
10
121
32
122
158
123
114
124
-1
125
71
126
167
127
172
128
23
129
-1
130
56
131
137
132
101
133
94
134
-1
135
168
136
161
137
2
138
15
139
-1
140
110
141
77
142
28
143
171
144
-1
145
122
146
38
147
147
148
12
149
-1
150
134
151
39
152
32
153
58
154
-1
155
74
156
129
157
143
158
100
159
-1
160
153
161
12
162
76
163
135
164
-1
165
102
166
21
167
154
168
63
169
-1
170
152
171
166
172
35
173
19
174
-1
175
31
176
150
177
154
178
88
179
-1
180
85
181
109
182
178
183
0
184
-1
185
150
186
136
187
177
188
123
189
-1
190
77
191
78
192
96
193
177
194
-1
195
115
196
117
197
49
198
66
199
-1
200
75
201
67
202
131
203
101
204
-1
205
59
206
109
207
0
208
100
209
-1
210
103
211
54
212
132
213
184
214
-1
215
142
216
123
217
111
218
17
219
-1
220
182
221
150
222
81
223
179
224
-1
225
134
226
15
227
116
228
39
229
-1
230
35
231
66
232
49
233
95
234
-1
235
25
236
36
237
3
238
4
239
-1
240
129
241
45
242
50
243
37
244
-1
245
74
246
134
247
166
248
119
249
-1
250
19
251
166
252
184
253
7
254
-1
255
72
256
10
257
163
258
162
259
-1
260
182
261
185
262
74
263
6
264
-1
265
68
266
119
267
103
268
158
269
-1
270
0
271
63
272
105
273
69
274
-1
275
36
276
131
277
185
278
45
279
-1
280
131
281
14
282
159
283
169
284
-1
285
151
286
184
287
78
288
46
289
-1
290
84
291
69
292
113
293
85
294
-1
295
176
296
34
297
103
298
65
299
-1
300
40
301
100
302
32
303
37
304
-1
305
153
306
105
307
80
308
129
309
-1
310
160
311
5
312
71
313
145
314
-1
315
27
316
117
317
146
318
110
319
-1
320
173
321
89
322
28
323
147
324
-1
325
7
326
159
327
6
328
170
329
-1
330
159
331
159
332
105
333
94
334
-1
335
104
336
60
337
133
338
87
339
-1
340
166
341
133
342
47
343
45
344
-1
345
110
346
29
347
180
348
74
349
-1
350
76
351
53
352
25
353
132
354
-1
355
176
356
131
357
62
358
30
359
-1
360
38
361
99
362
82
363
172
364
-1
365
32
366
64
367
2
368
40
369
-1
370
32
371
15
372
62
373
89
374
-1
375
24
376
101
377
7
378
14
379
-1
380
176
381
45
382
34
383
171
384
-1
385
17
386
170
387
169
388
72
389
-1
390
77
391
77
392
157
393
10
394
-1
395
60
396
59
397
92
398
159
399
-1
400
101
401
97
402
160
403
134
404
-1
405
135
406
24
407
62
408
141
409
-1
410
129
411
17
412
156
413
106
414
-1
415
90
416
164
417
117
418
63
419
-1
420
121
421
157
422
163
423
171
424
-1
425
135
426
35
427
30
428
61
429
-1
430
159
431
25
432
165
433
124
434
-1
435
113
436
91
437
105
438
126
439
-1
440
120
441
34
442
28
443
124
444
-1
445
148
446
69
447
93
448
173
449
-1
450
131
451
39
452
104
453
48
454
-1
455
57
456
92
457
81
458
72
459
-1
460
176
461
165
462
18
463
18
464
-1
465
113
466
170
467
170
468
47
469
-1
470
147
471
83
472
55
473
46
474
-1
475
35
476
83
477
47
478
1
479
-1
480
58
481
3
482
113
483
179
484
-1
485
9
486
47
487
126
488
78
489
-1
490
102
491
26
492
146
493
135
494
-1
495
34
496
24
497
92
498
86
499
-1
500
125
501
33
502
167
503
144
504
-1
505
135
506
7
507
103
508
183
509
-1
510
67
511
147
512
84
513
41
514
-1
515
169
516
37
517
50
518
163
519
-1
520
8
521
182
522
52
523
39
524
-1
525
47
526
129
527
123
528
180
529
-1
530
135
531
74
532
101
533
137
534
-1
535
51
536
5
537
24
538
185
539
-1
540
171
541
44
542
63
543
7
544
-1
545
75
546
113
547
0
548
121
549
-1
550
67
551
136
552
165
553
63
554
-1
555
22
556
25
557
4
558
33
559
-1
560
59
561
101
562
130
563
79
564
-1
565
23
566
13
567
95
568
119
569
-1
570
185
571
156
572
14
573
160
574
-1
575
63
576
176
577
58
578
64
579
-1
580
169
581
9
582
1
583
157
584
-1
585
110
586
73
587
115
588
174
589
-1
590
132
591
62
592
59
593
91
594
-1
595
81
596
50
597
174
598
76
599
-1
600
26
601
88
602
106
603
111
604
-1
605
52
606
64
607
113
608
133
609
-1
610
178
611
106
612
113
613
53
614
-1
615
72
616
31
617
35
618
84
619
-1
620
54
621
173
622
21
623
156
624
-1
625
177
626
182
627
73
628
61
629
-1
630
99
631
50
632
116
633
100
634
-1
635
67
636
137
637
182
638
5
639
-1
640
72
641
176
642
120
643
27
644
-1
645
134
646
48
647
182
648
69
649
-1
650
147
651
159
652
174
653
115
654
-1
655
100
656
33
657
162
658
53
659
-1
660
182
661
73
662
44
663
112
664
-1
665
66
666
175
667
127
668
1
669
-1
670
153
671
113
672
171
673
141
674
-1
675
54
676
54
677
127
678
8
679
-1
680
94
681
136
682
46
683
82
684
-1
685
136
686
91
687
46
688
174
689
-1
690
144
691
10
692
120
693
102
694
-1
695
98
696
173
697
108
698
80
699
-1
700
13
701
103
702
37
703
93
704
-1
705
37
706
147
707
25
708
13
709
-1
710
59
711
73
712
63
713
29
714
-1
715
49
716
45
717
76
718
82
719
-1
720
18
721
168
722
9
723
0
724
-1
725
105
726
85
727
161
728
130
729
-1
730
145
731
185
732
71
733
32
734
-1
735
48
736
30
737
175
738
89
739
-1
740
106
741
40
742
21
743
172
744
-1
745
7
746
57
747
180
748
98
749
-1
750
15
751
182
752
176
753
145
754
-1
755
86
756
168
757
143
758
182
759
-1
760
92
761
41
762
79
763
54
764
-1
765
173
766
61
767
12
768
102
769
-1
770
14
771
15
772
168
773
155
774
-1
775
108
776
107
777
135
778
29
779
-1
780
57
781
139
782
140
783
31
784
-1
785
139
786
152
787
86
788
62
789
-1
790
67
791
129
792
21
793
173
794
-1
795
1
796
147
797
105
798
146
799
-1
800
59
801
139
802
182
803
103
804
-1
805
84
806
27
807
52
808
63
809
-1
810
8
811
167
812
48
813
67
814
-1
815
173
816
123
817
113
818
185
819
-1
820
21
821
59
822
78
823
165
824
-1
825
19
826
156
827
72
828
106
829
-1
830
164
831
50
832
180
833
182
834
-1
835
0
836
61
837
4
838
107
839
-1
840
144
841
161
842
71
843
102
844
-1
845
75
846
113
847
29
848
56
849
-1
850
80
851
113
852
36
853
144
854
-1
855
159
856
126
857
27
858
119
859
-1
860
59
861
154
862
60
863
137
864
-1
865
182
866
104
867
157
868
96
869
-1
870
139
871
73
872
85
873
93
874
-1
875
137
876
104
877
9
878
28
879
-1
880
28
881
24
882
2
883
85
884
-1
885
104
886
3
887
161
888
87
889
-1
890
35
891
125
892
155
893
77
894
-1
895
57
896
61
897
69
898
132
899
-1
900
66
901
59
902
34
903
20
904
-1
905
97
906
165
907
174
908
82
909
-1
910
142
911
142
912
27
913
61
914
-1
915
132
916
56
917
149
918
114
919
-1
920
103
921
95
922
42
923
81
924
-1
925
85
926
140
927
150
928
104
929
-1
930
107
931
111
932
54
933
100
934
-1
935
57
936
142
937
92
938
141
939
-1
940
129
941
146
942
88
943
150
944
-1
945
5
946
11
947
83
948
24
949
-1
950
94
951
167
952
39
953
148
954
-1
955
77
956
183
957
101
958
148
959
-1
960
71
961
53
962
145
963
7
964
-1
965
120
966
169
967
130
968
146
969
-1
970
147
971
117
972
114
973
12
974
-1
975
93
976
0
977
100
978
42
979
-1
980
7
981
177
982
133
983
80
984
-1
985
139
986
74
987
11
988
40
989
-1
990
13
991
123
992
103
993
11
994
-1
995
55
996
113
997
72
998
60
999
-1
1000
163
1001
12
1002
29
1003
54
1004
-1
1005
14
1006
140
1007
112
1008
139
1009
-1
1010
85
1011
14
1012
61
1013
87
1014
-1
1015
181
1016
17
1017
40
1018
19
1019
-1
1020
106
1021
159
1022
184
1023
53
1024
-1
1025
173
1026
127
1027
103
1028
76
1029
-1
1030
56
1031
94
1032
63
1033
75
1034
-1
1035
30
1036
112
1037
46
1038
72
1039
-1
1040
115
1041
29
1042
61
1043
28
1044
-1
1045
146
1046
171
1047
33
1048
163
1049
-1
1050
113
1051
20
1052
112
1053
90
1054
-1
1055
103
1056
61
1057
131
1058
121
1059
-1
1060
32
1061
145
1062
154
1063
56
1064
-1
1065
130
1066
17
1067
111
1068
12
1069
-1
1070
78
1071
141
1072
2
1073
163
1074
-1
1075
53
1076
83
1077
152
1078
84
1079
-1
1080
130
1081
133
1082
144
1083
139
1084
-1
1085
5
1086
177
1087
185
1088
50
1089
-1
1090
53
1091
69
1092
2
1093
98
1094
-1
1095
151
1096
41
1097
42
1098
184
1099
-1
1100
10
1101
132
1102
16
1103
2
1104
-1
1105
34
1106
135
1107
36
1108
3
1109
-1
1110
101
1111
55
1112
5
1113
171
1114
-1
1115
123
1116
47
1117
134
1118
165
1119
-1
1120
29
1121
146
1122
67
1123
10
1124
-1
1125
52
1126
154
1127
148
1128
40
1129
-1
1130
75
1131
38
1132
94
1133
138
1134
-1
1135
60
1136
91
1137
125
1138
114
1139
-1
1140
4
1141
134
1142
130
1143
31
1144
-1
1145
19
1146
126
1147
153
1148
23
1149
-1
1150
179
1151
134
1152
109
1153
41
1154
-1
1155
176
1156
163
1157
163
1158
166
1159
-1
1160
22
1161
76
1162
120
1163
77
1164
-1
1165
59
1166
98
1167
49
1168
168
1169
-1
1170
140
1171
147
1172
20
1173
86
1174
-1
1175
27
1176
120
1177
29
1178
68
1179
-1
1180
132
1181
131
1182
7
1183
71
1184
-1
1185
57
1186
181
1187
97
1188
42
1189
-1
1190
114
1191
24
1192
106
1193
64
1194
-1
1195
142
1196
141
1197
123
1198
47
1199
-1
1200
18
1201
97
1202
119
1203
95
1204
-1
1205
84
1206
55
1207
66
1208
72
1209
-1
1210
102
1211
21
1212
128
1213
92
1214
-1
1215
36
1216
151
1217
168
1218
14
1219
-1
1220
145
1221
23
1222
140
1223
179
1224
-1
1225
63
1226
71
1227
109
1228
62
1229
-1
1230
155
1231
36
1232
120
1233
71
1234
-1
1235
60
1236
88
1237
110
1238
5
1239
-1
1240
27
1241
10
1242
19
1243
53
1244
-1
1245
119
1246
64
1247
24
1248
107
1249
-1
1250
43
1251
2
1252
116
1253
111
1254
-1
1255
153
1256
99
1257
131
1258
139
1259
-1
1260
57
1261
83
1262
78
1263
56
1264
-1
1265
62
1266
53
1267
47
1268
70
1269
-1
1270
78
1271
25
1272
41
1273
92
1274
-1
1275
36
1276
67
1277
157
1278
120
1279
-1
1280
150
1281
32
1282
6
1283
159
1284
-1
1285
157
1286
92
1287
64
1288
138
1289
-1
1290
57
1291
175
1292
117
1293
182
1294
-1
1295
100
1296
140
1297
25
1298
142
1299
-1
1300
22
1301
96
1302
121
1303
68
1304
-1
1305
106
1306
68
1307
183
1308
110
1309
-1
1310
42
1311
126
1312
14
1313
111
1314
-1
1315
11
1316
2
1317
1
1318
17
1319
-1
1320
167
1321
22
1322
78
1323
75
1324
-1
1325
7
1326
144
1327
174
1328
140
1329
-1
1330
51
1331
168
1332
162
1333
173
1334
-1
1335
70
1336
87
1337
44
1338
168
1339
-1
1340
80
1341
179
1342
20
1343
175
1344
-1
1345
29
1346
52
1347
166
1348
65
1349
-1
1350
175
1351
120
1352
21
1353
66
1354
-1
1355
167
1356
122
1357
154
1358
20
1359
-1
1360
41
1361
129
1362
77
1363
76
1364
-1
1365
113
1366
72
1367
121
1368
151
1369
-1
1370
79
1371
12
1372
132
1373
123
1374
-1
1375
146
1376
177
1377
63
1378
127
1379
-1
1380
114
1381
16
1382
183
1383
136
1384
-1
1385
97
1386
143
1387
169
1388
83
1389
-1
1390
103
1391
103
1392
10
1393
34
1394
-1
1395
84
1396
88
1397
83
1398
136
1399
-1
1400
126
1401
127
1402
75
1403
6
1404
-1
1405
169
1406
140
1407
112
1408
141
1409
-1
1410
138
1411
106
1412
143
1413
32
1414
-1
1415
91
1416
12
1417
100
1418
20
1419
-1
1420
112
1421
27
1422
181
1423
122
1424
-1
1425
86
1426
84
1427
28
1428
104
1429
-1
1430
22
1431
14
1432
179
1433
137
1434
-1
1435
82
1436
10
1437
7
1438
75
1439
-1
1440
111
1441
155
1442
182
1443
128
1444
-1
1445
94
1446
1
1447
73
1448
85
1449
-1
1450
89
1451
88
1452
142
1453
17
1454
-1
1455
9
1456
165
1457
179
1458
96
1459
-1
1460
98
1461
35
1462
97
1463
63
1464
-1
1465
28
1466
172
1467
183
1468
138
1469
-1
1470
38
1471
99
1472
114
1473
138
1474
-1
1475
149
1476
100
1477
114
1478
136
1479
-1
1480
10
1481
128
1482
101
1483
32
1484
-1
1485
151
1486
95
1487
55
1488
70
1489
-1
1490
82
1491
57
1492
185
1493
130
1494
-1
1495
17
1496
22
1497
148
1498
72
1499
-1
1500
109
1501
103
1502
151
1503
155
1504
-1
1505
12
1506
85
1507
64
1508
84
1509
-1
1510
162
1511
1
1512
181
1513
44
1514
-1
1515
28
1516
67
1517
36
1518
174
1519
-1
1520
74
1521
109
1522
66
1523
43
1524
-1
1525
24
1526
142
1527
33
1528
167
1529
-1
1530
183
1531
45
1532
115
1533
174
1534
-1
1535
34
1536
131
1537
17
1538
183
1539
-1
1540
6
1541
123
1542
102
1543
174
1544
-1
1545
113
1546
112
1547
117
1548
184
1549
-1
1550
181
1551
122
1552
177
1553
36
1554
-1
1555
30
1556
73
1557
159
1558
116
1559
-1
1560
71
1561
38
1562
77
1563
176
1564
-1
1565
124
1566
105
1567
176
1568
170
1569
-1
1570
89
1571
172
1572
182
1573
80
1574
-1
1575
27
1576
47
1577
47
1578
87
1579
-1
1580
121
1581
138
1582
3
1583
179
1584
-1
1585
107
1586
156
1587
97
1588
127
1589
-1
1590
124
1591
153
1592
101
1593
130
1594
-1
1595
81
1596
137
1597
82
1598
159
1599
-1
1600
92
1601
33
1602
17
1603
124
1604
-1
1605
115
1606
23
1607
10
1608
32
1609
-1
1610
26
1611
138
1612
156
1613
173
1614
-1
1615
146
1616
83
1617
143
1618
43
1619
-1
1620
13
1621
167
1622
185
1623
93
1624
-1
1625
88
1626
161
1627
165
1628
87
1629
-1
1630
178
1631
44
1632
82
1633
108
1634
-1
1635
169
1636
15
1637
96
1638
86
1639
-1
1640
182
1641
56
1642
39
1643
160
1644
-1
1645
82
1646
114
1647
165
1648
70
1649
-1
1650
111
1651
10
1652
66
1653
96
1654
-1
1655
182
1656
151
1657
28
1658
115
1659
-1
1660
7
1661
99
1662
22
1663
49
1664
-1
1665
54
1666
171
1667
31
1668
58
1669
-1
1670
84
1671
75
1672
25
1673
30
1674
-1
1675
127
1676
70
1677
122
1678
93
1679
-1
1680
166
1681
149
1682
49
1683
59
1684
-1
1685
49
1686
59
1687
131
1688
9
1689
-1
1690
49
1691
168
1692
127
1693
117
1694
-1
1695
167
1696
129
1697
17
1698
176
1699
-1
1700
169
1701
110
1702
86
1703
133
1704
-1
1705
71
1706
50
1707
43
1708
92
1709
-1
1710
53
1711
172
1712
20
1713
72
1714
-1
1715
41
1716
176
1717
5
1718
94
1719
-1
1720
85
1721
42
1722
54
1723
54
1724
-1
1725
30
1726
97
1727
63
1728
160
1729
-1
1730
120
1731
66
1732
122
1733
127
1734
-1
1735
34
1736
66
1737
12
1738
95
1739
-1
1740
7
1741
19
1742
12
1743
0
1744
-1
1745
122
1746
121
1747
50
1748
2
1749
-1
1750
8
1751
128
1752
107
1753
25
1754
-1
1755
5
1756
138
1757
138
1758
49
1759
-1
1760
165
1761
95
1762
54
1763
57
1764
-1
1765
58
1766
68
1767
119
1768
114
1769
-1
1770
4
1771
92
1772
76
1773
90
1774
-1
1775
92
1776
136
1777
94
1778
170
1779
-1
1780
93
1781
94
1782
145
1783
98
1784
-1
1785
16
1786
44
1787
73
1788
65
1789
-1
1790
19
1791
162
1792
81
1793
145
1794
-1
1795
12
1796
94
1797
73
1798
65
1799
-1
1800
176
1801
149
1802
144
1803
144
1804
-1
1805
161
1806
3
1807
182
1808
182
1809
-1
1810
141
1811
1
1812
151
1813
6
1814
-1
1815
38
1816
115
1817
64
1818
134
1819
-1
1820
81
1821
71
1822
101
1823
120
1824
-1
1825
69
1826
37
1827
123
1828
17
1829
-1
1830
139
1831
181
1832
152
1833
97
1834
-1
1835
15
1836
158
1837
93
1838
9
1839
-1
1840
86
1841
71
1842
89
1843
144
1844
-1
1845
24
1846
117
1847
54
1848
31
1849
-1
1850
30
1851
64
1852
99
1853
90
1854
-1
1855
76
1856
77
1857
124
1858
139
1859
-1
1860
135
1861
154
1862
55
1863
68
1864
-1
1865
180
1866
19
1867
117
1868
113
1869
-1
1870
110
1871
16
1872
59
1873
144
1874
-1
1875
35
1876
141
1877
144
1878
174
1879
-1
1880
90
1881
59
1882
43
1883
2
1884
-1
1885
54
1886
99
1887
121
1888
19
1889
-1
1890
26
1891
10
1892
27
1893
184
1894
-1
1895
59
1896
52
1897
60
1898
121
1899
-1
1900
165
1901
32
1902
163
1903
3
1904
-1
1905
6
1906
49
1907
100
1908
123
1909
-1
1910
154
1911
151
1912
31
1913
61
1914
-1
1915
144
1916
79
1917
51
1918
49
1919
-1
1920
107
1921
27
1922
100
1923
68
1924
-1
1925
63
1926
70
1927
116
1928
122
1929
-1
1930
122
1931
24
1932
84
1933
150
1934
-1
1935
9
1936
178
1937
10
1938
103
1939
-1
1940
87
1941
113
1942
82
1943
141
1944
-1
1945
80
1946
1
1947
79
1948
48
1949
-1
1950
43
1951
89
1952
87
1953
19
1954
-1
1955
150
1956
140
1957
114
1958
94
1959
-1
1960
10
1961
122
1962
141
1963
23
1964
-1
1965
141
1966
144
1967
42
1968
101
1969
-1
1970
12
1971
159
1972
6
1973
151
1974
-1
1975
7
1976
21
1977
28
1978
167
1979
-1
1980
174
1981
40
1982
127
1983
58
1984
-1
1985
95
1986
21
1987
153
1988
79
1989
-1
1990
61
1991
181
1992
137
1993
4
1994
-1
1995
25
1996
47
1997
163
1998
168
1999
-1
2000
169
2001
43
2002
159
2003
119
2004
-1
2005
12
2006
40
2007
60
2008
58
2009
-1
2010
39
2011
176
2012
138
2013
171
2014
-1
2015
152
2016
132
2017
81
2018
123
2019
-1
2020
34
2021
119
2022
140
2023
110
2024
-1
2025
7
2026
130
2027
119
2028
27
2029
-1
2030
95
2031
48
2032
97
2033
33
2034
-1
2035
64
2036
77
2037
165
2038
106
2039
-1
2040
12
2041
44
2042
145
2043
117
2044
-1
2045
94
2046
150
2047
36
2048
6
2049
-1
2050
104
2051
75
2052
54
2053
81
2054
-1
2055
87
2056
4
2057
83
2058
171
2059
-1
2060
185
2061
133
2062
152
2063
119
2064
-1
2065
38
2066
4
2067
4
2068
114
2069
-1
2070
176
2071
46
2072
17
2073
68
2074
-1
2075
115
2076
17
2077
162
2078
105
2079
-1
2080
145
2081
85
2082
94
2083
3
2084
-1
2085
5
2086
11
2087
140
2088
154
2089
-1
2090
127
2091
149
2092
150
2093
70
2094
-1
2095
185
2096
91
2097
49
2098
111
2099
-1
2100
57
2101
178
2102
137
2103
47
2104
-1
2105
172
2106
175
2107
1
2108
166
2109
-1
2110
175
2111
93
2112
122
2113
140
2114
-1
2115
160
2116
26
2117
7
2118
130
2119
-1
2120
29
2121
19
2122
108
2123
115
2124
-1
2125
119
2126
13
2127
179
2128
149
2129
-1
2130
106
2131
25
2132
183
2133
95
2134
-1
2135
66
2136
59
2137
8
2138
82
2139
-1
2140
95
2141
76
2142
33
2143
179
2144
-1
2145
107
2146
36
2147
83
2148
64
2149
-1
2150
133
2151
80
2152
117
2153
184
2154
-1
2155
159
2156
116
2157
84
2158
9
2159
-1
2160
182
2161
18
2162
37
2163
70
2164
-1
2165
7
2166
125
2167
3
2168
70
2169
-1
2170
68
2171
142
2172
104
2173
43
2174
-1
2175
158
2176
183
2177
83
2178
7
2179
-1
2180
76
2181
130
2182
25
2183
100
2184
-1
2185
177
2186
152
2187
117
2188
18
2189
-1
2190
134
2191
164
2192
144
2193
161
2194
-1
2195
55
2196
35
2197
108
2198
73
2199
-1
2200
42
2201
125
2202
84
2203
61
2204
-1
2205
70
2206
85
2207
101
2208
125
2209
-1
2210
114
2211
51
2212
88
2213
56
2214
-1
2215
12
2216
84
2217
140
2218
103
2219
-1
2220
89
2221
105
2222
10
2223
140
2224
-1
2225
129
2226
43
2227
62
2228
97
2229
-1
2230
160
2231
57
2232
86
2233
114
2234
-1
2235
6
2236
113
2237
184
2238
16
2239
-1
2240
57
2241
96
2242
79
2243
133
2244
-1
2245
174
2246
105
2247
66
2248
9
2249
-1
2250
24
2251
73
2252
39
2253
177
2254
-1
2255
32
2256
31
2257
82
2258
38
2259
-1
2260
175
2261
38
2262
101
2263
159
2264
-1
2265
64
2266
50
2267
59
2268
59
2269
-1
2270
94
2271
35
2272
152
2273
102
2274
-1
2275
93
2276
141
2277
15
2278
122
2279
-1
2280
163
2281
139
2282
101
2283
153
2284
-1
2285
153
2286
130
2287
173
2288
112
2289
-1
2290
20
2291
170
2292
140
2293
90
2294
-1
2295
2
2296
20
2297
114
2298
36
2299
-1
2300
40
2301
96
2302
157
2303
40
2304
-1
2305
137
2306
159
2307
70
2308
67
2309
-1
2310
93
2311
96
2312
184
2313
148
2314
-1
2315
1
2316
2
2317
66
2318
6
2319
-1
2320
99
2321
95
2322
95
2323
144
2324
-1
2325
182
2326
160
2327
22
2328
29
2329
-1
2330
21
2331
168
2332
42
2333
115
2334
-1
2335
160
2336
35
2337
173
2338
46
2339
-1
2340
36
2341
180
2342
76
2343
119
2344
-1
2345
25
2346
14
2347
4
2348
55
2349
-1
2350
31
2351
76
2352
64
2353
82
2354
-1
2355
135
2356
161
2357
168
2358
43
2359
-1
2360
172
2361
147
2362
43
2363
148
2364
-1
2365
2
2366
183
2367
62
2368
123
2369
-1
2370
94
2371
73
2372
18
2373
40
2374
-1
2375
34
2376
53
2377
79
2378
43
2379
-1
2380
86
2381
173
2382
75
2383
84
2384
-1
2385
154
2386
19
2387
152
2388
73
2389
-1
2390
148
2391
153
2392
149
2393
44
2394
-1
2395
147
2396
170
2397
155
2398
66
2399
-1
2400
79
2401
167
2402
52
2403
137
2404
-1
2405
15
2406
111
2407
79
2408
180
2409
-1
2410
135
2411
177
2412
50
2413
142
2414
-1
2415
149
2416
157
2417
76
2418
31
2419
-1
2420
67
2421
156
2422
56
2423
13
2424
-1
2425
168
2426
176
2427
127
2428
3
2429
-1
2430
90
2431
134
2432
10
2433
52
2434
-1
2435
40
2436
133
2437
96
2438
38
2439
-1
2440
139
2441
86
2442
183
2443
142
2444
-1
2445
173
2446
49
2447
23
2448
60
2449
-1
2450
35
2451
145
2452
80
2453
21
2454
-1
2455
20
2456
167
2457
68
2458
173
2459
-1
2460
115
2461
39
2462
80
2463
151
2464
-1
2465
86
2466
45
2467
67
2468
178
2469
-1
2470
149
2471
34
2472
54
2473
175
2474
-1
2475
23
2476
39
2477
52
2478
12
2479
-1
2480
138
2481
2
2482
51
2483
120
2484
-1
2485
28
2486
126
2487
72
2488
177
2489
-1
2490
67
2491
49
2492
15
2493
113
2494
-1
2495
102
2496
74
2497
83
2498
145
2499
-1
2500
156
2501
55
2502
11
2503
181
2504
-1
2505
67
2506
117
2507
47
2508
162
2509
-1
2510
26
2511
152
2512
113
2513
144
2514
-1
2515
59
2516
1
2517
52
2518
129
2519
-1
2520
142
2521
137
2522
35
2523
16
2524
-1
2525
74
2526
184
2527
178
2528
57
2529
-1
2530
96
2531
84
2532
53
2533
18
2534
-1
2535
89
2536
20
2537
77
2538
2
2539
-1
2540
16
2541
95
2542
185
2543
135
2544
-1
2545
104
2546
171
2547
33
2548
45
2549
-1
2550
172
2551
35
2552
3
2553
32
2554
-1
2555
184
2556
104
2557
173
2558
10
2559
-1
2560
183
2561
165
2562
6
2563
18
2564
-1
2565
67
2566
125
2567
77
2568
138
2569
-1
2570
156
2571
79
2572
143
2573
92
2574
-1
2575
156
2576
133
2577
10
2578
55
2579
-1
2580
51
2581
182
2582
16
2583
150
2584
-1
2585
175
2586
96
2587
77
2588
143
2589
-1
2590
119
2591
96
2592
157
2593
81
2594
-1
2595
64
2596
44
2597
53
2598
73
2599
-1
2600
171
2601
7
2602
174
2603
52
2604
-1
2605
166
2606
174
2607
125
2608
49
2609
-1
2610
175
2611
100
2612
180
2613
179
2614
-1
2615
133
2616
67
2617
108
2618
29
2619
-1
2620
136
2621
50
2622
148
2623
107
2624
-1
2625
123
2626
80
2627
87
2628
68
2629
-1
2630
118
2631
0
2632
118
2633
118
2634
-1
2635
70
2636
112
2637
168
2638
35
2639
-1
2640
76
2641
24
2642
174
2643
140
2644
-1
2645
48
2646
61
2647
167
2648
0
2649
-1
2650
177
2651
135
2652
138
2653
130
2654
-1
2655
163
2656
20
2657
68
2658
180
2659
-1
2660
154
2661
26
2662
177
2663
16
2664
-1
2665
157
2666
33
2667
67
2668
30
2669
-1
2670
34
2671
49
2672
138
2673
76
2674
-1
2675
153
2676
119
2677
115
2678
164
2679
-1
2680
33
2681
81
2682
97
2683
136
2684
-1
2685
53
2686
64
2687
30
2688
70
2689
-1
2690
118
2691
12
2692
180
2693
74
2694
-1
2695
140
2696
47
2697
108
2698
109
2699
-1
2700
135
2701
151
2702
74
2703
65
2704
-1
2705
64
2706
82
2707
184
2708
141
2709
-1
2710
179
2711
0
2712
131
2713
122
2714
-1
2715
99
2716
102
2717
78
2718
121
2719
-1
2720
48
2721
93
2722
165
2723
20
2724
-1
2725
177
2726
122
2727
133
2728
145
2729
-1
2730
17
2731
136
2732
43
2733
82
2734
-1
2735
164
2736
104
2737
105
2738
114
2739
-1
2740
84
2741
9
2742
183
2743
72
2744
-1
2745
97
2746
62
2747
126
2748
126
2749
-1
2750
87
2751
5
2752
81
2753
117
2754
-1
2755
142
2756
64
2757
26
2758
142
2759
-1
2760
64
2761
111
2762
138
2763
22
2764
-1
2765
54
2766
154
2767
22
2768
143
2769
-1
2770
183
2771
94
2772
90
2773
128
2774
-1
2775
112
2776
118
2777
19
2778
88
2779
-1
2780
114
2781
99
2782
179
2783
122
2784
-1
2785
33
2786
44
2787
98
2788
42
2789
-1
2790
108
2791
157
2792
171
2793
9
2794
-1
2795
133
2796
178
2797
64
2798
121
2799
-1
2800
156
2801
52
2802
155
2803
76
2804
-1
2805
50
2806
176
2807
143
2808
140
2809
-1
2810
116
2811
144
2812
140
2813
15
2814
-1
2815
139
2816
117
2817
68
2818
24
2819
-1
2820
102
2821
114
2822
67
2823
34
2824
-1
2825
5
2826
166
2827
127
2828
178
2829
-1
2830
114
2831
105
2832
100
2833
135
2834
-1
2835
161
2836
93
2837
16
2838
132
2839
-1
2840
57
2841
123
2842
0
2843
101
2844
-1
2845
68
2846
67
2847
33
2848
183
2849
-1
2850
39
2851
22
2852
49
2853
135
2854
-1
2855
167
2856
132
2857
1
2858
76
2859
-1
2860
155
2861
147
2862
185
2863
32
2864
-1
2865
96
2866
59
2867
172
2868
183
2869
-1
2870
130
2871
28
2872
82
2873
145
2874
-1
2875
139
2876
155
2877
22
2878
158
2879
-1
2880
141
2881
152
2882
175
2883
64
2884
-1
2885
31
2886
95
2887
12
2888
81
2889
-1
2890
37
2891
8
2892
73
2893
154
2894
-1
2895
177
2896
0
2897
77
2898
50
2899
-1
2900
29
2901
158
2902
102
2903
94
2904
-1
2905
137
2906
34
2907
83
2908
41
2909
-1
2910
117
2911
185
2912
31
2913
60
2914
-1
2915
41
2916
71
2917
63
2918
185
2919
-1
2920
178
2921
38
2922
21
2923
176
2924
-1
2925
141
2926
33
2927
60
2928
105
2929
-1
2930
0
2931
153
2932
69
2933
167
2934
-1
2935
127
2936
62
2937
155
2938
2
2939
-1
2940
18
2941
147
2942
25
2943
120
2944
-1
2945
164
2946
70
2947
66
2948
71
2949
-1
2950
90
2951
164
2952
134
2953
158
2954
-1
2955
71
2956
30
2957
38
2958
5
2959
-1
2960
82
2961
166
2962
97
2963
171
2964
-1
2965
175
2966
91
2967
18
2968
73
2969
-1
2970
115
2971
86
2972
77
2973
43
2974
-1
2975
107
2976
90
2977
122
2978
123
2979
-1
2980
121
2981
78
2982
130
2983
158
2984
-1
2985
89
2986
182
2987
25
2988
104
2989
-1
2990
50
2991
72
2992
60
2993
80
2994
-1
2995
2
2996
41
2997
23
2998
32
2999
-1
3000
140
3001
168
3002
4
3003
173
3004
-1
3005
126
3006
117
3007
130
3008
3
3009
-1
3010
151
3011
45
3012
12
3013
47
3014
-1
3015
172
3016
54
3017
83
3018
166
3019
-1
3020
164
3021
94
3022
167
3023
129
3024
-1
3025
147
3026
137
3027
40
3028
162
3029
-1
3030
1
3031
129
3032
68
3033
72
3034
-1
3035
184
3036
121
3037
86
3038
15
3039
-1
3040
159
3041
105
3042
146
3043
73
3044
-1
3045
158
3046
143
3047
140
3048
49
3049
-1
3050
150
3051
51
3052
179
3053
72
3054
-1
3055
72
3056
46
3057
21
3058
114
3059
-1
3060
12
3061
116
3062
115
3063
164
3064
-1
3065
108
3066
94
3067
81
3068
74
3069
-1
3070
170
3071
113
3072
125
3073
114
3074
-1
3075
38
3076
68
3077
159
3078
76
3079
-1
3080
169
3081
172
3082
9
3083
172
3084
-1
3085
164
3086
39
3087
68
3088
75
3089
-1
3090
46
3091
109
3092
140
3093
139
3094
-1
3095
134
3096
176
3097
16
3098
155
3099
-1
3100
6
3101
168
3102
174
3103
159
3104
-1
3105
124
3106
96
3107
49
3108
164
3109
-1
3110
185
3111
78
3112
15
3113
45
3114
-1
3115
150
3116
164
3117
59
3118
41
3119
-1
3120
119
3121
70
3122
69
3123
137
3124
-1
3125
185
3126
3
3127
69
3128
58
3129
-1
3130
53
3131
114
3132
49
3133
1
3134
-1
3135
152
3136
59
3137
49
3138
34
3139
-1
3140
147
3141
125
3142
18
3143
154
3144
-1
3145
47
3146
8
3147
185
3148
165
3149
-1
3150
69
3151
112
3152
43
3153
68
3154
-1
3155
158
3156
7
3157
11
3158
9
3159
-1
3160
55
3161
81
3162
14
3163
174
3164
-1
3165
88
3166
113
3167
96
3168
105
3169
-1
3170
126
3171
119
3172
92
3173
117
3174
-1
3175
23
3176
28
3177
154
3178
79
3179
-1
3180
144
3181
1
3182
115
3183
84
3184
-1
3185
70
3186
151
3187
15
3188
159
3189
-1
3190
117
3191
49
3192
3
3193
143
3194
-1
3195
1
3196
43
3197
44
3198
120
3199
-1
3200
75
3201
89
3202
51
3203
5
3204
-1
3205
44
3206
33
3207
26
3208
128
3209
-1
3210
108
3211
24
3212
170
3213
162
3214
-1
3215
107
3216
171
3217
160
3218
41
3219
-1
3220
107
3221
89
3222
90
3223
160
3224
-1
3225
50
3226
128
3227
60
3228
25
3229
-1
3230
36
3231
16
3232
56
3233
184
3234
-1
3235
72
3236
7
3237
22
3238
145
3239
-1
3240
22
3241
175
3242
125
3243
75
3244
-1
3245
80
3246
51
3247
35
3248
76
3249
-1
3250
8
3251
6
3252
157
3253
3
3254
-1
3255
118
3256
153
3257
59
3258
22
3259
-1
3260
62
3261
176
3262
111
3263
152
3264
-1
3265
150
3266
157
3267
1
3268
108
3269
-1
3270
51
3271
40
3272
14
3273
120
3274
-1
3275
106
3276
7
3277
31
3278
178
3279
-1
3280
109
3281
49
3282
32
3283
121
3284
-1
3285
162
3286
73
3287
74
3288
131
3289
-1
3290
113
3291
178
3292
77
3293
43
3294
-1
3295
96
3296
85
3297
42
3298
167
3299
-1
3300
106
3301
106
3302
22
3303
46
3304
-1
3305
48
3306
149
3307
185
3308
41
3309
-1
3310
74
3311
51
3312
122
3313
118
3314
-1
3315
57
3316
56
3317
120
3318
18
3319
-1
3320
35
3321
34
3322
17
3323
9
3324
-1
3325
38
3326
57
3327
7
3328
18
3329
-1
3330
171
3331
63
3332
86
3333
73
3334
-1
3335
79
3336
167
3337
150
3338
69
3339
-1
3340
98
3341
21
3342
46
3343
51
3344
-1
3345
42
3346
176
3347
12
3348
130
3349
-1
3350
138
3351
165
3352
97
3353
3
3354
-1
3355
22
3356
89
3357
136
3358
163
3359
-1
3360
142
3361
140
3362
108
3363
86
3364
-1
3365
15
3366
180
3367
69
3368
15
3369
-1
3370
3
3371
61
3372
97
3373
66
3374
-1
3375
51
3376
97
3377
79
3378
85
3379
-1
3380
82
3381
52
3382
87
3383
25
3384
-1
3385
142
3386
95
3387
16
3388
91
3389
-1
3390
32
3391
137
3392
40
3393
72
3394
-1
3395
142
3396
29
3397
114
3398
125
3399
-1
3400
157
3401
143
3402
160
3403
54
3404
-1
3405
105
3406
104
3407
96
3408
62
3409
-1
3410
139
3411
6
3412
128
3413
14
3414
-1
3415
120
3416
106
3417
184
3418
145
3419
-1
3420
31
3421
101
3422
137
3423
154
3424
-1
3425
164
3426
72
3427
179
3428
11
3429
-1
3430
46
3431
100
3432
113
3433
157
3434
-1
3435
22
3436
128
3437
171
3438
14
3439
-1
3440
52
3441
35
3442
168
3443
155
3444
-1
3445
21
3446
72
3447
32
3448
156
3449
-1
3450
62
3451
39
3452
180
3453
180
3454
-1
3455
95
3456
162
3457
3
3458
162
3459
-1
3460
12
3461
28
3462
54
3463
152
3464
-1
3465
21
3466
156
3467
7
3468
8
3469
-1
3470
141
3471
119
3472
21
3473
164
3474
-1
3475
43
3476
64
3477
18
3478
86
3479
-1
3480
134
3481
49
3482
13
3483
26
3484
-1
3485
89
3486
65
3487
34
3488
34
3489
-1
3490
22
3491
176
3492
69
3493
89
3494
-1
3495
163
3496
22
3497
90
3498
162
3499
-1
3500
71
3501
103
3502
23
3503
14
3504
-1
3505
162
3506
6
3507
182
3508
64
3509
-1
3510
29
3511
62
3512
173
3513
139
3514
-1
3515
47
3516
32
3517
130
3518
70
3519
-1
3520
86
3521
23
3522
29
3523
102
3524
-1
3525
63
3526
93
3527
54
3528
100
3529
-1
3530
117
3531
153
3532
142
3533
34
3534
-1
3535
88
3536
156
3537
6
3538
42
3539
-1
3540
183
3541
168
3542
149
3543
144
3544
-1
3545
44
3546
82
3547
23
3548
109
3549
-1
3550
4
3551
174
3552
133
3553
160
3554
-1
3555
107
3556
180
3557
104
3558
95
3559
-1
3560
107
3561
28
3562
93
3563
158
3564
-1
3565
146
3566
139
3567
81
3568
62
3569
-1
3570
25
3571
95
3572
32
3573
95
3574
-1
3575
37
3576
128
3577
159
3578
47
3579
-1
3580
165
3581
98
3582
62
3583
50
3584
-1
3585
54
3586
143
3587
171
3588
80
3589
-1
3590
76
3591
30
3592
159
3593
40
3594
-1
3595
155
3596
79
3597
6
3598
112
3599
-1
3600
130
3601
144
3602
138
3603
89
3604
-1
3605
73
3606
40
3607
50
3608
98
3609
-1
3610
30
3611
145
3612
108
3613
170
3614
-1
3615
111
3616
8
3617
114
3618
41
3619
-1
3620
100
3621
96
3622
152
3623
57
3624
-1
3625
9
3626
59
3627
18
3628
141
3629
-1
3630
49
3631
170
3632
104
3633
125
3634
-1
3635
30
3636
96
3637
104
3638
38
3639
-1
3640
76
3641
87
3642
24
3643
57
3644
-1
3645
154
3646
132
3647
54
3648
120
3649
-1
3650
140
3651
145
3652
27
3653
51
3654
-1
3655
38
3656
21
3657
63
3658
21
3659
-1
3660
159
3661
177
3662
65
3663
30
3664
-1
3665
82
3666
24
3667
36
3668
171
3669
-1
3670
66
3671
144
3672
91
3673
152
3674
-1
3675
135
3676
84
3677
4
3678
102
3679
-1
3680
8
3681
75
3682
9
3683
133
3684
-1
3685
7
3686
159
3687
142
3688
52
3689
-1
3690
130
3691
135
3692
78
3693
133
3694
-1
3695
6
3696
97
3697
79
3698
81
3699
-1
3700
181
3701
74
3702
150
3703
5
3704
-1
3705
21
3706
77
3707
12
3708
24
3709
-1
3710
37
3711
166
3712
65
3713
52
3714
-1
3715
91
3716
107
3717
182
3718
94
3719
-1
3720
20
3721
71
3722
78
3723
39
3724
-1
3725
94
3726
160
3727
62
3728
94
3729
-1
3730
141
3731
153
3732
36
3733
170
3734
-1
3735
79
3736
85
3737
152
3738
24
3739
-1
3740
110
3741
70
3742
15
3743
77
3744
-1
3745
43
3746
44
3747
173
3748
75
3749
-1
3750
93
3751
70
3752
48
3753
4
3754
-1
3755
94
3756
141
3757
61
3758
14
3759
-1
3760
3
3761
114
3762
147
3763
53
3764
-1
3765
20
3766
34
3767
83
3768
151
3769
-1
3770
132
3771
34
3772
178
3773
80
3774
-1
3775
129
3776
64
3777
120
3778
71
3779
-1
3780
130
3781
44
3782
134
3783
129
3784
-1
3785
28
3786
185
3787
185
3788
6
3789
-1
3790
163
3791
68
3792
137
3793
152
3794
-1
3795
100
3796
65
3797
27
3798
130
3799
-1
3800
70
3801
76
3802
170
3803
98
3804
-1
3805
111
3806
10
3807
168
3808
60
3809
-1
3810
65
3811
36
3812
114
3813
23
3814
-1
3815
144
3816
57
3817
182
3818
182
3819
-1
3820
42
3821
94
3822
70
3823
4
3824
-1
3825
133
3826
185
3827
155
3828
178
3829
-1
3830
12
3831
59
3832
152
3833
165
3834
-1
3835
10
3836
25
3837
139
3838
142
3839
-1
3840
164
3841
82
3842
113
3843
33
3844
-1
3845
37
3846
69
3847
140
3848
131
3849
-1
3850
54
3851
174
3852
116
3853
177
3854
-1
3855
178
3856
72
3857
17
3858
88
3859
-1
3860
85
3861
5
3862
46
3863
179
3864
-1
3865
32
3866
48
3867
145
3868
165
3869
-1
3870
56
3871
36
3872
181
3873
36
3874
-1
3875
109
3876
131
3877
153
3878
8
3879
-1
3880
88
3881
75
3882
76
3883
32
3884
-1
3885
58
3886
26
3887
46
3888
147
3889
-1
3890
161
3891
126
3892
124
3893
124
3894
-1
3895
149
3896
164
3897
114
3898
42
3899
-1
3900
2
3901
53
3902
76
3903
31
3904
-1
3905
1
3906
177
3907
158
3908
172
3909
-1
3910
74
3911
95
3912
70
3913
53
3914
-1
3915
32
3916
31
3917
163
3918
167
3919
-1
3920
73
3921
60
3922
50
3923
113
3924
-1
3925
2
3926
81
3927
8
3928
15
3929
-1
3930
20
3931
11
3932
112
3933
45
3934
-1
3935
71
3936
33
3937
116
3938
136
3939
-1
3940
90
3941
149
3942
54
3943
94
3944
-1
3945
144
3946
79
3947
109
3948
144
3949
-1
3950
93
3951
43
3952
82
3953
5
3954
-1
3955
34
3956
42
3957
162
3958
146
3959
-1
3960
104
3961
178
3962
25
3963
9
3964
-1
3965
169
3966
107
3967
11
3968
15
3969
-1
3970
121
3971
148
3972
26
3973
32
3974
-1
3975
9
3976
92
3977
97
3978
185
3979
-1
3980
66
3981
173
3982
133
3983
148
3984
-1
3985
154
3986
42
3987
135
3988
114
3989
-1
3990
67
3991
60
3992
183
3993
157
3994
-1
3995
166
3996
69
3997
157
3998
57
3999
-1
4000
158
4001
57
4002
158
4003
65
4004
-1
4005
40
4006
39
4007
129
4008
26
4009
-1
4010
149
4011
116
4012
17
4013
123
4014
-1
4015
39
4016
183
4017
53
4018
29
4019
-1
4020
174
4021
62
4022
21
4023
27
4024
-1
4025
69
4026
87
4027
103
4028
90
4029
-1
4030
112
4031
68
4032
125
4033
26
4034
-1
4035
144
4036
48
4037
168
4038
181
4039
-1
4040
95
4041
162
4042
50
4043
121
4044
-1
4045
60
4046
99
4047
7
4048
137
4049
-1
4050
105
4051
115
4052
44
4053
74
4054
-1
4055
36
4056
46
4057
113
4058
72
4059
-1
4060
90
4061
118
4062
148
4063
10
4064
-1
4065
139
4066
77
4067
101
4068
64
4069
-1
4070
165
4071
65
4072
11
4073
161
4074
-1
4075
155
4076
70
4077
170
4078
131
4079
-1
4080
92
4081
30
4082
140
4083
119
4084
-1
4085
92
4086
93
4087
152
4088
119
4089
-1
4090
182
4091
94
4092
93
4093
51
4094
-1
4095
171
4096
109
4097
64
4098
132
4099
-1
4100
15
4101
120
4102
14
4103
142
4104
-1
4105
97
4106
96
4107
155
4108
2
4109
-1
4110
53
4111
2
4112
19
4113
41
4114
-1
4115
166
4116
34
4117
165
4118
6
4119
-1
4120
85
4121
150
4122
118
4123
161
4124
-1
4125
20
4126
20
4127
68
4128
114
4129
-1
4130
10
4131
158
4132
53
4133
129
4134
-1
4135
172
4136
108
4137
69
4138
107
4139
-1
4140
99
4141
33
4142
155
4143
182
4144
-1
4145
116
4146
5
4147
147
4148
152
4149
-1
4150
58
4151
99
4152
181
4153
73
4154
-1
4155
15
4156
132
4157
106
4158
111
4159
-1
4160
121
4161
109
4162
67
4163
85
4164
-1
4165
85
4166
6
4167
66
4168
122
4169
-1
4170
64
4171
35
4172
95
4173
92
4174
-1
4175
65
4176
75
4177
180
4178
8
4179
-1
4180
10
4181
123
4182
166
4183
159
4184
-1
4185
169
4186
81
4187
111
4188
110
4189
-1
4190
122
4191
32
4192
98
4193
63
4194
-1
4195
43
4196
167
4197
139
4198
78
4199
-1
4200
108
4201
4
4202
21
4203
24
4204
-1
4205
101
4206
141
4207
185
4208
115
4209
-1
4210
65
4211
6
4212
50
4213
49
4214
-1
4215
57
4216
12
4217
154
4218
111
4219
-1
4220
66
4221
155
4222
121
4223
16
4224
-1
4225
4
4226
19
4227
131
4228
60
4229
-1
4230
10
4231
116
4232
5
4233
14
4234
-1
4235
28
4236
106
4237
184
4238
147
4239
-1
4240
61
4241
156
4242
54
4243
72
4244
-1
4245
48
4246
10
4247
63
4248
130
4249
-1
4250
61
4251
131
4252
102
4253
50
4254
-1
4255
117
4256
97
4257
86
4258
105
4259
-1
4260
153
4261
64
4262
88
4263
36
4264
-1
4265
62
4266
14
4267
171
4268
5
4269
-1
4270
125
4271
92
4272
46
4273
166
4274
-1
4275
182
4276
144
4277
163
4278
170
4279
-1
4280
26
4281
131
4282
78
4283
91
4284
-1
4285
31
4286
86
4287
170
4288
41
4289
-1
4290
109
4291
66
4292
44
4293
127
4294
-1
4295
113
4296
123
4297
68
4298
62
4299
-1
4300
136
4301
149
4302
27
4303
82
4304
-1
4305
72
4306
81
4307
162
4308
85
4309
-1
4310
136
4311
161
4312
78
4313
102
4314
-1
4315
99
4316
161
4317
19
4318
14
4319
-1
4320
123
4321
82
4322
52
4323
136
4324
-1
4325
137
4326
182
4327
86
4328
161
4329
-1
4330
172
4331
9
4332
106
4333
69
4334
-1
4335
173
4336
160
4337
120
4338
54
4339
-1
4340
95
4341
19
4342
83
4343
22
4344
-1
4345
61
4346
45
4347
97
4348
11
4349
-1
4350
113
4351
141
4352
16
4353
51
4354
-1
4355
145
4356
45
4357
25
4358
35
4359
-1
4360
119
4361
39
4362
78
4363
86
4364
-1
4365
183
4366
120
4367
57
4368
181
4369
-1
4370
32
4371
156
4372
6
4373
113
4374
-1
4375
32
4376
14
4377
98
4378
44
4379
-1
4380
157
4381
12
4382
104
4383
109
4384
-1
4385
167
4386
134
4387
118
4388
184
4389
-1
4390
144
4391
90
4392
17
4393
58
4394
-1
4395
144
4396
91
4397
139
4398
24
4399
-1
4400
21
4401
127
4402
26
4403
1
4404
-1
4405
95
4406
19
4407
150
4408
121
4409
-1
4410
125
4411
109
4412
61
4413
62
4414
-1
4415
179
4416
93
4417
153
4418
149
4419
-1
4420
166
4421
81
4422
154
4423
68
4424
-1
4425
58
4426
158
4427
161
4428
79
4429
-1
4430
12
4431
11
4432
141
4433
113
4434
-1
4435
84
4436
123
4437
64
4438
24
4439
-1
4440
75
4441
165
4442
68
4443
120
4444
-1
4445
154
4446
123
4447
97
4448
148
4449
-1
4450
163
4451
136
4452
48
4453
78
4454
-1
4455
177
4456
17
4457
86
4458
74
4459
-1
4460
182
4461
124
4462
96
4463
51
4464
-1
4465
130
4466
44
4467
34
4468
167
4469
-1
4470
34
4471
94
4472
131
4473
101
4474
-1
4475
155
4476
1
4477
98
4478
96
4479
-1
4480
141
4481
37
4482
164
4483
79
4484
-1
4485
185
4486
17
4487
41
4488
116
4489
-1
4490
105
4491
9
4492
127
4493
52
4494
-1
4495
171
4496
81
4497
6
4498
2
4499
-1
4500
108
4501
174
4502
62
4503
82
4504
-1
4505
139
4506
42
4507
45
4508
88
4509
-1
4510
136
4511
41
4512
75
4513
14
4514
-1
4515
49
4516
111
4517
138
4518
155
4519
-1
4520
93
4521
63
4522
157
4523
53
4524
-1
4525
35
4526
169
4527
168
4528
148
4529
-1
4530
136
4531
0
4532
27
4533
13
4534
-1
4535
64
4536
177
4537
166
4538
26
4539
-1
4540
53
4541
30
4542
142
4543
159
4544
-1
4545
140
4546
109
4547
141
4548
1
4549
-1
4550
41
4551
126
4552
31
4553
175
4554
-1
4555
128
4556
19
4557
110
4558
108
4559
-1
4560
126
4561
117
4562
49
4563
139
4564
-1
4565
15
4566
2
4567
34
4568
52
4569
-1
4570
51
4571
139
4572
138
4573
161
4574
-1
4575
80
4576
38
4577
140
4578
45
4579
-1
4580
148
4581
171
4582
123
4583
185
4584
-1
4585
17
4586
76
4587
130
4588
87
4589
-1
4590
181
4591
9
4592
119
4593
30
4594
-1
4595
2
4596
184
4597
154
4598
30
4599
-1
4600
40
4601
85
4602
178
4603
133
4604
-1
4605
68
4606
12
4607
31
4608
34
4609
-1
4610
184
4611
73
4612
103
4613
141
4614
-1
4615
60
4616
107
4617
14
4618
101
4619
-1
4620
26
4621
60
4622
144
4623
18
4624
-1
4625
121
4626
70
4627
79
4628
29
4629
-1
4630
80
4631
12
4632
47
4633
111
4634
-1
4635
55
4636
132
4637
128
4638
85
4639
-1
4640
143
4641
174
4642
31
4643
0
4644
-1
4645
40
4646
89
4647
36
4648
5
4649
-1
4650
131
4651
167
4652
2
4653
122
4654
-1
4655
73
4656
87
4657
109
4658
65
4659
-1
4660
98
4661
143
4662
83
4663
130
4664
-1
4665
116
4666
108
4667
165
4668
172
4669
-1
4670
171
4671
184
4672
128
4673
136
4674
-1
4675
23
4676
118
4677
96
4678
62
4679
-1
4680
161
4681
63
4682
24
4683
181
4684
-1
4685
176
4686
23
4687
173
4688
114
4689
-1
4690
159
4691
101
4692
166
4693
66
4694
-1
4695
123
4696
6
4697
7
4698
120
4699
-1
4700
138
4701
58
4702
50
4703
164
4704
-1
4705
43
4706
125
4707
52
4708
157
4709
-1
4710
42
4711
155
4712
81
4713
173
4714
-1
4715
8
4716
61
4717
140
4718
122
4719
-1
4720
124
4721
121
4722
14
4723
180
4724
-1
4725
183
4726
96
4727
64
4728
24
4729
-1
4730
1
4731
170
4732
91
4733
124
4734
-1
4735
137
4736
76
4737
73
4738
180
4739
-1
4740
153
4741
8
4742
79
4743
167
4744
-1
4745
177
4746
135
4747
5
4748
130
4749
-1
4750
18
4751
12
4752
115
4753
91
4754
-1
4755
185
4756
95
4757
144
4758
115
4759
-1
4760
37
4761
84
4762
70
4763
121
4764
-1
4765
69
4766
105
4767
157
4768
41
4769
-1
4770
14
4771
97
4772
89
4773
121
4774
-1
4775
96
4776
38
4777
143
4778
55
4779
-1
4780
108
4781
160
4782
165
4783
114
4784
-1
4785
19
4786
102
4787
112
4788
40
4789
-1
4790
130
4791
12
4792
37
4793
95
4794
-1
4795
69
4796
150
4797
75
4798
114
4799
-1
4800
147
4801
133
4802
165
4803
166
4804
-1
4805
123
4806
142
4807
182
4808
140
4809
-1
4810
159
4811
122
4812
34
4813
81
4814
-1
4815
101
4816
177
4817
158
4818
81
4819
-1
4820
158
4821
30
4822
6
4823
27
4824
-1
4825
52
4826
18
4827
0
4828
97
4829
-1
4830
133
4831
11
4832
63
4833
134
4834
-1
4835
141
4836
134
4837
170
4838
132
4839
-1
4840
134
4841
127
4842
141
4843
54
4844
-1
4845
127
4846
179
4847
179
4848
26
4849
-1
4850
168
4851
159
4852
152
4853
16
4854
-1
4855
109
4856
80
4857
41
4858
154
4859
-1
4860
2
4861
138
4862
55
4863
89
4864
-1
4865
62
4866
143
4867
71
4868
45
4869
-1
4870
47
4871
161
4872
152
4873
22
4874
-1
4875
149
4876
26
4877
122
4878
176
4879
-1
4880
108
4881
60
4882
181
4883
166
4884
-1
4885
177
4886
38
4887
71
4888
41
4889
-1
4890
76
4891
132
4892
24
4893
74
4894
-1
4895
86
4896
20
4897
145
4898
2
4899
-1
4900
177
4901
89
4902
175
4903
47
4904
-1
4905
115
4906
91
4907
129
4908
155
4909
-1
4910
11
4911
13
4912
167
4913
172
4914
-1
4915
2
4916
86
4917
176
4918
130
4919
-1
4920
118
4921
40
4922
105
4923
17
4924
-1
4925
83
4926
94
4927
121
4928
18
4929
-1
4930
14
4931
166
4932
51
4933
103
4934
-1
4935
91
4936
178
4937
120
4938
108
4939
-1
4940
63
4941
43
4942
69
4943
32
4944
-1
4945
115
4946
19
4947
124
4948
142
4949
-1
4950
103
4951
33
4952
55
4953
184
4954
-1
4955
118
4956
26
4957
157
4958
39
4959
-1
4960
147
4961
54
4962
59
4963
165
4964
-1
4965
185
4966
183
4967
165
4968
88
4969
-1
4970
71
4971
93
4972
117
4973
128
4974
-1
4975
161
4976
126
4977
34
4978
87
4979
-1
4980
98
4981
51
4982
47
4983
18
4984
-1
4985
137
4986
180
4987
147
4988
181
4989
-1
4990
164
4991
52
4992
34
4993
157
4994
-1
4995
131
4996
56
4997
54
4998
85
4999
-1
