********************************************************************************
The planted motif0 is:
TTTACGGGAAAGCAT
0
27
1
73
2
12
3
13
4
-1
5
79
6
97
7
74
8
141
9
-1
10
102
11
58
12
181
13
26
14
-1
15
72
16
44
17
184
18
137
19
-1
20
36
21
65
22
100
23
176
24
-1
25
99
26
57
27
25
28
47
29
-1
30
69
31
20
32
105
33
13
34
-1
35
11
36
160
37
63
38
158
39
-1
40
85
41
63
42
5
43
11
44
-1
45
23
46
25
47
53
48
122
49
-1
50
35
51
20
52
161
53
39
54
-1
55
33
56
105
57
105
58
170
59
-1
60
136
61
63
62
172
63
58
64
-1
65
175
66
47
67
162
68
63
69
-1
70
112
71
92
72
154
73
135
74
-1
75
60
76
60
77
138
78
25
79
-1
80
141
81
115
82
121
83
137
84
-1
85
151
86
140
87
182
88
76
89
-1
90
38
91
157
92
49
93
166
94
-1
95
0
96
125
97
30
98
55
99
-1
100
18
101
24
102
173
103
175
104
-1
105
0
106
142
107
50
108
93
109
-1
110
162
111
69
112
140
113
135
114
-1
115
40
116
142
117
143
118
129
119
-1
120
109
121
90
122
146
123
39
124
-1
125
7
126
27
127
48
128
10
129
-1
130
32
131
158
132
114
133
71
134
-1
135
167
136
172
137
23
138
56
139
-1
140
137
141
101
142
94
143
168
144
-1
145
161
146
2
147
15
148
110
149
-1
150
77
151
28
152
171
153
122
154
-1
155
38
156
147
157
12
158
134
159
-1
160
39
161
32
162
58
163
74
164
-1
165
129
166
143
167
100
168
153
169
-1
170
12
171
76
172
135
173
102
174
-1
175
21
176
154
177
63
178
152
179
-1
180
166
181
35
182
19
183
31
184
-1
185
150
186
154
187
88
188
85
189
-1
190
109
191
178
192
0
193
150
194
-1
195
136
196
177
197
123
198
77
199
-1
200
78
201
96
202
177
203
115
204
-1
205
117
206
49
207
66
208
75
209
-1
210
67
211
131
212
101
213
59
214
-1
215
109
216
0
217
100
218
103
219
-1
220
54
221
132
222
184
223
142
224
-1
225
123
226
111
227
17
228
182
229
-1
230
150
231
81
232
179
233
134
234
-1
235
15
236
116
237
39
238
35
239
-1
240
66
241
49
242
95
243
25
244
-1
245
36
246
3
247
4
248
129
249
-1
250
45
251
50
252
37
253
74
254
-1
255
134
256
166
257
119
258
19
259
-1
260
166
261
184
262
7
263
72
264
-1
265
10
266
163
267
162
268
182
269
-1
270
185
271
74
272
6
273
68
274
-1
275
119
276
103
277
158
278
0
279
-1
280
63
281
105
282
69
283
36
284
-1
285
131
286
185
287
45
288
131
289
-1
290
14
291
159
292
169
293
151
294
-1
295
184
296
78
297
46
298
84
299
-1
300
69
301
113
302
85
303
176
304
-1
305
34
306
103
307
65
308
40
309
-1
310
100
311
32
312
37
313
153
314
-1
315
105
316
80
317
129
318
160
319
-1
320
5
321
71
322
145
323
27
324
-1
325
117
326
146
327
110
328
173
329
-1
330
89
331
28
332
147
333
7
334
-1
335
159
336
6
337
170
338
159
339
-1
340
159
341
105
342
94
343
104
344
-1
345
60
346
133
347
87
348
166
349
-1
350
133
351
47
352
45
353
110
354
-1
355
29
356
180
357
74
358
76
359
-1
360
53
361
25
362
132
363
176
364
-1
365
131
366
62
367
30
368
38
369
-1
370
99
371
82
372
172
373
32
374
-1
375
64
376
2
377
40
378
32
379
-1
380
15
381
62
382
89
383
24
384
-1
385
101
386
7
387
14
388
176
389
-1
390
45
391
34
392
171
393
17
394
-1
395
170
396
169
397
72
398
77
399
-1
400
77
401
157
402
10
403
60
404
-1
405
59
406
92
407
159
408
101
409
-1
410
97
411
160
412
134
413
135
414
-1
415
24
416
62
417
141
418
129
419
-1
420
17
421
156
422
106
423
90
424
-1
425
164
426
117
427
63
428
121
429
-1
430
157
431
163
432
171
433
135
434
-1
435
35
436
30
437
61
438
159
439
-1
440
25
441
165
442
124
443
113
444
-1
445
91
446
105
447
126
448
120
449
-1
450
34
451
28
452
124
453
148
454
-1
455
69
456
93
457
173
458
131
459
-1
460
39
461
104
462
48
463
57
464
-1
465
92
466
81
467
72
468
176
469
-1
470
165
471
18
472
18
473
113
474
-1
475
170
476
170
477
47
478
147
479
-1
480
83
481
55
482
46
483
35
484
-1
485
83
486
47
487
1
488
58
489
-1
490
3
491
113
492
179
493
9
494
-1
495
47
496
126
497
78
498
102
499
-1
500
26
501
146
502
135
503
34
504
-1
505
24
506
92
507
86
508
125
509
-1
510
33
511
167
512
144
513
135
514
-1
515
7
516
103
517
183
518
67
519
-1
520
147
521
84
522
41
523
169
524
-1
525
37
526
50
527
163
528
8
529
-1
530
182
531
52
532
39
533
47
534
-1
535
129
536
123
537
180
538
135
539
-1
540
74
541
101
542
137
543
51
544
-1
545
5
546
24
547
185
548
171
549
-1
550
44
551
63
552
7
553
75
554
-1
555
113
556
0
557
121
558
67
559
-1
560
136
561
165
562
63
563
22
564
-1
565
25
566
4
567
33
568
59
569
-1
570
101
571
130
572
79
573
23
574
-1
575
13
576
95
577
119
578
185
579
-1
580
156
581
14
582
160
583
63
584
-1
585
176
586
58
587
64
588
169
589
-1
590
9
591
1
592
157
593
110
594
-1
595
73
596
115
597
174
598
132
599
-1
600
62
601
59
602
91
603
81
604
-1
605
50
606
174
607
76
608
26
609
-1
610
88
611
106
612
111
613
52
614
-1
615
64
616
113
617
133
618
178
619
-1
620
106
621
113
622
53
623
72
624
-1
625
31
626
35
627
84
628
54
629
-1
630
173
631
21
632
156
633
177
634
-1
635
182
636
73
637
61
638
99
639
-1
640
50
641
116
642
100
643
67
644
-1
645
137
646
182
647
5
648
72
649
-1
650
176
651
120
652
27
653
134
654
-1
655
48
656
182
657
69
658
147
659
-1
660
159
661
174
662
115
663
100
664
-1
665
33
666
162
667
53
668
182
669
-1
670
73
671
44
672
112
673
66
674
-1
675
175
676
127
677
1
678
153
679
-1
680
113
681
171
682
141
683
54
684
-1
685
54
686
127
687
8
688
94
689
-1
690
136
691
46
692
82
693
136
694
-1
695
91
696
46
697
174
698
144
699
-1
700
10
701
120
702
102
703
98
704
-1
705
173
706
108
707
80
708
13
709
-1
710
103
711
37
712
93
713
37
714
-1
715
147
716
25
717
13
718
59
719
-1
720
73
721
63
722
29
723
49
724
-1
725
45
726
76
727
82
728
18
729
-1
730
168
731
9
732
0
733
105
734
-1
735
85
736
161
737
130
738
145
739
-1
740
185
741
71
742
32
743
48
744
-1
745
30
746
175
747
89
748
106
749
-1
750
40
751
21
752
172
753
7
754
-1
755
57
756
180
757
98
758
15
759
-1
760
182
761
176
762
145
763
86
764
-1
765
168
766
143
767
182
768
92
769
-1
770
41
771
79
772
54
773
173
774
-1
775
61
776
12
777
102
778
14
779
-1
780
15
781
168
782
155
783
108
784
-1
785
107
786
135
787
29
788
57
789
-1
790
139
791
140
792
31
793
139
794
-1
795
152
796
86
797
62
798
67
799
-1
800
129
801
21
802
173
803
1
804
-1
805
147
806
105
807
146
808
59
809
-1
810
139
811
182
812
103
813
84
814
-1
815
27
816
52
817
63
818
8
819
-1
820
167
821
48
822
67
823
173
824
-1
825
123
826
113
827
185
828
21
829
-1
830
59
831
78
832
165
833
19
834
-1
835
156
836
72
837
106
838
164
839
-1
840
50
841
180
842
182
843
0
844
-1
845
61
846
4
847
107
848
144
849
-1
850
161
851
71
852
102
853
75
854
-1
855
113
856
29
857
56
858
80
859
-1
860
113
861
36
862
144
863
159
864
-1
865
126
866
27
867
119
868
59
869
-1
870
154
871
60
872
137
873
182
874
-1
875
104
876
157
877
96
878
139
879
-1
880
73
881
85
882
93
883
137
884
-1
885
104
886
9
887
28
888
28
889
-1
890
24
891
2
892
85
893
104
894
-1
895
3
896
161
897
87
898
35
899
-1
900
125
901
155
902
77
903
57
904
-1
905
61
906
69
907
132
908
66
909
-1
910
59
911
34
912
20
913
97
914
-1
915
165
916
174
917
82
918
142
919
-1
920
142
921
27
922
61
923
132
924
-1
925
56
926
149
927
114
928
103
929
-1
930
95
931
42
932
81
933
85
934
-1
935
140
936
150
937
104
938
107
939
-1
940
111
941
54
942
100
943
57
944
-1
945
142
946
92
947
141
948
129
949
-1
950
146
951
88
952
150
953
5
954
-1
955
11
956
83
957
24
958
94
959
-1
960
167
961
39
962
148
963
77
964
-1
965
183
966
101
967
148
968
71
969
-1
970
53
971
145
972
7
973
120
974
-1
975
169
976
130
977
146
978
147
979
-1
980
117
981
114
982
12
983
93
984
-1
985
0
986
100
987
42
988
7
989
-1
990
177
991
133
992
80
993
139
994
-1
995
74
996
11
997
40
998
13
999
-1
1000
123
1001
103
1002
11
1003
55
1004
-1
1005
113
1006
72
1007
60
1008
163
1009
-1
1010
12
1011
29
1012
54
1013
14
1014
-1
1015
140
1016
112
1017
139
1018
85
1019
-1
1020
14
1021
61
1022
87
1023
181
1024
-1
1025
17
1026
40
1027
19
1028
106
1029
-1
1030
159
1031
184
1032
53
1033
173
1034
-1
1035
127
1036
103
1037
76
1038
56
1039
-1
1040
94
1041
63
1042
75
1043
30
1044
-1
1045
112
1046
46
1047
72
1048
115
1049
-1
1050
29
1051
61
1052
28
1053
146
1054
-1
1055
171
1056
33
1057
163
1058
113
1059
-1
1060
20
1061
112
1062
90
1063
103
1064
-1
1065
61
1066
131
1067
121
1068
32
1069
-1
1070
145
1071
154
1072
56
1073
130
1074
-1
1075
17
1076
111
1077
12
1078
78
1079
-1
1080
141
1081
2
1082
163
1083
53
1084
-1
1085
83
1086
152
1087
84
1088
130
1089
-1
1090
133
1091
144
1092
139
1093
5
1094
-1
1095
177
1096
185
1097
50
1098
53
1099
-1
1100
69
1101
2
1102
98
1103
151
1104
-1
1105
41
1106
42
1107
184
1108
10
1109
-1
1110
132
1111
16
1112
2
1113
34
1114
-1
1115
135
1116
36
1117
3
1118
101
1119
-1
1120
55
1121
5
1122
171
1123
123
1124
-1
1125
47
1126
134
1127
165
1128
29
1129
-1
1130
146
1131
67
1132
10
1133
52
1134
-1
1135
154
1136
148
1137
40
1138
75
1139
-1
1140
38
1141
94
1142
138
1143
60
1144
-1
1145
91
1146
125
1147
114
1148
4
1149
-1
1150
134
1151
130
1152
31
1153
19
1154
-1
1155
126
1156
153
1157
23
1158
179
1159
-1
1160
134
1161
109
1162
41
1163
176
1164
-1
1165
163
1166
163
1167
166
1168
22
1169
-1
1170
76
1171
120
1172
77
1173
59
1174
-1
1175
98
1176
49
1177
168
1178
140
1179
-1
1180
147
1181
20
1182
86
1183
27
1184
-1
1185
120
1186
29
1187
68
1188
132
1189
-1
1190
131
1191
7
1192
71
1193
57
1194
-1
1195
181
1196
97
1197
42
1198
114
1199
-1
1200
24
1201
106
1202
64
1203
142
1204
-1
1205
141
1206
123
1207
47
1208
18
1209
-1
1210
97
1211
119
1212
95
1213
84
1214
-1
1215
55
1216
66
1217
72
1218
102
1219
-1
1220
21
1221
128
1222
92
1223
36
1224
-1
1225
151
1226
168
1227
14
1228
145
1229
-1
1230
23
1231
140
1232
179
1233
63
1234
-1
1235
71
1236
109
1237
62
1238
155
1239
-1
1240
36
1241
120
1242
71
1243
60
1244
-1
1245
88
1246
110
1247
5
1248
27
1249
-1
1250
10
1251
19
1252
53
1253
119
1254
-1
1255
64
1256
24
1257
107
1258
43
1259
-1
1260
2
1261
116
1262
111
1263
153
1264
-1
1265
99
1266
131
1267
139
1268
57
1269
-1
1270
83
1271
78
1272
56
1273
62
1274
-1
1275
53
1276
47
1277
70
1278
78
1279
-1
1280
25
1281
41
1282
92
1283
36
1284
-1
1285
67
1286
157
1287
120
1288
150
1289
-1
1290
32
1291
6
1292
159
1293
157
1294
-1
1295
92
1296
64
1297
138
1298
57
1299
-1
1300
175
1301
117
1302
182
1303
100
1304
-1
1305
140
1306
25
1307
142
1308
22
1309
-1
1310
96
1311
121
1312
68
1313
106
1314
-1
1315
68
1316
183
1317
110
1318
42
1319
-1
1320
126
1321
14
1322
111
1323
11
1324
-1
1325
2
1326
1
1327
17
1328
167
1329
-1
1330
22
1331
78
1332
75
1333
7
1334
-1
1335
144
1336
174
1337
140
1338
51
1339
-1
1340
168
1341
162
1342
173
1343
70
1344
-1
1345
87
1346
44
1347
168
1348
80
1349
-1
1350
179
1351
20
1352
175
1353
29
1354
-1
1355
52
1356
166
1357
65
1358
175
1359
-1
1360
120
1361
21
1362
66
1363
167
1364
-1
1365
122
1366
154
1367
20
1368
41
1369
-1
1370
129
1371
77
1372
76
1373
113
1374
-1
1375
72
1376
121
1377
151
1378
79
1379
-1
1380
12
1381
132
1382
123
1383
146
1384
-1
1385
177
1386
63
1387
127
1388
114
1389
-1
1390
16
1391
183
1392
136
1393
97
1394
-1
1395
143
1396
169
1397
83
1398
103
1399
-1
1400
103
1401
10
1402
34
1403
84
1404
-1
1405
88
1406
83
1407
136
1408
126
1409
-1
1410
127
1411
75
1412
6
1413
169
1414
-1
1415
140
1416
112
1417
141
1418
138
1419
-1
1420
106
1421
143
1422
32
1423
91
1424
-1
1425
12
1426
100
1427
20
1428
112
1429
-1
1430
27
1431
181
1432
122
1433
86
1434
-1
1435
84
1436
28
1437
104
1438
22
1439
-1
1440
14
1441
179
1442
137
1443
82
1444
-1
1445
10
1446
7
1447
75
1448
111
1449
-1
1450
155
1451
182
1452
128
1453
94
1454
-1
1455
1
1456
73
1457
85
1458
89
1459
-1
1460
88
1461
142
1462
17
1463
9
1464
-1
1465
165
1466
179
1467
96
1468
98
1469
-1
1470
35
1471
97
1472
63
1473
28
1474
-1
1475
172
1476
183
1477
138
1478
38
1479
-1
1480
99
1481
114
1482
138
1483
149
1484
-1
1485
100
1486
114
1487
136
1488
10
1489
-1
1490
128
1491
101
1492
32
1493
151
1494
-1
1495
95
1496
55
1497
70
1498
82
1499
-1
1500
57
1501
185
1502
130
1503
17
1504
-1
1505
22
1506
148
1507
72
1508
109
1509
-1
1510
103
1511
151
1512
155
1513
12
1514
-1
1515
85
1516
64
1517
84
1518
162
1519
-1
1520
1
1521
181
1522
44
1523
28
1524
-1
1525
67
1526
36
1527
174
1528
74
1529
-1
1530
109
1531
66
1532
43
1533
24
1534
-1
1535
142
1536
33
1537
167
1538
183
1539
-1
1540
45
1541
115
1542
174
1543
34
1544
-1
1545
131
1546
17
1547
183
1548
6
1549
-1
1550
123
1551
102
1552
174
1553
113
1554
-1
1555
112
1556
117
1557
184
1558
181
1559
-1
1560
122
1561
177
1562
36
1563
30
1564
-1
1565
73
1566
159
1567
116
1568
71
1569
-1
1570
38
1571
77
1572
176
1573
124
1574
-1
1575
105
1576
176
1577
170
1578
89
1579
-1
1580
172
1581
182
1582
80
1583
27
1584
-1
1585
47
1586
47
1587
87
1588
121
1589
-1
1590
138
1591
3
1592
179
1593
107
1594
-1
1595
156
1596
97
1597
127
1598
124
1599
-1
1600
153
1601
101
1602
130
1603
81
1604
-1
1605
137
1606
82
1607
159
1608
92
1609
-1
1610
33
1611
17
1612
124
1613
115
1614
-1
1615
23
1616
10
1617
32
1618
26
1619
-1
1620
138
1621
156
1622
173
1623
146
1624
-1
1625
83
1626
143
1627
43
1628
13
1629
-1
1630
167
1631
185
1632
93
1633
88
1634
-1
1635
161
1636
165
1637
87
1638
178
1639
-1
1640
44
1641
82
1642
108
1643
169
1644
-1
1645
15
1646
96
1647
86
1648
182
1649
-1
1650
56
1651
39
1652
160
1653
82
1654
-1
1655
114
1656
165
1657
70
1658
111
1659
-1
1660
10
1661
66
1662
96
1663
182
1664
-1
1665
151
1666
28
1667
115
1668
7
1669
-1
1670
99
1671
22
1672
49
1673
54
1674
-1
1675
171
1676
31
1677
58
1678
84
1679
-1
1680
75
1681
25
1682
30
1683
127
1684
-1
1685
70
1686
122
1687
93
1688
166
1689
-1
1690
149
1691
49
1692
59
1693
49
1694
-1
1695
59
1696
131
1697
9
1698
49
1699
-1
1700
168
1701
127
1702
117
1703
167
1704
-1
1705
129
1706
17
1707
176
1708
169
1709
-1
1710
110
1711
86
1712
133
1713
71
1714
-1
1715
50
1716
43
1717
92
1718
53
1719
-1
1720
172
1721
20
1722
72
1723
41
1724
-1
1725
176
1726
5
1727
94
1728
85
1729
-1
1730
42
1731
54
1732
54
1733
30
1734
-1
1735
97
1736
63
1737
160
1738
120
1739
-1
1740
66
1741
122
1742
127
1743
34
1744
-1
1745
66
1746
12
1747
95
1748
7
1749
-1
1750
19
1751
12
1752
0
1753
122
1754
-1
1755
121
1756
50
1757
2
1758
8
1759
-1
1760
128
1761
107
1762
25
1763
5
1764
-1
1765
138
1766
138
1767
49
1768
165
1769
-1
1770
95
1771
54
1772
57
1773
58
1774
-1
1775
68
1776
119
1777
114
1778
4
1779
-1
1780
92
1781
76
1782
90
1783
92
1784
-1
1785
136
1786
94
1787
170
1788
93
1789
-1
1790
94
1791
145
1792
98
1793
16
1794
-1
1795
44
1796
73
1797
65
1798
19
1799
-1
1800
162
1801
81
1802
145
1803
12
1804
-1
1805
94
1806
73
1807
65
1808
176
1809
-1
1810
149
1811
144
1812
144
1813
161
1814
-1
1815
3
1816
182
1817
182
1818
141
1819
-1
1820
1
1821
151
1822
6
1823
38
1824
-1
1825
115
1826
64
1827
134
1828
81
1829
-1
1830
71
1831
101
1832
120
1833
69
1834
-1
1835
37
1836
123
1837
17
1838
139
1839
-1
1840
181
1841
152
1842
97
1843
15
1844
-1
1845
158
1846
93
1847
9
1848
86
1849
-1
1850
71
1851
89
1852
144
1853
24
1854
-1
1855
117
1856
54
1857
31
1858
30
1859
-1
1860
64
1861
99
1862
90
1863
76
1864
-1
1865
77
1866
124
1867
139
1868
135
1869
-1
1870
154
1871
55
1872
68
1873
180
1874
-1
1875
19
1876
117
1877
113
1878
110
1879
-1
1880
16
1881
59
1882
144
1883
35
1884
-1
1885
141
1886
144
1887
174
1888
90
1889
-1
1890
59
1891
43
1892
2
1893
54
1894
-1
1895
99
1896
121
1897
19
1898
26
1899
-1
1900
10
1901
27
1902
184
1903
59
1904
-1
1905
52
1906
60
1907
121
1908
165
1909
-1
1910
32
1911
163
1912
3
1913
6
1914
-1
1915
49
1916
100
1917
123
1918
154
1919
-1
1920
151
1921
31
1922
61
1923
144
1924
-1
1925
79
1926
51
1927
49
1928
107
1929
-1
1930
27
1931
100
1932
68
1933
63
1934
-1
1935
70
1936
116
1937
122
1938
122
1939
-1
1940
24
1941
84
1942
150
1943
9
1944
-1
1945
178
1946
10
1947
103
1948
87
1949
-1
1950
113
1951
82
1952
141
1953
80
1954
-1
1955
1
1956
79
1957
48
1958
43
1959
-1
1960
89
1961
87
1962
19
1963
150
1964
-1
1965
140
1966
114
1967
94
1968
10
1969
-1
1970
122
1971
141
1972
23
1973
141
1974
-1
1975
144
1976
42
1977
101
1978
12
1979
-1
1980
159
1981
6
1982
151
1983
7
1984
-1
1985
21
1986
28
1987
167
1988
174
1989
-1
1990
40
1991
127
1992
58
1993
95
1994
-1
1995
21
1996
153
1997
79
1998
61
1999
-1
2000
181
2001
137
2002
4
2003
25
2004
-1
2005
47
2006
163
2007
168
2008
169
2009
-1
2010
43
2011
159
2012
119
2013
12
2014
-1
2015
40
2016
60
2017
58
2018
39
2019
-1
2020
176
2021
138
2022
171
2023
152
2024
-1
2025
132
2026
81
2027
123
2028
34
2029
-1
2030
119
2031
140
2032
110
2033
7
2034
-1
2035
130
2036
119
2037
27
2038
95
2039
-1
2040
48
2041
97
2042
33
2043
64
2044
-1
2045
77
2046
165
2047
106
2048
12
2049
-1
2050
44
2051
145
2052
117
2053
94
2054
-1
2055
150
2056
36
2057
6
2058
104
2059
-1
2060
75
2061
54
2062
81
2063
87
2064
-1
2065
4
2066
83
2067
171
2068
185
2069
-1
2070
133
2071
152
2072
119
2073
38
2074
-1
2075
4
2076
4
2077
114
2078
176
2079
-1
2080
46
2081
17
2082
68
2083
115
2084
-1
2085
17
2086
162
2087
105
2088
145
2089
-1
2090
85
2091
94
2092
3
2093
5
2094
-1
2095
11
2096
140
2097
154
2098
127
2099
-1
2100
149
2101
150
2102
70
2103
185
2104
-1
2105
91
2106
49
2107
111
2108
57
2109
-1
2110
178
2111
137
2112
47
2113
172
2114
-1
2115
175
2116
1
2117
166
2118
175
2119
-1
2120
93
2121
122
2122
140
2123
160
2124
-1
2125
26
2126
7
2127
130
2128
29
2129
-1
2130
19
2131
108
2132
115
2133
119
2134
-1
2135
13
2136
179
2137
149
2138
106
2139
-1
2140
25
2141
183
2142
95
2143
66
2144
-1
2145
59
2146
8
2147
82
2148
95
2149
-1
2150
76
2151
33
2152
179
2153
107
2154
-1
2155
36
2156
83
2157
64
2158
133
2159
-1
2160
80
2161
117
2162
184
2163
159
2164
-1
2165
116
2166
84
2167
9
2168
182
2169
-1
2170
18
2171
37
2172
70
2173
7
2174
-1
2175
125
2176
3
2177
70
2178
68
2179
-1
2180
142
2181
104
2182
43
2183
158
2184
-1
2185
183
2186
83
2187
7
2188
76
2189
-1
2190
130
2191
25
2192
100
2193
177
2194
-1
2195
152
2196
117
2197
18
2198
134
2199
-1
2200
164
2201
144
2202
161
2203
55
2204
-1
2205
35
2206
108
2207
73
2208
42
2209
-1
2210
125
2211
84
2212
61
2213
70
2214
-1
2215
85
2216
101
2217
125
2218
114
2219
-1
2220
51
2221
88
2222
56
2223
12
2224
-1
2225
84
2226
140
2227
103
2228
89
2229
-1
2230
105
2231
10
2232
140
2233
129
2234
-1
2235
43
2236
62
2237
97
2238
160
2239
-1
2240
57
2241
86
2242
114
2243
6
2244
-1
2245
113
2246
184
2247
16
2248
57
2249
-1
2250
96
2251
79
2252
133
2253
174
2254
-1
2255
105
2256
66
2257
9
2258
24
2259
-1
2260
73
2261
39
2262
177
2263
32
2264
-1
2265
31
2266
82
2267
38
2268
175
2269
-1
2270
38
2271
101
2272
159
2273
64
2274
-1
2275
50
2276
59
2277
59
2278
94
2279
-1
2280
35
2281
152
2282
102
2283
93
2284
-1
2285
141
2286
15
2287
122
2288
163
2289
-1
2290
139
2291
101
2292
153
2293
153
2294
-1
2295
130
2296
173
2297
112
2298
20
2299
-1
2300
170
2301
140
2302
90
2303
2
2304
-1
2305
20
2306
114
2307
36
2308
40
2309
-1
2310
96
2311
157
2312
40
2313
137
2314
-1
2315
159
2316
70
2317
67
2318
93
2319
-1
2320
96
2321
184
2322
148
2323
1
2324
-1
2325
2
2326
66
2327
6
2328
99
2329
-1
2330
95
2331
95
2332
144
2333
182
2334
-1
2335
160
2336
22
2337
29
2338
21
2339
-1
2340
168
2341
42
2342
115
2343
160
2344
-1
2345
35
2346
173
2347
46
2348
36
2349
-1
2350
180
2351
76
2352
119
2353
25
2354
-1
2355
14
2356
4
2357
55
2358
31
2359
-1
2360
76
2361
64
2362
82
2363
135
2364
-1
2365
161
2366
168
2367
43
2368
172
2369
-1
2370
147
2371
43
2372
148
2373
2
2374
-1
2375
183
2376
62
2377
123
2378
94
2379
-1
2380
73
2381
18
2382
40
2383
34
2384
-1
2385
53
2386
79
2387
43
2388
86
2389
-1
2390
173
2391
75
2392
84
2393
154
2394
-1
2395
19
2396
152
2397
73
2398
148
2399
-1
2400
153
2401
149
2402
44
2403
147
2404
-1
2405
170
2406
155
2407
66
2408
79
2409
-1
2410
167
2411
52
2412
137
2413
15
2414
-1
2415
111
2416
79
2417
180
2418
135
2419
-1
2420
177
2421
50
2422
142
2423
149
2424
-1
2425
157
2426
76
2427
31
2428
67
2429
-1
2430
156
2431
56
2432
13
2433
168
2434
-1
2435
176
2436
127
2437
3
2438
90
2439
-1
2440
134
2441
10
2442
52
2443
40
2444
-1
2445
133
2446
96
2447
38
2448
139
2449
-1
2450
86
2451
183
2452
142
2453
173
2454
-1
2455
49
2456
23
2457
60
2458
35
2459
-1
2460
145
2461
80
2462
21
2463
20
2464
-1
2465
167
2466
68
2467
173
2468
115
2469
-1
2470
39
2471
80
2472
151
2473
86
2474
-1
2475
45
2476
67
2477
178
2478
149
2479
-1
2480
34
2481
54
2482
175
2483
23
2484
-1
2485
39
2486
52
2487
12
2488
138
2489
-1
2490
2
2491
51
2492
120
2493
28
2494
-1
2495
126
2496
72
2497
177
2498
67
2499
-1
2500
49
2501
15
2502
113
2503
102
2504
-1
2505
74
2506
83
2507
145
2508
156
2509
-1
2510
55
2511
11
2512
181
2513
67
2514
-1
2515
117
2516
47
2517
162
2518
26
2519
-1
2520
152
2521
113
2522
144
2523
59
2524
-1
2525
1
2526
52
2527
129
2528
142
2529
-1
2530
137
2531
35
2532
16
2533
74
2534
-1
2535
184
2536
178
2537
57
2538
96
2539
-1
2540
84
2541
53
2542
18
2543
89
2544
-1
2545
20
2546
77
2547
2
2548
16
2549
-1
2550
95
2551
185
2552
135
2553
104
2554
-1
2555
171
2556
33
2557
45
2558
172
2559
-1
2560
35
2561
3
2562
32
2563
184
2564
-1
2565
104
2566
173
2567
10
2568
183
2569
-1
2570
165
2571
6
2572
18
2573
67
2574
-1
2575
125
2576
77
2577
138
2578
156
2579
-1
2580
79
2581
143
2582
92
2583
156
2584
-1
2585
133
2586
10
2587
55
2588
51
2589
-1
2590
182
2591
16
2592
150
2593
175
2594
-1
2595
96
2596
77
2597
143
2598
119
2599
-1
2600
96
2601
157
2602
81
2603
64
2604
-1
2605
44
2606
53
2607
73
2608
171
2609
-1
2610
7
2611
174
2612
52
2613
166
2614
-1
2615
174
2616
125
2617
49
2618
175
2619
-1
2620
100
2621
180
2622
179
2623
133
2624
-1
2625
67
2626
108
2627
29
2628
136
2629
-1
2630
50
2631
148
2632
107
2633
123
2634
-1
2635
80
2636
87
2637
68
2638
118
2639
-1
2640
0
2641
118
2642
118
2643
70
2644
-1
2645
112
2646
168
2647
35
2648
76
2649
-1
2650
24
2651
174
2652
140
2653
48
2654
-1
2655
61
2656
167
2657
0
2658
177
2659
-1
2660
135
2661
138
2662
130
2663
163
2664
-1
2665
20
2666
68
2667
180
2668
154
2669
-1
2670
26
2671
177
2672
16
2673
157
2674
-1
2675
33
2676
67
2677
30
2678
34
2679
-1
2680
49
2681
138
2682
76
2683
153
2684
-1
2685
119
2686
115
2687
164
2688
33
2689
-1
2690
81
2691
97
2692
136
2693
53
2694
-1
2695
64
2696
30
2697
70
2698
118
2699
-1
2700
12
2701
180
2702
74
2703
140
2704
-1
2705
47
2706
108
2707
109
2708
135
2709
-1
2710
151
2711
74
2712
65
2713
64
2714
-1
2715
82
2716
184
2717
141
2718
179
2719
-1
2720
0
2721
131
2722
122
2723
99
2724
-1
2725
102
2726
78
2727
121
2728
48
2729
-1
2730
93
2731
165
2732
20
2733
177
2734
-1
2735
122
2736
133
2737
145
2738
17
2739
-1
2740
136
2741
43
2742
82
2743
164
2744
-1
2745
104
2746
105
2747
114
2748
84
2749
-1
2750
9
2751
183
2752
72
2753
97
2754
-1
2755
62
2756
126
2757
126
2758
87
2759
-1
2760
5
2761
81
2762
117
2763
142
2764
-1
2765
64
2766
26
2767
142
2768
64
2769
-1
2770
111
2771
138
2772
22
2773
54
2774
-1
2775
154
2776
22
2777
143
2778
183
2779
-1
2780
94
2781
90
2782
128
2783
112
2784
-1
2785
118
2786
19
2787
88
2788
114
2789
-1
2790
99
2791
179
2792
122
2793
33
2794
-1
2795
44
2796
98
2797
42
2798
108
2799
-1
2800
157
2801
171
2802
9
2803
133
2804
-1
2805
178
2806
64
2807
121
2808
156
2809
-1
2810
52
2811
155
2812
76
2813
50
2814
-1
2815
176
2816
143
2817
140
2818
116
2819
-1
2820
144
2821
140
2822
15
2823
139
2824
-1
2825
117
2826
68
2827
24
2828
102
2829
-1
2830
114
2831
67
2832
34
2833
5
2834
-1
2835
166
2836
127
2837
178
2838
114
2839
-1
2840
105
2841
100
2842
135
2843
161
2844
-1
2845
93
2846
16
2847
132
2848
57
2849
-1
2850
123
2851
0
2852
101
2853
68
2854
-1
2855
67
2856
33
2857
183
2858
39
2859
-1
2860
22
2861
49
2862
135
2863
167
2864
-1
2865
132
2866
1
2867
76
2868
155
2869
-1
2870
147
2871
185
2872
32
2873
96
2874
-1
2875
59
2876
172
2877
183
2878
130
2879
-1
2880
28
2881
82
2882
145
2883
139
2884
-1
2885
155
2886
22
2887
158
2888
141
2889
-1
2890
152
2891
175
2892
64
2893
31
2894
-1
2895
95
2896
12
2897
81
2898
37
2899
-1
2900
8
2901
73
2902
154
2903
177
2904
-1
2905
0
2906
77
2907
50
2908
29
2909
-1
2910
158
2911
102
2912
94
2913
137
2914
-1
2915
34
2916
83
2917
41
2918
117
2919
-1
2920
185
2921
31
2922
60
2923
41
2924
-1
2925
71
2926
63
2927
185
2928
178
2929
-1
2930
38
2931
21
2932
176
2933
141
2934
-1
2935
33
2936
60
2937
105
2938
0
2939
-1
2940
153
2941
69
2942
167
2943
127
2944
-1
2945
62
2946
155
2947
2
2948
18
2949
-1
2950
147
2951
25
2952
120
2953
164
2954
-1
2955
70
2956
66
2957
71
2958
90
2959
-1
2960
164
2961
134
2962
158
2963
71
2964
-1
2965
30
2966
38
2967
5
2968
82
2969
-1
2970
166
2971
97
2972
171
2973
175
2974
-1
2975
91
2976
18
2977
73
2978
115
2979
-1
2980
86
2981
77
2982
43
2983
107
2984
-1
2985
90
2986
122
2987
123
2988
121
2989
-1
2990
78
2991
130
2992
158
2993
89
2994
-1
2995
182
2996
25
2997
104
2998
50
2999
-1
