********************************************************************************
The planted motif0 is:
AAGTTGCGCGATTCGTTCTCC
0
6
1
-1
2
115
3
-1
4
109
5
-1
6
142
7
-1
8
62
9
-1
10
114
11
-1
12
4
13
-1
14
163
15
-1
16
87
17
-1
18
171
19
-1
20
147
21
-1
22
3
23
-1
24
75
25
-1
26
112
27
-1
28
172
29
-1
30
138
31
-1
32
164
33
-1
34
27
35
-1
36
148
37
-1
38
132
39
-1
40
163
41
-1
42
2
43
-1
44
32
45
-1
46
153
47
-1
48
113
49
-1
50
140
51
-1
52
172
53
-1
54
22
55
-1
56
172
57
-1
58
12
59
-1
60
11
61
-1
62
148
63
-1
64
61
65
-1
66
163
67
-1
68
117
69
-1
70
164
71
-1
72
137
73
-1
74
163
75
-1
76
25
77
-1
78
72
79
-1
80
154
81
-1
82
149
83
-1
84
62
85
-1
86
62
87
-1
88
48
89
-1
90
89
91
-1
92
43
93
-1
94
8
95
-1
96
100
97
-1
98
74
99
-1
100
7
101
-1
102
142
103
-1
104
124
105
-1
106
82
107
-1
108
94
109
-1
110
125
111
-1
112
31
113
-1
114
77
115
-1
116
26
117
-1
118
177
119
-1
120
5
121
-1
122
108
123
-1
124
7
125
-1
126
35
127
-1
128
127
129
-1
130
149
131
-1
132
73
133
-1
134
24
135
-1
136
60
137
-1
138
93
139
-1
140
132
141
-1
142
13
143
-1
144
33
145
-1
146
159
147
-1
148
29
149
-1
150
36
151
-1
152
118
153
-1
154
163
155
-1
156
56
157
-1
158
19
159
-1
160
150
161
-1
162
87
163
-1
164
38
165
-1
166
105
167
-1
168
32
169
-1
170
129
171
-1
172
156
173
-1
174
120
175
-1
176
129
177
-1
178
32
179
-1
180
6
181
-1
182
54
183
-1
184
62
185
-1
186
100
187
-1
188
133
189
-1
190
42
191
-1
192
127
193
-1
194
13
195
-1
196
79
197
-1
198
98
199
-1
200
140
201
-1
202
164
203
-1
204
70
205
-1
206
51
207
-1
208
42
209
-1
210
10
211
-1
212
13
213
-1
214
171
215
-1
216
94
217
-1
218
69
219
-1
220
44
221
-1
222
34
223
-1
224
127
225
-1
226
15
227
-1
228
29
229
-1
230
158
231
-1
232
38
233
-1
234
68
235
-1
236
49
237
-1
238
176
239
-1
240
50
241
-1
242
104
243
-1
244
63
245
-1
246
38
247
-1
248
73
249
-1
250
151
251
-1
252
112
253
-1
254
179
255
-1
256
107
257
-1
258
112
259
-1
260
148
261
-1
262
13
263
-1
264
40
265
-1
266
117
267
-1
268
145
269
-1
270
112
271
-1
272
106
273
-1
274
143
275
-1
276
172
277
-1
278
163
279
-1
280
149
281
-1
282
11
283
-1
284
70
285
-1
286
63
287
-1
288
137
289
-1
290
100
291
-1
292
147
293
-1
294
58
295
-1
296
83
297
-1
298
103
299
-1
300
88
301
-1
302
107
303
-1
304
137
305
-1
306
96
307
-1
308
90
309
-1
310
9
311
-1
312
89
313
-1
314
35
315
-1
316
138
317
-1
318
60
319
-1
320
170
321
-1
322
150
323
-1
324
69
325
-1
326
146
327
-1
328
73
329
-1
330
112
331
-1
332
20
333
-1
334
51
335
-1
336
141
337
-1
338
58
339
-1
340
177
341
-1
342
100
343
-1
344
75
345
-1
346
144
347
-1
348
166
349
-1
350
144
351
-1
352
41
353
-1
354
44
355
-1
356
137
357
-1
358
60
359
-1
360
42
361
-1
362
26
363
-1
364
108
365
-1
366
123
367
-1
368
87
369
-1
370
158
371
-1
372
134
373
-1
374
49
375
-1
376
97
377
-1
378
179
379
-1
380
142
381
-1
382
81
383
-1
384
121
385
-1
386
119
387
-1
388
166
389
-1
390
52
391
-1
392
64
393
-1
394
79
395
-1
396
104
397
-1
398
114
399
-1
400
57
401
-1
402
59
403
-1
404
30
405
-1
406
96
407
-1
408
130
409
-1
410
170
411
-1
412
7
413
-1
414
145
415
-1
416
31
417
-1
418
18
419
-1
420
172
421
-1
422
169
423
-1
424
50
425
-1
426
17
427
-1
428
150
429
-1
430
167
431
-1
432
137
433
-1
434
30
435
-1
436
66
437
-1
438
80
439
-1
440
129
441
-1
442
51
443
-1
444
58
445
-1
446
116
447
-1
448
64
449
-1
450
87
451
-1
452
115
453
-1
454
41
455
-1
456
81
457
-1
458
7
459
-1
460
30
461
-1
462
151
463
-1
464
139
465
-1
466
61
467
-1
468
45
469
-1
470
95
471
-1
472
152
473
-1
474
22
475
-1
476
149
477
-1
478
64
479
-1
480
31
481
-1
482
132
483
-1
484
78
485
-1
486
155
487
-1
488
24
489
-1
490
98
491
-1
492
114
493
-1
494
49
495
-1
496
92
497
-1
498
27
499
-1
500
118
501
-1
502
68
503
-1
504
15
505
-1
506
62
507
-1
508
23
509
-1
510
14
511
-1
512
7
513
-1
514
51
515
-1
516
127
517
-1
518
46
519
-1
520
64
521
-1
522
55
523
-1
524
44
525
-1
526
95
527
-1
528
164
529
-1
530
96
531
-1
532
97
533
-1
534
58
535
-1
536
61
537
-1
538
67
539
-1
540
77
541
-1
542
167
543
-1
544
161
545
-1
546
40
547
-1
548
141
549
-1
550
100
551
-1
552
30
553
-1
554
55
555
-1
556
106
557
-1
558
40
559
-1
560
34
561
-1
562
146
563
-1
564
178
565
-1
566
177
567
-1
568
51
569
-1
570
175
571
-1
572
65
573
-1
574
114
575
-1
576
47
577
-1
578
40
579
-1
580
70
581
-1
582
11
583
-1
584
3
585
-1
586
22
587
-1
588
149
589
-1
590
11
591
-1
592
111
593
-1
594
144
595
-1
596
115
597
-1
598
98
599
-1
600
142
601
-1
602
27
603
-1
604
70
605
-1
606
10
607
-1
608
143
609
-1
610
2
611
-1
612
61
613
-1
614
167
615
-1
616
1
617
-1
618
128
619
-1
620
16
621
-1
622
58
623
-1
624
16
625
-1
626
77
627
-1
628
93
629
-1
630
77
631
-1
632
165
633
-1
634
67
635
-1
636
94
637
-1
638
16
639
-1
640
89
641
-1
642
52
643
-1
644
17
645
-1
646
73
647
-1
648
63
649
-1
650
63
651
-1
652
80
653
-1
654
179
655
-1
656
96
657
-1
658
122
659
-1
660
60
661
-1
662
155
663
-1
664
154
665
-1
666
88
667
-1
668
158
669
-1
670
90
671
-1
672
32
673
-1
674
151
675
-1
676
7
677
-1
678
45
679
-1
680
16
681
-1
682
64
683
-1
684
154
685
-1
686
122
687
-1
688
0
689
-1
690
95
691
-1
692
96
693
-1
694
46
695
-1
696
25
697
-1
698
64
699
-1
700
135
701
-1
702
111
703
-1
704
123
705
-1
706
94
707
-1
708
22
709
-1
710
59
711
-1
712
120
713
-1
714
141
715
-1
716
106
717
-1
718
69
719
-1
720
85
721
-1
722
56
723
-1
724
68
725
-1
726
93
727
-1
728
64
729
-1
730
12
731
-1
732
129
733
-1
734
68
735
-1
736
17
737
-1
738
83
739
-1
740
170
741
-1
742
43
743
-1
744
175
745
-1
746
26
747
-1
748
29
749
-1
750
88
751
-1
752
142
753
-1
754
66
755
-1
756
49
757
-1
758
115
759
-1
760
67
761
-1
762
117
763
-1
764
73
765
-1
766
169
767
-1
768
123
769
-1
770
72
771
-1
772
131
773
-1
774
97
775
-1
776
4
777
-1
778
92
779
-1
780
118
781
-1
782
119
783
-1
784
54
785
-1
786
146
787
-1
788
17
789
-1
790
62
791
-1
792
20
793
-1
794
18
795
-1
796
86
797
-1
798
49
799
-1
800
17
801
-1
802
176
803
-1
804
136
805
-1
806
161
807
-1
808
51
809
-1
810
3
811
-1
812
138
813
-1
814
67
815
-1
816
82
817
-1
818
160
819
-1
820
50
821
-1
822
36
823
-1
824
118
825
-1
826
1
827
-1
828
167
829
-1
830
85
831
-1
832
83
833
-1
834
78
835
-1
836
169
837
-1
838
162
839
-1
840
177
841
-1
842
85
843
-1
844
15
845
-1
846
130
847
-1
848
6
849
-1
850
119
851
-1
852
27
853
-1
854
30
855
-1
856
169
857
-1
858
51
859
-1
860
94
861
-1
862
64
863
-1
864
26
865
-1
866
67
867
-1
868
134
869
-1
870
34
871
-1
872
19
873
-1
874
36
875
-1
876
1
877
-1
878
4
879
-1
880
176
881
-1
882
116
883
-1
884
133
885
-1
886
134
887
-1
888
156
889
-1
890
152
891
-1
892
79
893
-1
894
163
895
-1
896
100
897
-1
898
84
899
-1
900
97
901
-1
902
161
903
-1
904
87
905
-1
906
168
907
-1
908
129
909
-1
910
47
911
-1
912
97
913
-1
914
40
915
-1
916
95
917
-1
918
162
919
-1
920
83
921
-1
922
25
923
-1
924
38
925
-1
926
38
927
-1
928
71
929
-1
930
108
931
-1
932
179
933
-1
934
33
935
-1
936
5
937
-1
938
140
939
-1
940
47
941
-1
942
126
943
-1
944
160
945
-1
946
71
947
-1
948
154
949
-1
950
76
951
-1
952
56
953
-1
954
68
955
-1
956
147
957
-1
958
76
959
-1
960
171
961
-1
962
15
963
-1
964
172
965
-1
966
96
967
-1
968
12
969
-1
970
45
971
-1
972
174
973
-1
974
64
975
-1
976
86
977
-1
978
15
979
-1
980
103
981
-1
982
160
983
-1
984
114
985
-1
986
86
987
-1
988
37
989
-1
990
155
991
-1
992
113
993
-1
994
133
995
-1
996
26
997
-1
998
77
999
-1
1000
134
1001
-1
1002
69
1003
-1
1004
68
1005
-1
1006
89
1007
-1
1008
23
1009
-1
1010
176
1011
-1
1012
66
1013
-1
1014
96
1015
-1
1016
14
1017
-1
1018
33
1019
-1
1020
84
1021
-1
1022
176
1023
-1
1024
178
1025
-1
1026
147
1027
-1
1028
124
1029
-1
1030
16
1031
-1
1032
30
1033
-1
1034
165
1035
-1
1036
163
1037
-1
1038
166
1039
-1
1040
52
1041
-1
1042
77
1043
-1
1044
27
1045
-1
1046
20
1047
-1
1048
127
1049
-1
1050
71
1051
-1
1052
132
1053
-1
1054
112
1055
-1
1056
54
1057
-1
1058
139
1059
-1
1060
100
1061
-1
1062
144
1063
-1
1064
151
1065
-1
1066
22
1067
-1
1068
10
1069
-1
1070
70
1071
-1
1072
96
1073
-1
1074
117
1075
-1
1076
23
1077
-1
1078
46
1079
-1
1080
141
1081
-1
1082
14
1083
-1
1084
46
1085
-1
1086
141
1087
-1
1088
46
1089
-1
1090
113
1091
-1
1092
0
1093
-1
1094
0
1095
-1
1096
159
1097
-1
1098
42
1099
-1
1100
58
1101
-1
1102
17
1103
-1
1104
136
1105
-1
1106
91
1107
-1
1108
174
1109
-1
1110
177
1111
-1
1112
21
1113
-1
1114
115
1115
-1
1116
176
1117
-1
1118
5
1119
-1
1120
80
1121
-1
1122
131
1123
-1
1124
29
1125
-1
1126
30
1127
-1
1128
131
1129
-1
1130
93
1131
-1
1132
57
1133
-1
1134
14
1135
-1
1136
27
1137
-1
1138
24
1139
-1
1140
88
1141
-1
1142
137
1143
-1
1144
72
1145
-1
1146
148
1147
-1
1148
126
1149
-1
1150
99
1151
-1
1152
159
1153
-1
1154
163
1155
-1
1156
21
1157
-1
1158
49
1159
-1
1160
36
1161
-1
1162
69
1163
-1
1164
113
1165
-1
1166
165
1167
-1
1168
91
1169
-1
1170
131
1171
-1
1172
129
1173
-1
1174
94
1175
-1
1176
146
1177
-1
1178
95
1179
-1
1180
114
1181
-1
1182
51
1183
-1
1184
109
1185
-1
1186
162
1187
-1
1188
112
1189
-1
1190
96
1191
-1
1192
161
1193
-1
1194
101
1195
-1
1196
99
1197
-1
1198
23
1199
-1
1200
161
1201
-1
1202
22
1203
-1
1204
60
1205
-1
1206
81
1207
-1
1208
93
1209
-1
1210
152
1211
-1
1212
80
1213
-1
1214
104
1215
-1
1216
67
1217
-1
1218
41
1219
-1
1220
129
1221
-1
1222
103
1223
-1
1224
45
1225
-1
1226
121
1227
-1
1228
52
1229
-1
1230
13
1231
-1
1232
145
1233
-1
1234
87
1235
-1
1236
55
1237
-1
1238
72
1239
-1
1240
47
1241
-1
1242
34
1243
-1
1244
46
1245
-1
1246
146
1247
-1
1248
18
1249
-1
1250
0
1251
-1
1252
77
1253
-1
1254
120
1255
-1
1256
129
1257
-1
1258
153
1259
-1
1260
124
1261
-1
1262
172
1263
-1
1264
3
1265
-1
1266
116
1267
-1
1268
111
1269
-1
1270
98
1271
-1
1272
49
1273
-1
1274
125
1275
-1
1276
166
1277
-1
1278
150
1279
-1
1280
157
1281
-1
1282
3
1283
-1
1284
30
1285
-1
1286
4
1287
-1
1288
142
1289
-1
1290
103
1291
-1
1292
57
1293
-1
1294
169
1295
-1
1296
1
1297
-1
1298
140
1299
-1
1300
96
1301
-1
1302
13
1303
-1
1304
127
1305
-1
1306
70
1307
-1
1308
173
1309
-1
1310
78
1311
-1
1312
82
1313
-1
1314
159
1315
-1
1316
96
1317
-1
1318
4
1319
-1
1320
26
1321
-1
1322
139
1323
-1
1324
97
1325
-1
1326
116
1327
-1
1328
117
1329
-1
1330
150
1331
-1
1332
35
1333
-1
1334
37
1335
-1
1336
17
1337
-1
1338
44
1339
-1
1340
67
1341
-1
1342
74
1343
-1
1344
129
1345
-1
1346
37
1347
-1
1348
21
1349
-1
1350
174
1351
-1
1352
144
1353
-1
1354
47
1355
-1
1356
73
1357
-1
1358
163
1359
-1
1360
174
1361
-1
1362
178
1363
-1
1364
171
1365
-1
1366
102
1367
-1
1368
155
1369
-1
1370
119
1371
-1
1372
135
1373
-1
1374
50
1375
-1
1376
110
1377
-1
1378
138
1379
-1
1380
82
1381
-1
1382
38
1383
-1
1384
173
1385
-1
1386
88
1387
-1
1388
10
1389
-1
1390
74
1391
-1
1392
36
1393
-1
1394
21
1395
-1
1396
22
1397
-1
1398
81
1399
-1
1400
115
1401
-1
1402
14
1403
-1
1404
80
1405
-1
1406
11
1407
-1
1408
168
1409
-1
1410
89
1411
-1
1412
82
1413
-1
1414
28
1415
-1
1416
24
1417
-1
1418
111
1419
-1
1420
21
1421
-1
1422
48
1423
-1
1424
132
1425
-1
1426
103
1427
-1
1428
26
1429
-1
1430
43
1431
-1
1432
136
1433
-1
1434
11
1435
-1
1436
8
1437
-1
1438
75
1439
-1
1440
13
1441
-1
1442
165
1443
-1
1444
88
1445
-1
1446
106
1447
-1
1448
140
1449
-1
1450
100
1451
-1
1452
41
1453
-1
1454
134
1455
-1
1456
23
1457
-1
1458
143
1459
-1
1460
97
1461
-1
1462
135
1463
-1
1464
25
1465
-1
1466
72
1467
-1
1468
30
1469
-1
1470
23
1471
-1
1472
161
1473
-1
1474
43
1475
-1
1476
87
1477
-1
1478
118
1479
-1
1480
168
1481
-1
1482
143
1483
-1
1484
83
1485
-1
1486
56
1487
-1
1488
136
1489
-1
1490
108
1491
-1
1492
69
1493
-1
1494
115
1495
-1
1496
107
1497
-1
1498
141
1499
-1
1500
171
1501
-1
1502
14
1503
-1
1504
15
1505
-1
1506
139
1507
-1
1508
141
1509
-1
1510
19
1511
-1
1512
90
1513
-1
1514
13
1515
-1
1516
173
1517
-1
1518
46
1519
-1
1520
81
1521
-1
1522
26
1523
-1
1524
19
1525
-1
1526
146
1527
-1
1528
58
1529
-1
1530
163
1531
-1
1532
154
1533
-1
1534
28
1535
-1
1536
50
1537
-1
1538
27
1539
-1
1540
26
1541
-1
1542
155
1543
-1
1544
68
1545
-1
1546
120
1547
-1
1548
32
1549
-1
1550
20
1551
-1
1552
1
1553
-1
1554
56
1555
-1
1556
80
1557
-1
1558
28
1559
-1
1560
44
1561
-1
1562
179
1563
-1
1564
113
1565
-1
1566
146
1567
-1
1568
111
1569
-1
1570
45
1571
-1
1572
15
1573
-1
1574
117
1575
-1
1576
89
1577
-1
1578
151
1579
-1
1580
97
1581
-1
1582
166
1583
-1
1584
72
1585
-1
1586
54
1587
-1
1588
106
1589
-1
1590
6
1591
-1
1592
143
1593
-1
1594
36
1595
-1
1596
93
1597
-1
1598
58
1599
-1
1600
108
1601
-1
1602
10
1603
-1
1604
150
1605
-1
1606
49
1607
-1
1608
56
1609
-1
1610
125
1611
-1
1612
99
1613
-1
1614
121
1615
-1
1616
42
1617
-1
1618
77
1619
-1
1620
72
1621
-1
1622
125
1623
-1
1624
111
1625
-1
1626
138
1627
-1
1628
114
1629
-1
1630
126
1631
-1
1632
17
1633
-1
1634
111
1635
-1
1636
172
1637
-1
1638
31
1639
-1
1640
71
1641
-1
1642
159
1643
-1
1644
141
1645
-1
1646
112
1647
-1
1648
42
1649
-1
1650
94
1651
-1
1652
0
1653
-1
1654
41
1655
-1
1656
140
1657
-1
1658
75
1659
-1
1660
155
1661
-1
1662
7
1663
-1
1664
65
1665
-1
1666
47
1667
-1
1668
167
1669
-1
1670
174
1671
-1
1672
75
1673
-1
1674
176
1675
-1
1676
172
1677
-1
1678
74
1679
-1
1680
163
1681
-1
1682
64
1683
-1
1684
105
1685
-1
1686
104
1687
-1
1688
32
1689
-1
1690
132
1691
-1
1692
33
1693
-1
1694
146
1695
-1
1696
153
1697
-1
1698
140
1699
-1
1700
34
1701
-1
1702
145
1703
-1
1704
106
1705
-1
1706
144
1707
-1
1708
176
1709
-1
1710
133
1711
-1
1712
23
1713
-1
1714
129
1715
-1
1716
168
1717
-1
1718
81
1719
-1
1720
113
1721
-1
1722
108
1723
-1
1724
154
1725
-1
1726
171
1727
-1
1728
173
1729
-1
1730
118
1731
-1
1732
152
1733
-1
1734
59
1735
-1
1736
16
1737
-1
1738
156
1739
-1
1740
57
1741
-1
1742
85
1743
-1
1744
28
1745
-1
1746
48
1747
-1
1748
137
1749
-1
1750
50
1751
-1
1752
169
1753
-1
1754
174
1755
-1
1756
176
1757
-1
1758
78
1759
-1
1760
138
1761
-1
1762
54
1763
-1
1764
41
1765
-1
1766
154
1767
-1
1768
122
1769
-1
1770
58
1771
-1
1772
143
1773
-1
1774
43
1775
-1
1776
67
1777
-1
1778
130
1779
-1
1780
141
1781
-1
1782
74
1783
-1
1784
87
1785
-1
1786
50
1787
-1
1788
161
1789
-1
1790
147
1791
-1
1792
140
1793
-1
1794
25
1795
-1
1796
167
1797
-1
1798
106
1799
-1
1800
9
1801
-1
1802
157
1803
-1
1804
101
1805
-1
1806
42
1807
-1
1808
62
1809
-1
1810
52
1811
-1
1812
67
1813
-1
1814
167
1815
-1
1816
19
1817
-1
1818
175
1819
-1
1820
125
1821
-1
1822
40
1823
-1
1824
81
1825
-1
1826
50
1827
-1
1828
146
1829
-1
1830
26
1831
-1
1832
20
1833
-1
1834
53
1835
-1
1836
28
1837
-1
1838
28
1839
-1
1840
59
1841
-1
1842
0
1843
-1
1844
147
1845
-1
1846
27
1847
-1
1848
143
1849
-1
1850
138
1851
-1
1852
116
1853
-1
1854
73
1855
-1
1856
131
1857
-1
1858
81
1859
-1
1860
18
1861
-1
1862
3
1863
-1
1864
154
1865
-1
1866
17
1867
-1
1868
134
1869
-1
1870
166
1871
-1
1872
6
1873
-1
1874
44
1875
-1
1876
49
1877
-1
1878
144
1879
-1
1880
129
1881
-1
1882
20
1883
-1
1884
98
1885
-1
1886
11
1887
-1
1888
114
1889
-1
1890
65
1891
-1
1892
20
1893
-1
1894
25
1895
-1
1896
39
1897
-1
1898
3
1899
-1
1900
52
1901
-1
1902
154
1903
-1
1904
16
1905
-1
1906
88
1907
-1
1908
175
1909
-1
1910
165
1911
-1
1912
29
1913
-1
1914
76
1915
-1
1916
87
1917
-1
1918
137
1919
-1
1920
57
1921
-1
1922
32
1923
-1
1924
178
1925
-1
1926
126
1927
-1
1928
9
1929
-1
1930
12
1931
-1
1932
42
1933
-1
1934
177
1935
-1
1936
74
1937
-1
1938
119
1939
-1
1940
62
1941
-1
1942
31
1943
-1
1944
58
1945
-1
1946
80
1947
-1
1948
105
1949
-1
1950
99
1951
-1
1952
125
1953
-1
1954
62
1955
-1
1956
90
1957
-1
1958
129
1959
-1
1960
81
1961
-1
1962
63
1963
-1
1964
33
1965
-1
1966
19
1967
-1
1968
67
1969
-1
1970
46
1971
-1
1972
123
1973
-1
1974
159
1975
-1
1976
51
1977
-1
1978
58
1979
-1
1980
54
1981
-1
1982
179
1983
-1
1984
4
1985
-1
1986
89
1987
-1
1988
13
1989
-1
1990
35
1991
-1
1992
156
1993
-1
1994
40
1995
-1
1996
47
1997
-1
1998
135
1999
-1
2000
54
2001
-1
2002
83
2003
-1
2004
90
2005
-1
2006
71
2007
-1
2008
112
2009
-1
2010
164
2011
-1
2012
97
2013
-1
2014
140
2015
-1
2016
135
2017
-1
2018
128
2019
-1
2020
77
2021
-1
2022
65
2023
-1
2024
126
2025
-1
2026
92
2027
-1
2028
57
2029
-1
2030
103
2031
-1
2032
85
2033
-1
2034
106
2035
-1
2036
58
2037
-1
2038
70
2039
-1
2040
179
2041
-1
2042
111
2043
-1
2044
76
2045
-1
2046
38
2047
-1
2048
150
2049
-1
2050
34
2051
-1
2052
151
2053
-1
2054
161
2055
-1
2056
104
2057
-1
2058
23
2059
-1
2060
156
2061
-1
2062
30
2063
-1
2064
146
2065
-1
2066
100
2067
-1
2068
66
2069
-1
2070
36
2071
-1
2072
165
2073
-1
2074
90
2075
-1
2076
69
2077
-1
2078
43
2079
-1
2080
177
2081
-1
2082
73
2083
-1
2084
66
2085
-1
2086
67
2087
-1
2088
119
2089
-1
2090
156
2091
-1
2092
142
2093
-1
2094
99
2095
-1
2096
97
2097
-1
2098
91
2099
-1
2100
35
2101
-1
2102
13
2103
-1
2104
66
2105
-1
2106
113
2107
-1
2108
137
2109
-1
2110
114
2111
-1
2112
159
2113
-1
2114
172
2115
-1
2116
17
2117
-1
2118
178
2119
-1
2120
106
2121
-1
2122
49
2123
-1
2124
171
2125
-1
2126
126
2127
-1
2128
175
2129
-1
2130
151
2131
-1
2132
95
2133
-1
2134
148
2135
-1
2136
96
2137
-1
2138
59
2139
-1
2140
119
2141
-1
2142
32
2143
-1
2144
141
2145
-1
2146
163
2147
-1
2148
63
2149
-1
2150
48
2151
-1
2152
27
2153
-1
2154
58
2155
-1
2156
178
2157
-1
2158
18
2159
-1
2160
150
2161
-1
2162
32
2163
-1
2164
107
2165
-1
2166
13
2167
-1
2168
64
2169
-1
2170
162
2171
-1
2172
85
2173
-1
2174
26
2175
-1
2176
151
2177
-1
2178
27
2179
-1
2180
77
2181
-1
2182
119
2183
-1
2184
128
2185
-1
2186
26
2187
-1
2188
33
2189
-1
2190
78
2191
-1
2192
85
2193
-1
2194
93
2195
-1
2196
116
2197
-1
2198
4
2199
-1
2200
47
2201
-1
2202
43
2203
-1
2204
92
2205
-1
2206
28
2207
-1
2208
119
2209
-1
2210
17
2211
-1
2212
38
2213
-1
2214
171
2215
-1
2216
60
2217
-1
2218
36
2219
-1
2220
168
2221
-1
2222
78
2223
-1
2224
27
2225
-1
2226
40
2227
-1
2228
166
2229
-1
2230
70
2231
-1
2232
172
2233
-1
2234
108
2235
-1
2236
18
2237
-1
2238
164
2239
-1
2240
70
2241
-1
2242
158
2243
-1
2244
84
2245
-1
2246
68
2247
-1
2248
114
2249
-1
2250
155
2251
-1
2252
63
2253
-1
2254
87
2255
-1
2256
131
2257
-1
2258
29
2259
-1
2260
177
2261
-1
2262
23
2263
-1
2264
86
2265
-1
2266
17
2267
-1
2268
117
2269
-1
2270
141
2271
-1
2272
46
2273
-1
2274
81
2275
-1
2276
153
2277
-1
2278
130
2279
-1
2280
23
2281
-1
2282
103
2283
-1
2284
42
2285
-1
2286
119
2287
-1
2288
41
2289
-1
2290
82
2291
-1
2292
93
2293
-1
2294
90
2295
-1
2296
158
2297
-1
2298
148
2299
-1
2300
170
2301
-1
2302
139
2303
-1
2304
90
2305
-1
2306
61
2307
-1
2308
1
2309
-1
2310
153
2311
-1
2312
107
2313
-1
2314
31
2315
-1
2316
35
2317
-1
2318
13
2319
-1
2320
44
2321
-1
2322
38
2323
-1
2324
41
2325
-1
2326
98
2327
-1
2328
153
2329
-1
2330
154
2331
-1
2332
160
2333
-1
2334
80
2335
-1
2336
160
2337
-1
2338
109
2339
-1
2340
77
2341
-1
2342
60
2343
-1
2344
138
2345
-1
2346
87
2347
-1
2348
134
2349
-1
2350
2
2351
-1
2352
170
2353
-1
2354
173
2355
-1
2356
1
2357
-1
2358
160
2359
-1
2360
143
2361
-1
2362
75
2363
-1
2364
34
2365
-1
2366
98
2367
-1
2368
141
2369
-1
2370
133
2371
-1
2372
107
2373
-1
2374
158
2375
-1
2376
25
2377
-1
2378
99
2379
-1
2380
106
2381
-1
2382
64
2383
-1
2384
135
2385
-1
2386
129
2387
-1
2388
107
2389
-1
2390
167
2391
-1
2392
90
2393
-1
2394
107
2395
-1
2396
140
2397
-1
2398
43
2399
-1
2400
179
2401
-1
2402
76
2403
-1
2404
87
2405
-1
2406
173
2407
-1
2408
93
2409
-1
2410
41
2411
-1
2412
47
2413
-1
2414
130
2415
-1
2416
134
2417
-1
2418
62
2419
-1
2420
20
2421
-1
2422
14
2423
-1
2424
80
2425
-1
2426
21
2427
-1
2428
117
2429
-1
2430
147
2431
-1
2432
66
2433
-1
2434
50
2435
-1
2436
96
2437
-1
2438
96
2439
-1
2440
128
2441
-1
2442
144
2443
-1
2444
147
2445
-1
2446
48
2447
-1
2448
162
2449
-1
2450
145
2451
-1
2452
155
2453
-1
2454
156
2455
-1
2456
0
2457
-1
2458
132
2459
-1
2460
136
2461
-1
2462
138
2463
-1
2464
81
2465
-1
2466
132
2467
-1
2468
162
2469
-1
2470
155
2471
-1
2472
37
2473
-1
2474
131
2475
-1
2476
106
2477
-1
2478
10
2479
-1
2480
90
2481
-1
2482
165
2483
-1
2484
14
2485
-1
2486
113
2487
-1
2488
83
2489
-1
2490
163
2491
-1
2492
69
2493
-1
2494
115
2495
-1
2496
174
2497
-1
2498
168
2499
-1
2500
47
2501
-1
2502
128
2503
-1
2504
7
2505
-1
2506
104
2507
-1
2508
75
2509
-1
2510
13
2511
-1
2512
163
2513
-1
2514
57
2515
-1
2516
174
2517
-1
2518
93
2519
-1
2520
34
2521
-1
2522
127
2523
-1
2524
17
2525
-1
2526
25
2527
-1
2528
179
2529
-1
2530
133
2531
-1
2532
62
2533
-1
2534
139
2535
-1
2536
61
2537
-1
2538
28
2539
-1
2540
86
2541
-1
2542
71
2543
-1
2544
157
2545
-1
2546
112
2547
-1
2548
43
2549
-1
2550
8
2551
-1
2552
8
2553
-1
2554
118
2555
-1
2556
141
2557
-1
2558
120
2559
-1
2560
10
2561
-1
2562
20
2563
-1
2564
140
2565
-1
2566
168
2567
-1
2568
54
2569
-1
2570
135
2571
-1
2572
161
2573
-1
2574
148
2575
-1
2576
104
2577
-1
2578
74
2579
-1
2580
25
2581
-1
2582
104
2583
-1
2584
167
2585
-1
2586
139
2587
-1
2588
7
2589
-1
2590
52
2591
-1
2592
110
2593
-1
2594
155
2595
-1
2596
177
2597
-1
2598
14
2599
-1
2600
14
2601
-1
2602
127
2603
-1
2604
145
2605
-1
2606
3
2607
-1
2608
39
2609
-1
2610
8
2611
-1
2612
154
2613
-1
2614
65
2615
-1
2616
14
2617
-1
2618
75
2619
-1
2620
3
2621
-1
2622
143
2623
-1
2624
149
2625
-1
2626
46
2627
-1
2628
131
2629
-1
2630
8
2631
-1
2632
175
2633
-1
2634
28
2635
-1
2636
86
2637
-1
2638
22
2639
-1
2640
38
2641
-1
2642
105
2643
-1
2644
111
2645
-1
2646
34
2647
-1
2648
24
2649
-1
2650
4
2651
-1
2652
160
2653
-1
2654
10
2655
-1
2656
1
2657
-1
2658
179
2659
-1
2660
17
2661
-1
2662
18
2663
-1
2664
49
2665
-1
2666
161
2667
-1
2668
148
2669
-1
2670
95
2671
-1
2672
24
2673
-1
2674
66
2675
-1
2676
124
2677
-1
2678
39
2679
-1
2680
143
2681
-1
2682
147
2683
-1
2684
105
2685
-1
2686
43
2687
-1
2688
137
2689
-1
2690
105
2691
-1
2692
123
2693
-1
2694
157
2695
-1
2696
156
2697
-1
2698
116
2699
-1
2700
87
2701
-1
2702
70
2703
-1
2704
24
2705
-1
2706
99
2707
-1
2708
63
2709
-1
2710
80
2711
-1
2712
82
2713
-1
2714
52
2715
-1
2716
122
2717
-1
2718
116
2719
-1
2720
0
2721
-1
2722
149
2723
-1
2724
114
2725
-1
2726
101
2727
-1
2728
173
2729
-1
2730
175
2731
-1
2732
66
2733
-1
2734
81
2735
-1
2736
126
2737
-1
2738
55
2739
-1
2740
110
2741
-1
2742
133
2743
-1
2744
149
2745
-1
2746
112
2747
-1
2748
84
2749
-1
2750
127
2751
-1
2752
31
2753
-1
2754
12
2755
-1
2756
50
2757
-1
2758
157
2759
-1
2760
36
2761
-1
2762
67
2763
-1
2764
59
2765
-1
2766
116
2767
-1
2768
76
2769
-1
2770
99
2771
-1
2772
80
2773
-1
2774
175
2775
-1
2776
17
2777
-1
2778
110
2779
-1
2780
123
2781
-1
2782
111
2783
-1
2784
96
2785
-1
2786
141
2787
-1
2788
120
2789
-1
2790
132
2791
-1
2792
172
2793
-1
2794
125
2795
-1
2796
75
2797
-1
2798
141
2799
-1
2800
112
2801
-1
2802
21
2803
-1
2804
80
2805
-1
2806
123
2807
-1
2808
51
2809
-1
2810
179
2811
-1
2812
36
2813
-1
2814
144
2815
-1
2816
0
2817
-1
2818
54
2819
-1
2820
49
2821
-1
2822
123
2823
-1
2824
49
2825
-1
2826
43
2827
-1
2828
16
2829
-1
2830
46
2831
-1
2832
44
2833
-1
2834
21
2835
-1
2836
59
2837
-1
2838
123
2839
-1
2840
0
2841
-1
2842
30
2843
-1
2844
61
2845
-1
2846
50
2847
-1
2848
90
2849
-1
2850
10
2851
-1
2852
77
2853
-1
2854
106
2855
-1
2856
164
2857
-1
2858
24
2859
-1
2860
146
2861
-1
2862
106
2863
-1
2864
41
2865
-1
2866
105
2867
-1
2868
73
2869
-1
2870
146
2871
-1
2872
137
2873
-1
2874
79
2875
-1
2876
103
2877
-1
2878
107
2879
-1
2880
153
2881
-1
2882
127
2883
-1
2884
146
2885
-1
2886
178
2887
-1
2888
45
2889
-1
2890
20
2891
-1
2892
66
2893
-1
2894
33
2895
-1
2896
121
2897
-1
2898
6
2899
-1
2900
66
2901
-1
2902
83
2903
-1
2904
9
2905
-1
2906
89
2907
-1
2908
142
2909
-1
2910
2
2911
-1
2912
108
2913
-1
2914
39
2915
-1
2916
8
2917
-1
2918
76
2919
-1
2920
109
2921
-1
2922
10
2923
-1
2924
124
2925
-1
2926
132
2927
-1
2928
93
2929
-1
2930
144
2931
-1
2932
49
2933
-1
2934
162
2935
-1
2936
179
2937
-1
2938
22
2939
-1
2940
16
2941
-1
2942
104
2943
-1
2944
155
2945
-1
2946
129
2947
-1
2948
142
2949
-1
2950
21
2951
-1
2952
94
2953
-1
2954
41
2955
-1
2956
171
2957
-1
2958
30
2959
-1
2960
178
2961
-1
2962
99
2963
-1
2964
94
2965
-1
2966
175
2967
-1
2968
127
2969
-1
2970
25
2971
-1
2972
85
2973
-1
2974
32
2975
-1
2976
14
2977
-1
2978
63
2979
-1
2980
75
2981
-1
2982
148
2983
-1
2984
3
2985
-1
2986
147
2987
-1
2988
60
2989
-1
2990
56
2991
-1
2992
58
2993
-1
2994
3
2995
-1
2996
56
2997
-1
2998
41
2999
-1
3000
176
3001
-1
3002
21
3003
-1
3004
34
3005
-1
3006
20
3007
-1
3008
39
3009
-1
3010
10
3011
-1
3012
99
3013
-1
3014
150
3015
-1
3016
43
3017
-1
3018
149
3019
-1
3020
58
3021
-1
3022
38
3023
-1
3024
116
3025
-1
3026
123
3027
-1
3028
158
3029
-1
3030
106
3031
-1
3032
63
3033
-1
3034
6
3035
-1
3036
150
3037
-1
3038
20
3039
-1
3040
150
3041
-1
3042
127
3043
-1
3044
51
3045
-1
3046
79
3047
-1
3048
147
3049
-1
3050
24
3051
-1
3052
97
3053
-1
3054
176
3055
-1
3056
160
3057
-1
3058
92
3059
-1
3060
68
3061
-1
3062
41
3063
-1
3064
39
3065
-1
3066
0
3067
-1
3068
37
3069
-1
3070
166
3071
-1
3072
6
3073
-1
3074
88
3075
-1
3076
84
3077
-1
3078
12
3079
-1
3080
68
3081
-1
3082
1
3083
-1
3084
23
3085
-1
3086
135
3087
-1
3088
81
3089
-1
3090
84
3091
-1
3092
45
3093
-1
3094
123
3095
-1
3096
160
3097
-1
3098
78
3099
-1
3100
158
3101
-1
3102
97
3103
-1
3104
77
3105
-1
3106
34
3107
-1
3108
85
3109
-1
3110
140
3111
-1
3112
1
3113
-1
3114
94
3115
-1
3116
43
3117
-1
3118
150
3119
-1
3120
156
3121
-1
3122
138
3123
-1
3124
4
3125
-1
3126
137
3127
-1
3128
80
3129
-1
3130
96
3131
-1
3132
106
3133
-1
3134
59
3135
-1
3136
161
3137
-1
3138
97
3139
-1
3140
85
3141
-1
3142
3
3143
-1
3144
129
3145
-1
3146
57
3147
-1
3148
54
3149
-1
3150
83
3151
-1
3152
91
3153
-1
3154
81
3155
-1
3156
63
3157
-1
3158
16
3159
-1
3160
168
3161
-1
3162
125
3163
-1
3164
116
3165
-1
3166
148
3167
-1
3168
124
3169
-1
3170
5
3171
-1
3172
7
3173
-1
3174
120
3175
-1
3176
129
3177
-1
3178
11
3179
-1
3180
171
3181
-1
3182
70
3183
-1
3184
45
3185
-1
3186
24
3187
-1
3188
57
3189
-1
3190
97
3191
-1
3192
29
3193
-1
3194
74
3195
-1
3196
138
3197
-1
3198
164
3199
-1
3200
30
3201
-1
3202
29
3203
-1
3204
140
3205
-1
3206
94
3207
-1
3208
130
3209
-1
3210
33
3211
-1
3212
144
3213
-1
3214
117
3215
-1
3216
80
3217
-1
3218
140
3219
-1
3220
51
3221
-1
3222
77
3223
-1
3224
171
3225
-1
3226
99
3227
-1
3228
123
3229
-1
3230
156
3231
-1
3232
133
3233
-1
3234
125
3235
-1
3236
54
3237
-1
3238
38
3239
-1
3240
111
3241
-1
3242
86
3243
-1
3244
4
3245
-1
3246
31
3247
-1
3248
156
3249
-1
3250
64
3251
-1
3252
85
3253
-1
3254
54
3255
-1
3256
58
3257
-1
3258
31
3259
-1
3260
167
3261
-1
3262
158
3263
-1
3264
61
3265
-1
3266
139
3267
-1
3268
69
3269
-1
3270
5
3271
-1
3272
113
3273
-1
3274
136
3275
-1
3276
74
3277
-1
3278
135
3279
-1
3280
96
3281
-1
3282
121
3283
-1
3284
104
3285
-1
3286
122
3287
-1
3288
124
3289
-1
3290
59
3291
-1
3292
51
3293
-1
3294
76
3295
-1
3296
129
3297
-1
3298
76
3299
-1
3300
113
3301
-1
3302
39
3303
-1
3304
165
3305
-1
3306
117
3307
-1
3308
49
3309
-1
3310
79
3311
-1
3312
153
3313
-1
3314
1
3315
-1
3316
82
3317
-1
3318
113
3319
-1
3320
107
3321
-1
3322
52
3323
-1
3324
122
3325
-1
3326
129
3327
-1
3328
145
3329
-1
3330
122
3331
-1
3332
133
3333
-1
3334
23
3335
-1
3336
155
3337
-1
3338
171
3339
-1
3340
136
3341
-1
3342
20
3343
-1
3344
173
3345
-1
3346
55
3347
-1
3348
123
3349
-1
3350
50
3351
-1
3352
66
3353
-1
3354
7
3355
-1
3356
51
3357
-1
3358
21
3359
-1
3360
161
3361
-1
3362
127
3363
-1
3364
140
3365
-1
3366
62
3367
-1
3368
163
3369
-1
3370
14
3371
-1
3372
51
3373
-1
3374
167
3375
-1
3376
57
3377
-1
3378
107
3379
-1
3380
152
3381
-1
3382
93
3383
-1
3384
15
3385
-1
3386
175
3387
-1
3388
79
3389
-1
3390
20
3391
-1
3392
65
3393
-1
3394
107
3395
-1
3396
143
3397
-1
3398
57
3399
-1
3400
177
3401
-1
3402
11
3403
-1
3404
57
3405
-1
3406
118
3407
-1
3408
145
3409
-1
3410
79
3411
-1
3412
164
3413
-1
3414
103
3415
-1
3416
9
3417
-1
3418
89
3419
-1
3420
101
3421
-1
3422
84
3423
-1
3424
42
3425
-1
3426
168
3427
-1
3428
86
3429
-1
3430
147
3431
-1
3432
158
3433
-1
3434
116
3435
-1
3436
11
3437
-1
3438
60
3439
-1
3440
124
3441
-1
3442
80
3443
-1
3444
84
3445
-1
3446
47
3447
-1
3448
61
3449
-1
3450
137
3451
-1
3452
143
3453
-1
3454
14
3455
-1
3456
118
3457
-1
3458
65
3459
-1
3460
77
3461
-1
3462
162
3463
-1
3464
143
3465
-1
3466
14
3467
-1
3468
9
3469
-1
3470
154
3471
-1
3472
130
3473
-1
3474
119
3475
-1
3476
112
3477
-1
3478
79
3479
-1
3480
54
3481
-1
3482
115
3483
-1
3484
142
3485
-1
3486
24
3487
-1
3488
63
3489
-1
3490
173
3491
-1
3492
42
3493
-1
3494
47
3495
-1
3496
121
3497
-1
3498
122
3499
-1
3500
1
3501
-1
3502
146
3503
-1
3504
61
3505
-1
3506
138
3507
-1
3508
121
3509
-1
3510
103
3511
-1
3512
113
3513
-1
3514
0
3515
-1
3516
134
3517
-1
3518
92
3519
-1
3520
63
3521
-1
3522
131
3523
-1
3524
49
3525
-1
3526
67
3527
-1
3528
172
3529
-1
3530
30
3531
-1
3532
22
3533
-1
3534
28
3535
-1
3536
141
3537
-1
3538
77
3539
-1
3540
36
3541
-1
3542
116
3543
-1
3544
66
3545
-1
3546
159
3547
-1
3548
81
3549
-1
3550
125
3551
-1
3552
57
3553
-1
3554
72
3555
-1
3556
131
3557
-1
3558
84
3559
-1
3560
86
3561
-1
3562
11
3563
-1
3564
96
3565
-1
3566
154
3567
-1
3568
41
3569
-1
3570
64
3571
-1
3572
75
3573
-1
3574
93
3575
-1
3576
13
3577
-1
3578
108
3579
-1
3580
62
3581
-1
3582
13
3583
-1
3584
161
3585
-1
3586
7
3587
-1
3588
157
3589
-1
3590
177
3591
-1
3592
13
3593
-1
3594
141
3595
-1
3596
74
3597
-1
3598
88
3599
-1
3600
64
3601
-1
3602
141
3603
-1
3604
9
3605
-1
3606
11
3607
-1
3608
119
3609
-1
3610
125
3611
-1
3612
100
3613
-1
3614
42
3615
-1
3616
144
3617
-1
3618
129
3619
-1
3620
12
3621
-1
3622
127
3623
-1
3624
120
3625
-1
3626
46
3627
-1
3628
72
3629
-1
3630
30
3631
-1
3632
7
3633
-1
3634
34
3635
-1
3636
106
3637
-1
3638
60
3639
-1
3640
14
3641
-1
3642
55
3643
-1
3644
123
3645
-1
3646
178
3647
-1
3648
26
3649
-1
3650
118
3651
-1
3652
167
3653
-1
3654
7
3655
-1
3656
113
3657
-1
3658
167
3659
-1
3660
89
3661
-1
3662
89
3663
-1
3664
10
3665
-1
3666
102
3667
-1
3668
22
3669
-1
3670
100
3671
-1
3672
163
3673
-1
3674
148
3675
-1
3676
75
3677
-1
3678
21
3679
-1
3680
23
3681
-1
3682
148
3683
-1
3684
43
3685
-1
3686
176
3687
-1
3688
29
3689
-1
3690
137
3691
-1
3692
163
3693
-1
3694
175
3695
-1
3696
157
3697
-1
3698
126
3699
-1
3700
70
3701
-1
3702
40
3703
-1
3704
138
3705
-1
3706
63
3707
-1
3708
2
3709
-1
3710
126
3711
-1
3712
60
3713
-1
3714
47
3715
-1
3716
5
3717
-1
3718
151
3719
-1
3720
32
3721
-1
3722
75
3723
-1
3724
10
3725
-1
3726
162
3727
-1
3728
116
3729
-1
3730
164
3731
-1
3732
96
3733
-1
3734
16
3735
-1
3736
168
3737
-1
3738
132
3739
-1
3740
166
3741
-1
3742
86
3743
-1
3744
71
3745
-1
3746
132
3747
-1
3748
43
3749
-1
3750
122
3751
-1
3752
92
3753
-1
3754
101
3755
-1
3756
61
3757
-1
3758
6
3759
-1
3760
27
3761
-1
3762
51
3763
-1
3764
122
3765
-1
3766
56
3767
-1
3768
128
3769
-1
3770
68
3771
-1
3772
117
3773
-1
3774
63
3775
-1
3776
92
3777
-1
3778
89
3779
-1
3780
105
3781
-1
3782
97
3783
-1
3784
131
3785
-1
3786
75
3787
-1
3788
99
3789
-1
3790
35
3791
-1
3792
98
3793
-1
3794
146
3795
-1
3796
31
3797
-1
3798
44
3799
-1
3800
30
3801
-1
3802
111
3803
-1
3804
92
3805
-1
3806
91
3807
-1
3808
99
3809
-1
3810
53
3811
-1
3812
25
3813
-1
3814
118
3815
-1
3816
73
3817
-1
3818
22
3819
-1
3820
59
3821
-1
3822
48
3823
-1
3824
114
3825
-1
3826
176
3827
-1
3828
5
3829
-1
3830
8
3831
-1
3832
153
3833
-1
3834
87
3835
-1
3836
49
3837
-1
3838
137
3839
-1
3840
85
3841
-1
3842
126
3843
-1
3844
164
3845
-1
3846
114
3847
-1
3848
142
3849
-1
3850
87
3851
-1
3852
62
3853
-1
3854
172
3855
-1
3856
20
3857
-1
3858
43
3859
-1
3860
13
3861
-1
3862
100
3863
-1
3864
77
3865
-1
3866
57
3867
-1
3868
66
3869
-1
3870
5
3871
-1
3872
128
3873
-1
3874
149
3875
-1
3876
124
3877
-1
3878
61
3879
-1
3880
150
3881
-1
3882
102
3883
-1
3884
127
3885
-1
3886
100
3887
-1
3888
10
3889
-1
3890
2
3891
-1
3892
26
3893
-1
3894
63
3895
-1
3896
128
3897
-1
3898
123
3899
-1
3900
3
3901
-1
3902
126
3903
-1
3904
64
3905
-1
3906
156
3907
-1
3908
108
3909
-1
3910
139
3911
-1
3912
159
3913
-1
3914
97
3915
-1
3916
90
3917
-1
3918
91
3919
-1
3920
47
3921
-1
3922
101
3923
-1
3924
101
3925
-1
3926
129
3927
-1
3928
108
3929
-1
3930
70
3931
-1
3932
33
3933
-1
3934
127
3935
-1
3936
154
3937
-1
3938
77
3939
-1
3940
173
3941
-1
3942
111
3943
-1
3944
173
3945
-1
3946
81
3947
-1
3948
38
3949
-1
3950
39
3951
-1
3952
55
3953
-1
3954
76
3955
-1
3956
91
3957
-1
3958
80
3959
-1
3960
88
3961
-1
3962
101
3963
-1
3964
174
3965
-1
3966
109
3967
-1
3968
172
3969
-1
3970
132
3971
-1
3972
130
3973
-1
3974
76
3975
-1
3976
165
3977
-1
3978
35
3979
-1
3980
170
3981
-1
3982
2
3983
-1
3984
84
3985
-1
3986
177
3987
-1
3988
32
3989
-1
3990
169
3991
-1
3992
53
3993
-1
3994
30
3995
-1
3996
18
3997
-1
3998
16
3999
-1
4000
136
4001
-1
4002
126
4003
-1
4004
95
4005
-1
4006
96
4007
-1
4008
132
4009
-1
4010
19
4011
-1
4012
99
4013
-1
4014
168
4015
-1
4016
130
4017
-1
4018
14
4019
-1
4020
81
4021
-1
4022
112
4023
-1
4024
176
4025
-1
4026
42
4027
-1
4028
177
4029
-1
4030
174
4031
-1
4032
89
4033
-1
4034
30
4035
-1
4036
3
4037
-1
4038
1
4039
-1
4040
92
4041
-1
4042
33
4043
-1
4044
88
4045
-1
4046
46
4047
-1
4048
50
4049
-1
4050
177
4051
-1
4052
125
4053
-1
4054
135
4055
-1
4056
32
4057
-1
4058
115
4059
-1
4060
176
4061
-1
4062
8
4063
-1
4064
65
4065
-1
4066
119
4067
-1
4068
7
4069
-1
4070
161
4071
-1
4072
80
4073
-1
4074
88
4075
-1
4076
81
4077
-1
4078
108
4079
-1
4080
116
4081
-1
4082
120
4083
-1
4084
80
4085
-1
4086
70
4087
-1
4088
137
4089
-1
4090
154
4091
-1
4092
128
4093
-1
4094
137
4095
-1
4096
29
4097
-1
4098
28
4099
-1
4100
169
4101
-1
4102
34
4103
-1
4104
136
4105
-1
4106
148
4107
-1
4108
104
4109
-1
4110
47
4111
-1
4112
4
4113
-1
4114
34
4115
-1
4116
104
4117
-1
4118
52
4119
-1
4120
80
4121
-1
4122
17
4123
-1
4124
40
4125
-1
4126
163
4127
-1
4128
93
4129
-1
4130
3
4131
-1
4132
75
4133
-1
4134
101
4135
-1
4136
29
4137
-1
4138
162
4139
-1
4140
39
4141
-1
4142
165
4143
-1
4144
47
4145
-1
4146
7
4147
-1
4148
9
4149
-1
4150
30
4151
-1
4152
62
4153
-1
4154
105
4155
-1
4156
46
4157
-1
4158
58
4159
-1
4160
86
4161
-1
4162
174
4163
-1
4164
54
4165
-1
4166
93
4167
-1
4168
149
4169
-1
4170
23
4171
-1
4172
167
4173
-1
4174
81
4175
-1
4176
111
4177
-1
4178
115
4179
-1
4180
116
4181
-1
4182
136
4183
-1
4184
62
4185
-1
4186
66
4187
-1
4188
28
4189
-1
4190
114
4191
-1
4192
93
4193
-1
4194
164
4195
-1
4196
14
4197
-1
4198
21
4199
-1
4200
131
4201
-1
4202
21
4203
-1
4204
27
4205
-1
4206
53
4207
-1
4208
57
4209
-1
4210
125
4211
-1
4212
36
4213
-1
4214
60
4215
-1
4216
144
4217
-1
4218
119
4219
-1
4220
26
4221
-1
4222
28
4223
-1
4224
68
4225
-1
4226
113
4227
-1
4228
109
4229
-1
4230
70
4231
-1
4232
124
4233
-1
4234
73
4235
-1
4236
56
4237
-1
4238
9
4239
-1
4240
86
4241
-1
4242
14
4243
-1
4244
170
4245
-1
4246
59
4247
-1
4248
66
4249
-1
4250
113
4251
-1
4252
23
4253
-1
4254
171
4255
-1
4256
72
4257
-1
4258
115
4259
-1
4260
84
4261
-1
4262
96
4263
-1
4264
26
4265
-1
4266
78
4267
-1
4268
70
4269
-1
4270
52
4271
-1
4272
0
4273
-1
4274
161
4275
-1
4276
93
4277
-1
4278
55
4279
-1
4280
31
4281
-1
4282
129
4283
-1
4284
107
4285
-1
4286
121
4287
-1
4288
106
4289
-1
4290
146
4291
-1
4292
6
4293
-1
4294
118
4295
-1
4296
24
4297
-1
4298
138
4299
-1
4300
5
4301
-1
4302
135
4303
-1
4304
177
4305
-1
4306
176
4307
-1
4308
115
4309
-1
4310
143
4311
-1
4312
93
4313
-1
4314
13
4315
-1
4316
46
4317
-1
4318
55
4319
-1
4320
3
4321
-1
4322
86
4323
-1
4324
143
4325
-1
4326
20
4327
-1
4328
12
4329
-1
4330
110
4331
-1
4332
176
4333
-1
4334
96
4335
-1
4336
141
4337
-1
4338
97
4339
-1
4340
34
4341
-1
4342
95
4343
-1
4344
147
4345
-1
4346
60
4347
-1
4348
133
4349
-1
4350
144
4351
-1
4352
25
4353
-1
4354
92
4355
-1
4356
29
4357
-1
4358
119
4359
-1
4360
17
4361
-1
4362
46
4363
-1
4364
53
4365
-1
4366
171
4367
-1
4368
11
4369
-1
4370
88
4371
-1
4372
133
4373
-1
4374
36
4375
-1
4376
165
4377
-1
4378
102
4379
-1
4380
84
4381
-1
4382
88
4383
-1
4384
127
4385
-1
4386
55
4387
-1
4388
136
4389
-1
4390
7
4391
-1
4392
84
4393
-1
4394
72
4395
-1
4396
128
4397
-1
4398
80
4399
-1
4400
93
4401
-1
4402
170
4403
-1
4404
166
4405
-1
4406
115
4407
-1
4408
61
4409
-1
4410
132
4411
-1
4412
171
4413
-1
4414
157
4415
-1
4416
7
4417
-1
4418
30
4419
-1
4420
57
4421
-1
4422
115
4423
-1
4424
114
4425
-1
4426
42
4427
-1
4428
148
4429
-1
4430
158
4431
-1
4432
157
4433
-1
4434
169
4435
-1
4436
176
4437
-1
4438
152
4439
-1
4440
58
4441
-1
4442
80
4443
-1
4444
5
4445
-1
4446
13
4447
-1
4448
162
4449
-1
4450
122
4451
-1
4452
114
4453
-1
4454
29
4455
-1
4456
5
4457
-1
4458
80
4459
-1
4460
10
4461
-1
4462
59
4463
-1
4464
111
4465
-1
4466
22
4467
-1
4468
29
4469
-1
4470
89
4471
-1
4472
51
4473
-1
4474
65
4475
-1
4476
3
4477
-1
4478
154
4479
-1
4480
146
4481
-1
4482
160
4483
-1
4484
22
4485
-1
4486
16
4487
-1
4488
97
4489
-1
4490
18
4491
-1
4492
33
4493
-1
4494
165
4495
-1
4496
40
4497
-1
4498
178
4499
-1
4500
63
4501
-1
4502
92
4503
-1
4504
89
4505
-1
4506
30
4507
-1
4508
144
4509
-1
4510
14
4511
-1
4512
47
4513
-1
4514
23
4515
-1
4516
49
4517
-1
4518
133
4519
-1
4520
83
4521
-1
4522
76
4523
-1
4524
76
4525
-1
4526
72
4527
-1
4528
79
4529
-1
4530
130
4531
-1
4532
153
4533
-1
4534
160
4535
-1
4536
76
4537
-1
4538
123
4539
-1
4540
66
4541
-1
4542
69
4543
-1
4544
63
4545
-1
4546
149
4547
-1
4548
158
4549
-1
4550
86
4551
-1
4552
123
4553
-1
4554
98
4555
-1
4556
93
4557
-1
4558
160
4559
-1
4560
155
4561
-1
4562
145
4563
-1
4564
164
4565
-1
4566
130
4567
-1
4568
164
4569
-1
4570
129
4571
-1
4572
169
4573
-1
4574
64
4575
-1
4576
138
4577
-1
4578
92
4579
-1
4580
25
4581
-1
4582
81
4583
-1
4584
175
4585
-1
4586
70
4587
-1
4588
118
4589
-1
4590
137
4591
-1
4592
9
4593
-1
4594
76
4595
-1
4596
104
4597
-1
4598
150
4599
-1
4600
87
4601
-1
4602
170
4603
-1
4604
80
4605
-1
4606
145
4607
-1
4608
122
4609
-1
4610
103
4611
-1
4612
120
4613
-1
4614
35
4615
-1
4616
5
4617
-1
4618
115
4619
-1
4620
8
4621
-1
4622
29
4623
-1
4624
173
4625
-1
4626
24
4627
-1
4628
114
4629
-1
4630
143
4631
-1
4632
59
4633
-1
4634
103
4635
-1
4636
127
4637
-1
4638
139
4639
-1
4640
156
4641
-1
4642
173
4643
-1
4644
147
4645
-1
4646
170
4647
-1
4648
147
4649
-1
4650
52
4651
-1
4652
177
4653
-1
4654
34
4655
-1
4656
150
4657
-1
4658
77
4659
-1
4660
7
4661
-1
4662
36
4663
-1
4664
32
4665
-1
4666
37
4667
-1
4668
161
4669
-1
4670
16
4671
-1
4672
162
4673
-1
4674
125
4675
-1
4676
122
4677
-1
4678
125
4679
-1
4680
17
4681
-1
4682
29
4683
-1
4684
166
4685
-1
4686
122
4687
-1
4688
54
4689
-1
4690
0
4691
-1
4692
5
4693
-1
4694
11
4695
-1
4696
70
4697
-1
4698
140
4699
-1
4700
17
4701
-1
4702
40
4703
-1
4704
166
4705
-1
4706
85
4707
-1
4708
73
4709
-1
4710
79
4711
-1
4712
57
4713
-1
4714
58
4715
-1
4716
120
4717
-1
4718
55
4719
-1
4720
94
4721
-1
4722
41
4723
-1
4724
99
4725
-1
4726
91
4727
-1
4728
161
4729
-1
4730
61
4731
-1
4732
54
4733
-1
4734
4
4735
-1
4736
45
4737
-1
4738
66
4739
-1
4740
106
4741
-1
4742
77
4743
-1
4744
33
4745
-1
4746
71
4747
-1
4748
108
4749
-1
4750
130
4751
-1
4752
127
4753
-1
4754
13
4755
-1
4756
59
4757
-1
4758
30
4759
-1
4760
85
4761
-1
4762
29
4763
-1
4764
113
4765
-1
4766
56
4767
-1
4768
15
4769
-1
4770
82
4771
-1
4772
15
4773
-1
4774
177
4775
-1
4776
99
4777
-1
4778
72
4779
-1
4780
3
4781
-1
4782
37
4783
-1
4784
131
4785
-1
4786
147
4787
-1
4788
110
4789
-1
4790
48
4791
-1
4792
148
4793
-1
4794
175
4795
-1
4796
72
4797
-1
4798
27
4799
-1
4800
47
4801
-1
4802
85
4803
-1
4804
152
4805
-1
4806
109
4807
-1
4808
78
4809
-1
4810
121
4811
-1
4812
169
4813
-1
4814
150
4815
-1
4816
75
4817
-1
4818
121
4819
-1
4820
4
4821
-1
4822
128
4823
-1
4824
20
4825
-1
4826
16
4827
-1
4828
88
4829
-1
4830
162
4831
-1
4832
26
4833
-1
4834
11
4835
-1
4836
114
4837
-1
4838
169
4839
-1
4840
128
4841
-1
4842
16
4843
-1
4844
102
4845
-1
4846
34
4847
-1
4848
105
4849
-1
4850
155
4851
-1
4852
62
4853
-1
4854
96
4855
-1
4856
104
4857
-1
4858
161
4859
-1
4860
37
4861
-1
4862
149
4863
-1
4864
32
4865
-1
4866
73
4867
-1
4868
106
4869
-1
4870
59
4871
-1
4872
32
4873
-1
4874
87
4875
-1
4876
63
4877
-1
4878
4
4879
-1
4880
151
4881
-1
4882
120
4883
-1
4884
86
4885
-1
4886
81
4887
-1
4888
127
4889
-1
4890
160
4891
-1
4892
82
4893
-1
4894
43
4895
-1
4896
61
4897
-1
4898
111
4899
-1
4900
85
4901
-1
4902
179
4903
-1
4904
13
4905
-1
4906
81
4907
-1
4908
81
4909
-1
4910
124
4911
-1
4912
20
4913
-1
4914
129
4915
-1
4916
63
4917
-1
4918
29
4919
-1
4920
163
4921
-1
4922
150
4923
-1
4924
159
4925
-1
4926
31
4927
-1
4928
45
4929
-1
4930
106
4931
-1
4932
30
4933
-1
4934
23
4935
-1
4936
16
4937
-1
4938
1
4939
-1
4940
58
4941
-1
4942
125
4943
-1
4944
170
4945
-1
4946
3
4947
-1
4948
151
4949
-1
4950
67
4951
-1
4952
154
4953
-1
4954
98
4955
-1
4956
117
4957
-1
4958
167
4959
-1
4960
82
4961
-1
4962
2
4963
-1
4964
103
4965
-1
4966
31
4967
-1
4968
166
4969
-1
4970
172
4971
-1
4972
5
4973
-1
4974
159
4975
-1
4976
91
4977
-1
4978
39
4979
-1
4980
148
4981
-1
4982
64
4983
-1
4984
29
4985
-1
4986
101
4987
-1
4988
3
4989
-1
4990
177
4991
-1
4992
156
4993
-1
4994
103
4995
-1
4996
104
4997
-1
4998
105
4999
-1
