********************************************************************************
The planted motif0 is:
CTGCATGACTGCCTGACTTCC
0
29
1
-1
2
36
3
-1
4
118
5
-1
6
163
7
-1
8
56
9
-1
10
19
11
-1
12
150
13
-1
14
87
15
-1
16
38
17
-1
18
105
19
-1
20
32
21
-1
22
129
23
-1
24
156
25
-1
26
120
27
-1
28
129
29
-1
30
32
31
-1
32
6
33
-1
34
54
35
-1
36
62
37
-1
38
100
39
-1
40
133
41
-1
42
42
43
-1
44
127
45
-1
46
13
47
-1
48
79
49
-1
50
98
51
-1
52
140
53
-1
54
164
55
-1
56
70
57
-1
58
51
59
-1
60
42
61
-1
62
10
63
-1
64
13
65
-1
66
171
67
-1
68
94
69
-1
70
69
71
-1
72
44
73
-1
74
34
75
-1
76
127
77
-1
78
15
79
-1
80
29
81
-1
82
158
83
-1
84
38
85
-1
86
68
87
-1
88
49
89
-1
90
176
91
-1
92
50
93
-1
94
104
95
-1
96
63
97
-1
98
38
99
-1
100
73
101
-1
102
151
103
-1
104
112
105
-1
106
179
107
-1
108
107
109
-1
110
112
111
-1
112
148
113
-1
114
13
115
-1
116
40
117
-1
118
117
119
-1
120
145
121
-1
122
112
123
-1
124
106
125
-1
126
143
127
-1
128
172
129
-1
130
163
131
-1
132
149
133
-1
134
11
135
-1
136
70
137
-1
138
63
139
-1
140
137
141
-1
142
100
143
-1
144
147
145
-1
146
58
147
-1
148
83
149
-1
150
103
151
-1
152
88
153
-1
154
107
155
-1
156
137
157
-1
158
96
159
-1
160
90
161
-1
162
9
163
-1
164
89
165
-1
166
35
167
-1
168
138
169
-1
170
60
171
-1
172
170
173
-1
174
150
175
-1
176
69
177
-1
178
146
179
-1
180
73
181
-1
182
112
183
-1
184
20
185
-1
186
51
187
-1
188
141
189
-1
190
58
191
-1
192
177
193
-1
194
100
195
-1
196
75
197
-1
198
144
199
-1
200
166
201
-1
202
144
203
-1
204
41
205
-1
206
44
207
-1
208
137
209
-1
210
60
211
-1
212
42
213
-1
214
26
215
-1
216
108
217
-1
218
123
219
-1
220
87
221
-1
222
158
223
-1
224
134
225
-1
226
49
227
-1
228
97
229
-1
230
179
231
-1
232
142
233
-1
234
81
235
-1
236
121
237
-1
238
119
239
-1
240
166
241
-1
242
52
243
-1
244
64
245
-1
246
79
247
-1
248
104
249
-1
250
114
251
-1
252
57
253
-1
254
59
255
-1
256
30
257
-1
258
96
259
-1
260
130
261
-1
262
170
263
-1
264
7
265
-1
266
145
267
-1
268
31
269
-1
270
18
271
-1
272
172
273
-1
274
169
275
-1
276
50
277
-1
278
17
279
-1
280
150
281
-1
282
167
283
-1
284
137
285
-1
286
30
287
-1
288
66
289
-1
290
80
291
-1
292
129
293
-1
294
51
295
-1
296
58
297
-1
298
116
299
-1
300
64
301
-1
302
87
303
-1
304
115
305
-1
306
41
307
-1
308
81
309
-1
310
7
311
-1
312
30
313
-1
314
151
315
-1
316
139
317
-1
318
61
319
-1
320
45
321
-1
322
95
323
-1
324
152
325
-1
326
22
327
-1
328
149
329
-1
330
64
331
-1
332
31
333
-1
334
132
335
-1
336
78
337
-1
338
155
339
-1
340
24
341
-1
342
98
343
-1
344
114
345
-1
346
49
347
-1
348
92
349
-1
350
27
351
-1
352
118
353
-1
354
68
355
-1
356
15
357
-1
358
62
359
-1
360
23
361
-1
362
14
363
-1
364
7
365
-1
366
51
367
-1
368
127
369
-1
370
46
371
-1
372
64
373
-1
374
55
375
-1
376
44
377
-1
378
95
379
-1
380
164
381
-1
382
96
383
-1
384
97
385
-1
386
58
387
-1
388
61
389
-1
390
67
391
-1
392
77
393
-1
394
167
395
-1
396
161
397
-1
398
40
399
-1
400
141
401
-1
402
100
403
-1
404
30
405
-1
406
55
407
-1
408
106
409
-1
410
40
411
-1
412
34
413
-1
414
146
415
-1
416
178
417
-1
418
177
419
-1
420
51
421
-1
422
175
423
-1
424
65
425
-1
426
114
427
-1
428
47
429
-1
430
40
431
-1
432
70
433
-1
434
11
435
-1
436
3
437
-1
438
22
439
-1
440
149
441
-1
442
11
443
-1
444
111
445
-1
446
144
447
-1
448
115
449
-1
450
98
451
-1
452
142
453
-1
454
27
455
-1
456
70
457
-1
458
10
459
-1
460
143
461
-1
462
2
463
-1
464
61
465
-1
466
167
467
-1
468
1
469
-1
470
128
471
-1
472
16
473
-1
474
58
475
-1
476
16
477
-1
478
77
479
-1
480
93
481
-1
482
77
483
-1
484
165
485
-1
486
67
487
-1
488
94
489
-1
490
16
491
-1
492
89
493
-1
494
52
495
-1
496
17
497
-1
498
73
499
-1
500
63
501
-1
502
63
503
-1
504
80
505
-1
506
179
507
-1
508
96
509
-1
510
122
511
-1
512
60
513
-1
514
155
515
-1
516
154
517
-1
518
88
519
-1
520
158
521
-1
522
90
523
-1
524
32
525
-1
526
151
527
-1
528
7
529
-1
530
45
531
-1
532
16
533
-1
534
64
535
-1
536
154
537
-1
538
122
539
-1
540
0
541
-1
542
95
543
-1
544
96
545
-1
546
46
547
-1
548
25
549
-1
550
64
551
-1
552
135
553
-1
554
111
555
-1
556
123
557
-1
558
94
559
-1
560
22
561
-1
562
59
563
-1
564
120
565
-1
566
141
567
-1
568
106
569
-1
570
69
571
-1
572
85
573
-1
574
56
575
-1
576
68
577
-1
578
93
579
-1
580
64
581
-1
582
12
583
-1
584
129
585
-1
586
68
587
-1
588
17
589
-1
590
83
591
-1
592
170
593
-1
594
43
595
-1
596
175
597
-1
598
26
599
-1
600
29
601
-1
602
88
603
-1
604
142
605
-1
606
66
607
-1
608
49
609
-1
610
115
611
-1
612
67
613
-1
614
117
615
-1
616
73
617
-1
618
169
619
-1
620
123
621
-1
622
72
623
-1
624
131
625
-1
626
97
627
-1
628
4
629
-1
630
92
631
-1
632
118
633
-1
634
119
635
-1
636
54
637
-1
638
146
639
-1
640
17
641
-1
642
62
643
-1
644
20
645
-1
646
18
647
-1
648
86
649
-1
650
49
651
-1
652
17
653
-1
654
176
655
-1
656
136
657
-1
658
161
659
-1
660
51
661
-1
662
3
663
-1
664
138
665
-1
666
67
667
-1
668
82
669
-1
670
160
671
-1
672
50
673
-1
674
36
675
-1
676
118
677
-1
678
1
679
-1
680
167
681
-1
682
85
683
-1
684
83
685
-1
686
78
687
-1
688
169
689
-1
690
162
691
-1
692
177
693
-1
694
85
695
-1
696
15
697
-1
698
130
699
-1
700
6
701
-1
702
119
703
-1
704
27
705
-1
706
30
707
-1
708
169
709
-1
710
51
711
-1
712
94
713
-1
714
64
715
-1
716
26
717
-1
718
67
719
-1
720
134
721
-1
722
34
723
-1
724
19
725
-1
726
36
727
-1
728
1
729
-1
730
4
731
-1
732
176
733
-1
734
116
735
-1
736
133
737
-1
738
134
739
-1
740
156
741
-1
742
152
743
-1
744
79
745
-1
746
163
747
-1
748
100
749
-1
750
84
751
-1
752
97
753
-1
754
161
755
-1
756
87
757
-1
758
168
759
-1
760
129
761
-1
762
47
763
-1
764
97
765
-1
766
40
767
-1
768
95
769
-1
770
162
771
-1
772
83
773
-1
774
25
775
-1
776
38
777
-1
778
38
779
-1
780
71
781
-1
782
108
783
-1
784
179
785
-1
786
33
787
-1
788
5
789
-1
790
140
791
-1
792
47
793
-1
794
126
795
-1
796
160
797
-1
798
71
799
-1
800
154
801
-1
802
76
803
-1
804
56
805
-1
806
68
807
-1
808
147
809
-1
810
76
811
-1
812
171
813
-1
814
15
815
-1
816
172
817
-1
818
96
819
-1
820
12
821
-1
822
45
823
-1
824
174
825
-1
826
64
827
-1
828
86
829
-1
830
15
831
-1
832
103
833
-1
834
160
835
-1
836
114
837
-1
838
86
839
-1
840
37
841
-1
842
155
843
-1
844
113
845
-1
846
133
847
-1
848
26
849
-1
850
77
851
-1
852
134
853
-1
854
69
855
-1
856
68
857
-1
858
89
859
-1
860
23
861
-1
862
176
863
-1
864
66
865
-1
866
96
867
-1
868
14
869
-1
870
33
871
-1
872
84
873
-1
874
176
875
-1
876
178
877
-1
878
147
879
-1
880
124
881
-1
882
16
883
-1
884
30
885
-1
886
165
887
-1
888
163
889
-1
890
166
891
-1
892
52
893
-1
894
77
895
-1
896
27
897
-1
898
20
899
-1
900
127
901
-1
902
71
903
-1
904
132
905
-1
906
112
907
-1
908
54
909
-1
910
139
911
-1
912
100
913
-1
914
144
915
-1
916
151
917
-1
918
22
919
-1
920
10
921
-1
922
70
923
-1
924
96
925
-1
926
117
927
-1
928
23
929
-1
930
46
931
-1
932
141
933
-1
934
14
935
-1
936
46
937
-1
938
141
939
-1
940
46
941
-1
942
113
943
-1
944
0
945
-1
946
0
947
-1
948
159
949
-1
950
42
951
-1
952
58
953
-1
954
17
955
-1
956
136
957
-1
958
91
959
-1
960
174
961
-1
962
177
963
-1
964
21
965
-1
966
115
967
-1
968
176
969
-1
970
5
971
-1
972
80
973
-1
974
131
975
-1
976
29
977
-1
978
30
979
-1
980
131
981
-1
982
93
983
-1
984
57
985
-1
986
14
987
-1
988
27
989
-1
990
24
991
-1
992
88
993
-1
994
137
995
-1
996
72
997
-1
998
148
999
-1
1000
126
1001
-1
1002
99
1003
-1
1004
159
1005
-1
1006
163
1007
-1
1008
21
1009
-1
1010
49
1011
-1
1012
36
1013
-1
1014
69
1015
-1
1016
113
1017
-1
1018
165
1019
-1
1020
91
1021
-1
1022
131
1023
-1
1024
129
1025
-1
1026
94
1027
-1
1028
146
1029
-1
1030
95
1031
-1
1032
114
1033
-1
1034
51
1035
-1
1036
109
1037
-1
1038
162
1039
-1
1040
112
1041
-1
1042
96
1043
-1
1044
161
1045
-1
1046
101
1047
-1
1048
99
1049
-1
1050
23
1051
-1
1052
161
1053
-1
1054
22
1055
-1
1056
60
1057
-1
1058
81
1059
-1
1060
93
1061
-1
1062
152
1063
-1
1064
80
1065
-1
1066
104
1067
-1
1068
67
1069
-1
1070
41
1071
-1
1072
129
1073
-1
1074
103
1075
-1
1076
45
1077
-1
1078
121
1079
-1
1080
52
1081
-1
1082
13
1083
-1
1084
145
1085
-1
1086
87
1087
-1
1088
55
1089
-1
1090
72
1091
-1
1092
47
1093
-1
1094
34
1095
-1
1096
46
1097
-1
1098
146
1099
-1
1100
18
1101
-1
1102
0
1103
-1
1104
77
1105
-1
1106
120
1107
-1
1108
129
1109
-1
1110
153
1111
-1
1112
124
1113
-1
1114
172
1115
-1
1116
3
1117
-1
1118
116
1119
-1
1120
111
1121
-1
1122
98
1123
-1
1124
49
1125
-1
1126
125
1127
-1
1128
166
1129
-1
1130
150
1131
-1
1132
157
1133
-1
1134
3
1135
-1
1136
30
1137
-1
1138
4
1139
-1
1140
142
1141
-1
1142
103
1143
-1
1144
57
1145
-1
1146
169
1147
-1
1148
1
1149
-1
1150
140
1151
-1
1152
96
1153
-1
1154
13
1155
-1
1156
127
1157
-1
1158
70
1159
-1
1160
173
1161
-1
1162
78
1163
-1
1164
82
1165
-1
1166
159
1167
-1
1168
96
1169
-1
1170
4
1171
-1
1172
26
1173
-1
1174
139
1175
-1
1176
97
1177
-1
1178
116
1179
-1
1180
117
1181
-1
1182
150
1183
-1
1184
35
1185
-1
1186
37
1187
-1
1188
17
1189
-1
1190
44
1191
-1
1192
67
1193
-1
1194
74
1195
-1
1196
129
1197
-1
1198
37
1199
-1
1200
21
1201
-1
1202
174
1203
-1
1204
144
1205
-1
1206
47
1207
-1
1208
73
1209
-1
1210
163
1211
-1
1212
174
1213
-1
1214
178
1215
-1
1216
171
1217
-1
1218
102
1219
-1
1220
155
1221
-1
1222
119
1223
-1
1224
135
1225
-1
1226
50
1227
-1
1228
110
1229
-1
1230
138
1231
-1
1232
82
1233
-1
1234
38
1235
-1
1236
173
1237
-1
1238
88
1239
-1
1240
10
1241
-1
1242
74
1243
-1
1244
36
1245
-1
1246
21
1247
-1
1248
22
1249
-1
1250
81
1251
-1
1252
115
1253
-1
1254
14
1255
-1
1256
80
1257
-1
1258
11
1259
-1
1260
168
1261
-1
1262
89
1263
-1
1264
82
1265
-1
1266
28
1267
-1
1268
24
1269
-1
1270
111
1271
-1
1272
21
1273
-1
1274
48
1275
-1
1276
132
1277
-1
1278
103
1279
-1
1280
26
1281
-1
1282
43
1283
-1
1284
136
1285
-1
1286
11
1287
-1
1288
8
1289
-1
1290
75
1291
-1
1292
13
1293
-1
1294
165
1295
-1
1296
88
1297
-1
1298
106
1299
-1
1300
140
1301
-1
1302
100
1303
-1
1304
41
1305
-1
1306
134
1307
-1
1308
23
1309
-1
1310
143
1311
-1
1312
97
1313
-1
1314
135
1315
-1
1316
25
1317
-1
1318
72
1319
-1
1320
30
1321
-1
1322
23
1323
-1
1324
161
1325
-1
1326
43
1327
-1
1328
87
1329
-1
1330
118
1331
-1
1332
168
1333
-1
1334
143
1335
-1
1336
83
1337
-1
1338
56
1339
-1
1340
136
1341
-1
1342
108
1343
-1
1344
69
1345
-1
1346
115
1347
-1
1348
107
1349
-1
1350
141
1351
-1
1352
171
1353
-1
1354
14
1355
-1
1356
15
1357
-1
1358
139
1359
-1
1360
141
1361
-1
1362
19
1363
-1
1364
90
1365
-1
1366
13
1367
-1
1368
173
1369
-1
1370
46
1371
-1
1372
81
1373
-1
1374
26
1375
-1
1376
19
1377
-1
1378
146
1379
-1
1380
58
1381
-1
1382
163
1383
-1
1384
154
1385
-1
1386
28
1387
-1
1388
50
1389
-1
1390
27
1391
-1
1392
26
1393
-1
1394
155
1395
-1
1396
68
1397
-1
1398
120
1399
-1
1400
32
1401
-1
1402
20
1403
-1
1404
1
1405
-1
1406
56
1407
-1
1408
80
1409
-1
1410
28
1411
-1
1412
44
1413
-1
1414
179
1415
-1
1416
113
1417
-1
1418
146
1419
-1
1420
111
1421
-1
1422
45
1423
-1
1424
15
1425
-1
1426
117
1427
-1
1428
89
1429
-1
1430
151
1431
-1
1432
97
1433
-1
1434
166
1435
-1
1436
72
1437
-1
1438
54
1439
-1
1440
106
1441
-1
1442
6
1443
-1
1444
143
1445
-1
1446
36
1447
-1
1448
93
1449
-1
1450
58
1451
-1
1452
108
1453
-1
1454
10
1455
-1
1456
150
1457
-1
1458
49
1459
-1
1460
56
1461
-1
1462
125
1463
-1
1464
99
1465
-1
1466
121
1467
-1
1468
42
1469
-1
1470
77
1471
-1
1472
72
1473
-1
1474
125
1475
-1
1476
111
1477
-1
1478
138
1479
-1
1480
114
1481
-1
1482
126
1483
-1
1484
17
1485
-1
1486
111
1487
-1
1488
172
1489
-1
1490
31
1491
-1
1492
71
1493
-1
1494
159
1495
-1
1496
141
1497
-1
1498
112
1499
-1
1500
42
1501
-1
1502
94
1503
-1
1504
0
1505
-1
1506
41
1507
-1
1508
140
1509
-1
1510
75
1511
-1
1512
155
1513
-1
1514
7
1515
-1
1516
65
1517
-1
1518
47
1519
-1
1520
167
1521
-1
1522
174
1523
-1
1524
75
1525
-1
1526
176
1527
-1
1528
172
1529
-1
1530
74
1531
-1
1532
163
1533
-1
1534
64
1535
-1
1536
105
1537
-1
1538
104
1539
-1
1540
32
1541
-1
1542
132
1543
-1
1544
33
1545
-1
1546
146
1547
-1
1548
153
1549
-1
1550
140
1551
-1
1552
34
1553
-1
1554
145
1555
-1
1556
106
1557
-1
1558
144
1559
-1
1560
176
1561
-1
1562
133
1563
-1
1564
23
1565
-1
1566
129
1567
-1
1568
168
1569
-1
1570
81
1571
-1
1572
113
1573
-1
1574
108
1575
-1
1576
154
1577
-1
1578
171
1579
-1
1580
173
1581
-1
1582
118
1583
-1
1584
152
1585
-1
1586
59
1587
-1
1588
16
1589
-1
1590
156
1591
-1
1592
57
1593
-1
1594
85
1595
-1
1596
28
1597
-1
1598
48
1599
-1
1600
137
1601
-1
1602
50
1603
-1
1604
169
1605
-1
1606
174
1607
-1
1608
176
1609
-1
1610
78
1611
-1
1612
138
1613
-1
1614
54
1615
-1
1616
41
1617
-1
1618
154
1619
-1
1620
122
1621
-1
1622
58
1623
-1
1624
143
1625
-1
1626
43
1627
-1
1628
67
1629
-1
1630
130
1631
-1
1632
141
1633
-1
1634
74
1635
-1
1636
87
1637
-1
1638
50
1639
-1
1640
161
1641
-1
1642
147
1643
-1
1644
140
1645
-1
1646
25
1647
-1
1648
167
1649
-1
1650
106
1651
-1
1652
9
1653
-1
1654
157
1655
-1
1656
101
1657
-1
1658
42
1659
-1
1660
62
1661
-1
1662
52
1663
-1
1664
67
1665
-1
1666
167
1667
-1
1668
19
1669
-1
1670
175
1671
-1
1672
125
1673
-1
1674
40
1675
-1
1676
81
1677
-1
1678
50
1679
-1
1680
146
1681
-1
1682
26
1683
-1
1684
20
1685
-1
1686
53
1687
-1
1688
28
1689
-1
1690
28
1691
-1
1692
59
1693
-1
1694
0
1695
-1
1696
147
1697
-1
1698
27
1699
-1
1700
143
1701
-1
1702
138
1703
-1
1704
116
1705
-1
1706
73
1707
-1
1708
131
1709
-1
1710
81
1711
-1
1712
18
1713
-1
1714
3
1715
-1
1716
154
1717
-1
1718
17
1719
-1
1720
134
1721
-1
1722
166
1723
-1
1724
6
1725
-1
1726
44
1727
-1
1728
49
1729
-1
1730
144
1731
-1
1732
129
1733
-1
1734
20
1735
-1
1736
98
1737
-1
1738
11
1739
-1
1740
114
1741
-1
1742
65
1743
-1
1744
20
1745
-1
1746
25
1747
-1
1748
39
1749
-1
1750
3
1751
-1
1752
52
1753
-1
1754
154
1755
-1
1756
16
1757
-1
1758
88
1759
-1
1760
175
1761
-1
1762
165
1763
-1
1764
29
1765
-1
1766
76
1767
-1
1768
87
1769
-1
1770
137
1771
-1
1772
57
1773
-1
1774
32
1775
-1
1776
178
1777
-1
1778
126
1779
-1
1780
9
1781
-1
1782
12
1783
-1
1784
42
1785
-1
1786
177
1787
-1
1788
74
1789
-1
1790
119
1791
-1
1792
62
1793
-1
1794
31
1795
-1
1796
58
1797
-1
1798
80
1799
-1
1800
105
1801
-1
1802
99
1803
-1
1804
125
1805
-1
1806
62
1807
-1
1808
90
1809
-1
1810
129
1811
-1
1812
81
1813
-1
1814
63
1815
-1
1816
33
1817
-1
1818
19
1819
-1
1820
67
1821
-1
1822
46
1823
-1
1824
123
1825
-1
1826
159
1827
-1
1828
51
1829
-1
1830
58
1831
-1
1832
54
1833
-1
1834
179
1835
-1
1836
4
1837
-1
1838
89
1839
-1
1840
13
1841
-1
1842
35
1843
-1
1844
156
1845
-1
1846
40
1847
-1
1848
47
1849
-1
1850
135
1851
-1
1852
54
1853
-1
1854
83
1855
-1
1856
90
1857
-1
1858
71
1859
-1
1860
112
1861
-1
1862
164
1863
-1
1864
97
1865
-1
1866
140
1867
-1
1868
135
1869
-1
1870
128
1871
-1
1872
77
1873
-1
1874
65
1875
-1
1876
126
1877
-1
1878
92
1879
-1
1880
57
1881
-1
1882
103
1883
-1
1884
85
1885
-1
1886
106
1887
-1
1888
58
1889
-1
1890
70
1891
-1
1892
179
1893
-1
1894
111
1895
-1
1896
76
1897
-1
1898
38
1899
-1
1900
150
1901
-1
1902
34
1903
-1
1904
151
1905
-1
1906
161
1907
-1
1908
104
1909
-1
1910
23
1911
-1
1912
156
1913
-1
1914
30
1915
-1
1916
146
1917
-1
1918
100
1919
-1
1920
66
1921
-1
1922
36
1923
-1
1924
165
1925
-1
1926
90
1927
-1
1928
69
1929
-1
1930
43
1931
-1
1932
177
1933
-1
1934
73
1935
-1
1936
66
1937
-1
1938
67
1939
-1
1940
119
1941
-1
1942
156
1943
-1
1944
142
1945
-1
1946
99
1947
-1
1948
97
1949
-1
1950
91
1951
-1
1952
35
1953
-1
1954
13
1955
-1
1956
66
1957
-1
1958
113
1959
-1
1960
137
1961
-1
1962
114
1963
-1
1964
159
1965
-1
1966
172
1967
-1
1968
17
1969
-1
1970
178
1971
-1
1972
106
1973
-1
1974
49
1975
-1
1976
171
1977
-1
1978
126
1979
-1
1980
175
1981
-1
1982
151
1983
-1
1984
95
1985
-1
1986
148
1987
-1
1988
96
1989
-1
1990
59
1991
-1
1992
119
1993
-1
1994
32
1995
-1
1996
141
1997
-1
1998
163
1999
-1
2000
63
2001
-1
2002
48
2003
-1
2004
27
2005
-1
2006
58
2007
-1
2008
178
2009
-1
2010
18
2011
-1
2012
150
2013
-1
2014
32
2015
-1
2016
107
2017
-1
2018
13
2019
-1
2020
64
2021
-1
2022
162
2023
-1
2024
85
2025
-1
2026
26
2027
-1
2028
151
2029
-1
2030
27
2031
-1
2032
77
2033
-1
2034
119
2035
-1
2036
128
2037
-1
2038
26
2039
-1
2040
33
2041
-1
2042
78
2043
-1
2044
85
2045
-1
2046
93
2047
-1
2048
116
2049
-1
2050
4
2051
-1
2052
47
2053
-1
2054
43
2055
-1
2056
92
2057
-1
2058
28
2059
-1
2060
119
2061
-1
2062
17
2063
-1
2064
38
2065
-1
2066
171
2067
-1
2068
60
2069
-1
2070
36
2071
-1
2072
168
2073
-1
2074
78
2075
-1
2076
27
2077
-1
2078
40
2079
-1
2080
166
2081
-1
2082
70
2083
-1
2084
172
2085
-1
2086
108
2087
-1
2088
18
2089
-1
2090
164
2091
-1
2092
70
2093
-1
2094
158
2095
-1
2096
84
2097
-1
2098
68
2099
-1
2100
114
2101
-1
2102
155
2103
-1
2104
63
2105
-1
2106
87
2107
-1
2108
131
2109
-1
2110
29
2111
-1
2112
177
2113
-1
2114
23
2115
-1
2116
86
2117
-1
2118
17
2119
-1
2120
117
2121
-1
2122
141
2123
-1
2124
46
2125
-1
2126
81
2127
-1
2128
153
2129
-1
2130
130
2131
-1
2132
23
2133
-1
2134
103
2135
-1
2136
42
2137
-1
2138
119
2139
-1
2140
41
2141
-1
2142
82
2143
-1
2144
93
2145
-1
2146
90
2147
-1
2148
158
2149
-1
2150
148
2151
-1
2152
170
2153
-1
2154
139
2155
-1
2156
90
2157
-1
2158
61
2159
-1
2160
1
2161
-1
2162
153
2163
-1
2164
107
2165
-1
2166
31
2167
-1
2168
35
2169
-1
2170
13
2171
-1
2172
44
2173
-1
2174
38
2175
-1
2176
41
2177
-1
2178
98
2179
-1
2180
153
2181
-1
2182
154
2183
-1
2184
160
2185
-1
2186
80
2187
-1
2188
160
2189
-1
2190
109
2191
-1
2192
77
2193
-1
2194
60
2195
-1
2196
138
2197
-1
2198
87
2199
-1
2200
134
2201
-1
2202
2
2203
-1
2204
170
2205
-1
2206
173
2207
-1
2208
1
2209
-1
2210
160
2211
-1
2212
143
2213
-1
2214
75
2215
-1
2216
34
2217
-1
2218
98
2219
-1
2220
141
2221
-1
2222
133
2223
-1
2224
107
2225
-1
2226
158
2227
-1
2228
25
2229
-1
2230
99
2231
-1
2232
106
2233
-1
2234
64
2235
-1
2236
135
2237
-1
2238
129
2239
-1
2240
107
2241
-1
2242
167
2243
-1
2244
90
2245
-1
2246
107
2247
-1
2248
140
2249
-1
2250
43
2251
-1
2252
179
2253
-1
2254
76
2255
-1
2256
87
2257
-1
2258
173
2259
-1
2260
93
2261
-1
2262
41
2263
-1
2264
47
2265
-1
2266
130
2267
-1
2268
134
2269
-1
2270
62
2271
-1
2272
20
2273
-1
2274
14
2275
-1
2276
80
2277
-1
2278
21
2279
-1
2280
117
2281
-1
2282
147
2283
-1
2284
66
2285
-1
2286
50
2287
-1
2288
96
2289
-1
2290
96
2291
-1
2292
128
2293
-1
2294
144
2295
-1
2296
147
2297
-1
2298
48
2299
-1
2300
162
2301
-1
2302
145
2303
-1
2304
155
2305
-1
2306
156
2307
-1
2308
0
2309
-1
2310
132
2311
-1
2312
136
2313
-1
2314
138
2315
-1
2316
81
2317
-1
2318
132
2319
-1
2320
162
2321
-1
2322
155
2323
-1
2324
37
2325
-1
2326
131
2327
-1
2328
106
2329
-1
2330
10
2331
-1
2332
90
2333
-1
2334
165
2335
-1
2336
14
2337
-1
2338
113
2339
-1
2340
83
2341
-1
2342
163
2343
-1
2344
69
2345
-1
2346
115
2347
-1
2348
174
2349
-1
2350
168
2351
-1
2352
47
2353
-1
2354
128
2355
-1
2356
7
2357
-1
2358
104
2359
-1
2360
75
2361
-1
2362
13
2363
-1
2364
163
2365
-1
2366
57
2367
-1
2368
174
2369
-1
2370
93
2371
-1
2372
34
2373
-1
2374
127
2375
-1
2376
17
2377
-1
2378
25
2379
-1
2380
179
2381
-1
2382
133
2383
-1
2384
62
2385
-1
2386
139
2387
-1
2388
61
2389
-1
2390
28
2391
-1
2392
86
2393
-1
2394
71
2395
-1
2396
157
2397
-1
2398
112
2399
-1
2400
43
2401
-1
2402
8
2403
-1
2404
8
2405
-1
2406
118
2407
-1
2408
141
2409
-1
2410
120
2411
-1
2412
10
2413
-1
2414
20
2415
-1
2416
140
2417
-1
2418
168
2419
-1
2420
54
2421
-1
2422
135
2423
-1
2424
161
2425
-1
2426
148
2427
-1
2428
104
2429
-1
2430
74
2431
-1
2432
25
2433
-1
2434
104
2435
-1
2436
167
2437
-1
2438
139
2439
-1
2440
7
2441
-1
2442
52
2443
-1
2444
110
2445
-1
2446
155
2447
-1
2448
177
2449
-1
2450
14
2451
-1
2452
14
2453
-1
2454
127
2455
-1
2456
145
2457
-1
2458
3
2459
-1
2460
39
2461
-1
2462
8
2463
-1
2464
154
2465
-1
2466
65
2467
-1
2468
14
2469
-1
2470
75
2471
-1
2472
3
2473
-1
2474
143
2475
-1
2476
149
2477
-1
2478
46
2479
-1
2480
131
2481
-1
2482
8
2483
-1
2484
175
2485
-1
2486
28
2487
-1
2488
86
2489
-1
2490
22
2491
-1
2492
38
2493
-1
2494
105
2495
-1
2496
111
2497
-1
2498
34
2499
-1
2500
24
2501
-1
2502
4
2503
-1
2504
160
2505
-1
2506
10
2507
-1
2508
1
2509
-1
2510
179
2511
-1
2512
17
2513
-1
2514
18
2515
-1
2516
49
2517
-1
2518
161
2519
-1
2520
148
2521
-1
2522
95
2523
-1
2524
24
2525
-1
2526
66
2527
-1
2528
124
2529
-1
2530
39
2531
-1
2532
143
2533
-1
2534
147
2535
-1
2536
105
2537
-1
2538
43
2539
-1
2540
137
2541
-1
2542
105
2543
-1
2544
123
2545
-1
2546
157
2547
-1
2548
156
2549
-1
2550
116
2551
-1
2552
87
2553
-1
2554
70
2555
-1
2556
24
2557
-1
2558
99
2559
-1
2560
63
2561
-1
2562
80
2563
-1
2564
82
2565
-1
2566
52
2567
-1
2568
122
2569
-1
2570
116
2571
-1
2572
0
2573
-1
2574
149
2575
-1
2576
114
2577
-1
2578
101
2579
-1
2580
173
2581
-1
2582
175
2583
-1
2584
66
2585
-1
2586
81
2587
-1
2588
126
2589
-1
2590
55
2591
-1
2592
110
2593
-1
2594
133
2595
-1
2596
149
2597
-1
2598
112
2599
-1
2600
84
2601
-1
2602
127
2603
-1
2604
31
2605
-1
2606
12
2607
-1
2608
50
2609
-1
2610
157
2611
-1
2612
36
2613
-1
2614
67
2615
-1
2616
59
2617
-1
2618
116
2619
-1
2620
76
2621
-1
2622
99
2623
-1
2624
80
2625
-1
2626
175
2627
-1
2628
17
2629
-1
2630
110
2631
-1
2632
123
2633
-1
2634
111
2635
-1
2636
96
2637
-1
2638
141
2639
-1
2640
120
2641
-1
2642
132
2643
-1
2644
172
2645
-1
2646
125
2647
-1
2648
75
2649
-1
2650
141
2651
-1
2652
112
2653
-1
2654
21
2655
-1
2656
80
2657
-1
2658
123
2659
-1
2660
51
2661
-1
2662
179
2663
-1
2664
36
2665
-1
2666
144
2667
-1
2668
0
2669
-1
2670
54
2671
-1
2672
49
2673
-1
2674
123
2675
-1
2676
49
2677
-1
2678
43
2679
-1
2680
16
2681
-1
2682
46
2683
-1
2684
44
2685
-1
2686
21
2687
-1
2688
59
2689
-1
2690
123
2691
-1
2692
0
2693
-1
2694
30
2695
-1
2696
61
2697
-1
2698
50
2699
-1
2700
90
2701
-1
2702
10
2703
-1
2704
77
2705
-1
2706
106
2707
-1
2708
164
2709
-1
2710
24
2711
-1
2712
146
2713
-1
2714
106
2715
-1
2716
41
2717
-1
2718
105
2719
-1
2720
73
2721
-1
2722
146
2723
-1
2724
137
2725
-1
2726
79
2727
-1
2728
103
2729
-1
2730
107
2731
-1
2732
153
2733
-1
2734
127
2735
-1
2736
146
2737
-1
2738
178
2739
-1
2740
45
2741
-1
2742
20
2743
-1
2744
66
2745
-1
2746
33
2747
-1
2748
121
2749
-1
2750
6
2751
-1
2752
66
2753
-1
2754
83
2755
-1
2756
9
2757
-1
2758
89
2759
-1
2760
142
2761
-1
2762
2
2763
-1
2764
108
2765
-1
2766
39
2767
-1
2768
8
2769
-1
2770
76
2771
-1
2772
109
2773
-1
2774
10
2775
-1
2776
124
2777
-1
2778
132
2779
-1
2780
93
2781
-1
2782
144
2783
-1
2784
49
2785
-1
2786
162
2787
-1
2788
179
2789
-1
2790
22
2791
-1
2792
16
2793
-1
2794
104
2795
-1
2796
155
2797
-1
2798
129
2799
-1
2800
142
2801
-1
2802
21
2803
-1
2804
94
2805
-1
2806
41
2807
-1
2808
171
2809
-1
2810
30
2811
-1
2812
178
2813
-1
2814
99
2815
-1
2816
94
2817
-1
2818
175
2819
-1
2820
127
2821
-1
2822
25
2823
-1
2824
85
2825
-1
2826
32
2827
-1
2828
14
2829
-1
2830
63
2831
-1
2832
75
2833
-1
2834
148
2835
-1
2836
3
2837
-1
2838
147
2839
-1
2840
60
2841
-1
2842
56
2843
-1
2844
58
2845
-1
2846
3
2847
-1
2848
56
2849
-1
2850
41
2851
-1
2852
176
2853
-1
2854
21
2855
-1
2856
34
2857
-1
2858
20
2859
-1
2860
39
2861
-1
2862
10
2863
-1
2864
99
2865
-1
2866
150
2867
-1
2868
43
2869
-1
2870
149
2871
-1
2872
58
2873
-1
2874
38
2875
-1
2876
116
2877
-1
2878
123
2879
-1
2880
158
2881
-1
2882
106
2883
-1
2884
63
2885
-1
2886
6
2887
-1
2888
150
2889
-1
2890
20
2891
-1
2892
150
2893
-1
2894
127
2895
-1
2896
51
2897
-1
2898
79
2899
-1
2900
147
2901
-1
2902
24
2903
-1
2904
97
2905
-1
2906
176
2907
-1
2908
160
2909
-1
2910
92
2911
-1
2912
68
2913
-1
2914
41
2915
-1
2916
39
2917
-1
2918
0
2919
-1
2920
37
2921
-1
2922
166
2923
-1
2924
6
2925
-1
2926
88
2927
-1
2928
84
2929
-1
2930
12
2931
-1
2932
68
2933
-1
2934
1
2935
-1
2936
23
2937
-1
2938
135
2939
-1
2940
81
2941
-1
2942
84
2943
-1
2944
45
2945
-1
2946
123
2947
-1
2948
160
2949
-1
2950
78
2951
-1
2952
158
2953
-1
2954
97
2955
-1
2956
77
2957
-1
2958
34
2959
-1
2960
85
2961
-1
2962
140
2963
-1
2964
1
2965
-1
2966
94
2967
-1
2968
43
2969
-1
2970
150
2971
-1
2972
156
2973
-1
2974
138
2975
-1
2976
4
2977
-1
2978
137
2979
-1
2980
80
2981
-1
2982
96
2983
-1
2984
106
2985
-1
2986
59
2987
-1
2988
161
2989
-1
2990
97
2991
-1
2992
85
2993
-1
2994
3
2995
-1
2996
129
2997
-1
2998
57
2999
-1
