********************************************************************************
The planted motif0 is:
GGGCGGCCACGTGTTCTCACA
0
26
1
177
2
5
3
108
4
-1
5
7
6
35
7
127
8
149
9
-1
10
73
11
24
12
60
13
93
14
-1
15
132
16
13
17
33
18
159
19
-1
20
29
21
36
22
118
23
163
24
-1
25
56
26
19
27
150
28
87
29
-1
30
38
31
105
32
32
33
129
34
-1
35
156
36
120
37
129
38
32
39
-1
40
6
41
54
42
62
43
100
44
-1
45
133
46
42
47
127
48
13
49
-1
50
79
51
98
52
140
53
164
54
-1
55
70
56
51
57
42
58
10
59
-1
60
13
61
171
62
94
63
69
64
-1
65
44
66
34
67
127
68
15
69
-1
70
29
71
158
72
38
73
68
74
-1
75
49
76
176
77
50
78
104
79
-1
80
63
81
38
82
73
83
151
84
-1
85
112
86
179
87
107
88
112
89
-1
90
148
91
13
92
40
93
117
94
-1
95
145
96
112
97
106
98
143
99
-1
100
172
101
163
102
149
103
11
104
-1
105
70
106
63
107
137
108
100
109
-1
110
147
111
58
112
83
113
103
114
-1
115
88
116
107
117
137
118
96
119
-1
120
90
121
9
122
89
123
35
124
-1
125
138
126
60
127
170
128
150
129
-1
130
69
131
146
132
73
133
112
134
-1
135
20
136
51
137
141
138
58
139
-1
140
177
141
100
142
75
143
144
144
-1
145
166
146
144
147
41
148
44
149
-1
150
137
151
60
152
42
153
26
154
-1
155
108
156
123
157
87
158
158
159
-1
160
134
161
49
162
97
163
179
164
-1
165
142
166
81
167
121
168
119
169
-1
170
166
171
52
172
64
173
79
174
-1
175
104
176
114
177
57
178
59
179
-1
180
30
181
96
182
130
183
170
184
-1
185
7
186
145
187
31
188
18
189
-1
190
172
191
169
192
50
193
17
194
-1
195
150
196
167
197
137
198
30
199
-1
200
66
201
80
202
129
203
51
204
-1
205
58
206
116
207
64
208
87
209
-1
210
115
211
41
212
81
213
7
214
-1
215
30
216
151
217
139
218
61
219
-1
220
45
221
95
222
152
223
22
224
-1
225
149
226
64
227
31
228
132
229
-1
230
78
231
155
232
24
233
98
234
-1
235
114
236
49
237
92
238
27
239
-1
240
118
241
68
242
15
243
62
244
-1
245
23
246
14
247
7
248
51
249
-1
250
127
251
46
252
64
253
55
254
-1
255
44
256
95
257
164
258
96
259
-1
260
97
261
58
262
61
263
67
264
-1
265
77
266
167
267
161
268
40
269
-1
270
141
271
100
272
30
273
55
274
-1
275
106
276
40
277
34
278
146
279
-1
280
178
281
177
282
51
283
175
284
-1
285
65
286
114
287
47
288
40
289
-1
290
70
291
11
292
3
293
22
294
-1
295
149
296
11
297
111
298
144
299
-1
300
115
301
98
302
142
303
27
304
-1
305
70
306
10
307
143
308
2
309
-1
310
61
311
167
312
1
313
128
314
-1
315
16
316
58
317
16
318
77
319
-1
320
93
321
77
322
165
323
67
324
-1
325
94
326
16
327
89
328
52
329
-1
330
17
331
73
332
63
333
63
334
-1
335
80
336
179
337
96
338
122
339
-1
340
60
341
155
342
154
343
88
344
-1
345
158
346
90
347
32
348
151
349
-1
350
7
351
45
352
16
353
64
354
-1
355
154
356
122
357
0
358
95
359
-1
360
96
361
46
362
25
363
64
364
-1
365
135
366
111
367
123
368
94
369
-1
370
22
371
59
372
120
373
141
374
-1
375
106
376
69
377
85
378
56
379
-1
380
68
381
93
382
64
383
12
384
-1
385
129
386
68
387
17
388
83
389
-1
390
170
391
43
392
175
393
26
394
-1
395
29
396
88
397
142
398
66
399
-1
400
49
401
115
402
67
403
117
404
-1
405
73
406
169
407
123
408
72
409
-1
410
131
411
97
412
4
413
92
414
-1
415
118
416
119
417
54
418
146
419
-1
420
17
421
62
422
20
423
18
424
-1
425
86
426
49
427
17
428
176
429
-1
430
136
431
161
432
51
433
3
434
-1
435
138
436
67
437
82
438
160
439
-1
440
50
441
36
442
118
443
1
444
-1
445
167
446
85
447
83
448
78
449
-1
450
169
451
162
452
177
453
85
454
-1
455
15
456
130
457
6
458
119
459
-1
460
27
461
30
462
169
463
51
464
-1
465
94
466
64
467
26
468
67
469
-1
470
134
471
34
472
19
473
36
474
-1
475
1
476
4
477
176
478
116
479
-1
480
133
481
134
482
156
483
152
484
-1
485
79
486
163
487
100
488
84
489
-1
490
97
491
161
492
87
493
168
494
-1
495
129
496
47
497
97
498
40
499
-1
500
95
501
162
502
83
503
25
504
-1
505
38
506
38
507
71
508
108
509
-1
510
179
511
33
512
5
513
140
514
-1
515
47
516
126
517
160
518
71
519
-1
520
154
521
76
522
56
523
68
524
-1
525
147
526
76
527
171
528
15
529
-1
530
172
531
96
532
12
533
45
534
-1
535
174
536
64
537
86
538
15
539
-1
540
103
541
160
542
114
543
86
544
-1
545
37
546
155
547
113
548
133
549
-1
550
26
551
77
552
134
553
69
554
-1
555
68
556
89
557
23
558
176
559
-1
560
66
561
96
562
14
563
33
564
-1
565
84
566
176
567
178
568
147
569
-1
570
124
571
16
572
30
573
165
574
-1
575
163
576
166
577
52
578
77
579
-1
580
27
581
20
582
127
583
71
584
-1
585
132
586
112
587
54
588
139
589
-1
590
100
591
144
592
151
593
22
594
-1
595
10
596
70
597
96
598
117
599
-1
600
23
601
46
602
141
603
14
604
-1
605
46
606
141
607
46
608
113
609
-1
610
0
611
0
612
159
613
42
614
-1
615
58
616
17
617
136
618
91
619
-1
620
174
621
177
622
21
623
115
624
-1
625
176
626
5
627
80
628
131
629
-1
630
29
631
30
632
131
633
93
634
-1
635
57
636
14
637
27
638
24
639
-1
640
88
641
137
642
72
643
148
644
-1
645
126
646
99
647
159
648
163
649
-1
650
21
651
49
652
36
653
69
654
-1
655
113
656
165
657
91
658
131
659
-1
660
129
661
94
662
146
663
95
664
-1
665
114
666
51
667
109
668
162
669
-1
670
112
671
96
672
161
673
101
674
-1
675
99
676
23
677
161
678
22
679
-1
680
60
681
81
682
93
683
152
684
-1
685
80
686
104
687
67
688
41
689
-1
690
129
691
103
692
45
693
121
694
-1
695
52
696
13
697
145
698
87
699
-1
700
55
701
72
702
47
703
34
704
-1
705
46
706
146
707
18
708
0
709
-1
710
77
711
120
712
129
713
153
714
-1
715
124
716
172
717
3
718
116
719
-1
720
111
721
98
722
49
723
125
724
-1
725
166
726
150
727
157
728
3
729
-1
730
30
731
4
732
142
733
103
734
-1
735
57
736
169
737
1
738
140
739
-1
740
96
741
13
742
127
743
70
744
-1
745
173
746
78
747
82
748
159
749
-1
750
96
751
4
752
26
753
139
754
-1
755
97
756
116
757
117
758
150
759
-1
760
35
761
37
762
17
763
44
764
-1
765
67
766
74
767
129
768
37
769
-1
770
21
771
174
772
144
773
47
774
-1
775
73
776
163
777
174
778
178
779
-1
780
171
781
102
782
155
783
119
784
-1
785
135
786
50
787
110
788
138
789
-1
790
82
791
38
792
173
793
88
794
-1
795
10
796
74
797
36
798
21
799
-1
800
22
801
81
802
115
803
14
804
-1
805
80
806
11
807
168
808
89
809
-1
810
82
811
28
812
24
813
111
814
-1
815
21
816
48
817
132
818
103
819
-1
820
26
821
43
822
136
823
11
824
-1
825
8
826
75
827
13
828
165
829
-1
830
88
831
106
832
140
833
100
834
-1
835
41
836
134
837
23
838
143
839
-1
840
97
841
135
842
25
843
72
844
-1
845
30
846
23
847
161
848
43
849
-1
850
87
851
118
852
168
853
143
854
-1
855
83
856
56
857
136
858
108
859
-1
860
69
861
115
862
107
863
141
864
-1
865
171
866
14
867
15
868
139
869
-1
870
141
871
19
872
90
873
13
874
-1
875
173
876
46
877
81
878
26
879
-1
880
19
881
146
882
58
883
163
884
-1
885
154
886
28
887
50
888
27
889
-1
890
26
891
155
892
68
893
120
894
-1
895
32
896
20
897
1
898
56
899
-1
900
80
901
28
902
44
903
179
904
-1
905
113
906
146
907
111
908
45
909
-1
910
15
911
117
912
89
913
151
914
-1
915
97
916
166
917
72
918
54
919
-1
920
106
921
6
922
143
923
36
924
-1
925
93
926
58
927
108
928
10
929
-1
930
150
931
49
932
56
933
125
934
-1
935
99
936
121
937
42
938
77
939
-1
940
72
941
125
942
111
943
138
944
-1
945
114
946
126
947
17
948
111
949
-1
950
172
951
31
952
71
953
159
954
-1
955
141
956
112
957
42
958
94
959
-1
960
0
961
41
962
140
963
75
964
-1
965
155
966
7
967
65
968
47
969
-1
970
167
971
174
972
75
973
176
974
-1
975
172
976
74
977
163
978
64
979
-1
980
105
981
104
982
32
983
132
984
-1
985
33
986
146
987
153
988
140
989
-1
990
34
991
145
992
106
993
144
994
-1
995
176
996
133
997
23
998
129
999
-1
1000
168
1001
81
1002
113
1003
108
1004
-1
1005
154
1006
171
1007
173
1008
118
1009
-1
1010
152
1011
59
1012
16
1013
156
1014
-1
1015
57
1016
85
1017
28
1018
48
1019
-1
1020
137
1021
50
1022
169
1023
174
1024
-1
1025
176
1026
78
1027
138
1028
54
1029
-1
1030
41
1031
154
1032
122
1033
58
1034
-1
1035
143
1036
43
1037
67
1038
130
1039
-1
1040
141
1041
74
1042
87
1043
50
1044
-1
1045
161
1046
147
1047
140
1048
25
1049
-1
1050
167
1051
106
1052
9
1053
157
1054
-1
1055
101
1056
42
1057
62
1058
52
1059
-1
1060
67
1061
167
1062
19
1063
175
1064
-1
1065
125
1066
40
1067
81
1068
50
1069
-1
1070
146
1071
26
1072
20
1073
53
1074
-1
1075
28
1076
28
1077
59
1078
0
1079
-1
1080
147
1081
27
1082
143
1083
138
1084
-1
1085
116
1086
73
1087
131
1088
81
1089
-1
1090
18
1091
3
1092
154
1093
17
1094
-1
1095
134
1096
166
1097
6
1098
44
1099
-1
1100
49
1101
144
1102
129
1103
20
1104
-1
1105
98
1106
11
1107
114
1108
65
1109
-1
1110
20
1111
25
1112
39
1113
3
1114
-1
1115
52
1116
154
1117
16
1118
88
1119
-1
1120
175
1121
165
1122
29
1123
76
1124
-1
1125
87
1126
137
1127
57
1128
32
1129
-1
1130
178
1131
126
1132
9
1133
12
1134
-1
1135
42
1136
177
1137
74
1138
119
1139
-1
1140
62
1141
31
1142
58
1143
80
1144
-1
1145
105
1146
99
1147
125
1148
62
1149
-1
1150
90
1151
129
1152
81
1153
63
1154
-1
1155
33
1156
19
1157
67
1158
46
1159
-1
1160
123
1161
159
1162
51
1163
58
1164
-1
1165
54
1166
179
1167
4
1168
89
1169
-1
1170
13
1171
35
1172
156
1173
40
1174
-1
1175
47
1176
135
1177
54
1178
83
1179
-1
1180
90
1181
71
1182
112
1183
164
1184
-1
1185
97
1186
140
1187
135
1188
128
1189
-1
1190
77
1191
65
1192
126
1193
92
1194
-1
1195
57
1196
103
1197
85
1198
106
1199
-1
1200
58
1201
70
1202
179
1203
111
1204
-1
1205
76
1206
38
1207
150
1208
34
1209
-1
1210
151
1211
161
1212
104
1213
23
1214
-1
1215
156
1216
30
1217
146
1218
100
1219
-1
1220
66
1221
36
1222
165
1223
90
1224
-1
1225
69
1226
43
1227
177
1228
73
1229
-1
1230
66
1231
67
1232
119
1233
156
1234
-1
1235
142
1236
99
1237
97
1238
91
1239
-1
1240
35
1241
13
1242
66
1243
113
1244
-1
1245
137
1246
114
1247
159
1248
172
1249
-1
1250
17
1251
178
1252
106
1253
49
1254
-1
1255
171
1256
126
1257
175
1258
151
1259
-1
1260
95
1261
148
1262
96
1263
59
1264
-1
1265
119
1266
32
1267
141
1268
163
1269
-1
1270
63
1271
48
1272
27
1273
58
1274
-1
1275
178
1276
18
1277
150
1278
32
1279
-1
1280
107
1281
13
1282
64
1283
162
1284
-1
1285
85
1286
26
1287
151
1288
27
1289
-1
1290
77
1291
119
1292
128
1293
26
1294
-1
1295
33
1296
78
1297
85
1298
93
1299
-1
1300
116
1301
4
1302
47
1303
43
1304
-1
1305
92
1306
28
1307
119
1308
17
1309
-1
1310
38
1311
171
1312
60
1313
36
1314
-1
1315
168
1316
78
1317
27
1318
40
1319
-1
1320
166
1321
70
1322
172
1323
108
1324
-1
1325
18
1326
164
1327
70
1328
158
1329
-1
1330
84
1331
68
1332
114
1333
155
1334
-1
1335
63
1336
87
1337
131
1338
29
1339
-1
1340
177
1341
23
1342
86
1343
17
1344
-1
1345
117
1346
141
1347
46
1348
81
1349
-1
1350
153
1351
130
1352
23
1353
103
1354
-1
1355
42
1356
119
1357
41
1358
82
1359
-1
1360
93
1361
90
1362
158
1363
148
1364
-1
1365
170
1366
139
1367
90
1368
61
1369
-1
1370
1
1371
153
1372
107
1373
31
1374
-1
1375
35
1376
13
1377
44
1378
38
1379
-1
1380
41
1381
98
1382
153
1383
154
1384
-1
1385
160
1386
80
1387
160
1388
109
1389
-1
1390
77
1391
60
1392
138
1393
87
1394
-1
1395
134
1396
2
1397
170
1398
173
1399
-1
1400
1
1401
160
1402
143
1403
75
1404
-1
1405
34
1406
98
1407
141
1408
133
1409
-1
1410
107
1411
158
1412
25
1413
99
1414
-1
1415
106
1416
64
1417
135
1418
129
1419
-1
1420
107
1421
167
1422
90
1423
107
1424
-1
1425
140
1426
43
1427
179
1428
76
1429
-1
1430
87
1431
173
1432
93
1433
41
1434
-1
1435
47
1436
130
1437
134
1438
62
1439
-1
1440
20
1441
14
1442
80
1443
21
1444
-1
1445
117
1446
147
1447
66
1448
50
1449
-1
1450
96
1451
96
1452
128
1453
144
1454
-1
1455
147
1456
48
1457
162
1458
145
1459
-1
1460
155
1461
156
1462
0
1463
132
1464
-1
1465
136
1466
138
1467
81
1468
132
1469
-1
1470
162
1471
155
1472
37
1473
131
1474
-1
1475
106
1476
10
1477
90
1478
165
1479
-1
1480
14
1481
113
1482
83
1483
163
1484
-1
1485
69
1486
115
1487
174
1488
168
1489
-1
1490
47
1491
128
1492
7
1493
104
1494
-1
1495
75
1496
13
1497
163
1498
57
1499
-1
1500
174
1501
93
1502
34
1503
127
1504
-1
1505
17
1506
25
1507
179
1508
133
1509
-1
1510
62
1511
139
1512
61
1513
28
1514
-1
1515
86
1516
71
1517
157
1518
112
1519
-1
1520
43
1521
8
1522
8
1523
118
1524
-1
1525
141
1526
120
1527
10
1528
20
1529
-1
1530
140
1531
168
1532
54
1533
135
1534
-1
1535
161
1536
148
1537
104
1538
74
1539
-1
1540
25
1541
104
1542
167
1543
139
1544
-1
1545
7
1546
52
1547
110
1548
155
1549
-1
1550
177
1551
14
1552
14
1553
127
1554
-1
1555
145
1556
3
1557
39
1558
8
1559
-1
1560
154
1561
65
1562
14
1563
75
1564
-1
1565
3
1566
143
1567
149
1568
46
1569
-1
1570
131
1571
8
1572
175
1573
28
1574
-1
1575
86
1576
22
1577
38
1578
105
1579
-1
1580
111
1581
34
1582
24
1583
4
1584
-1
1585
160
1586
10
1587
1
1588
179
1589
-1
1590
17
1591
18
1592
49
1593
161
1594
-1
1595
148
1596
95
1597
24
1598
66
1599
-1
1600
124
1601
39
1602
143
1603
147
1604
-1
1605
105
1606
43
1607
137
1608
105
1609
-1
1610
123
1611
157
1612
156
1613
116
1614
-1
1615
87
1616
70
1617
24
1618
99
1619
-1
1620
63
1621
80
1622
82
1623
52
1624
-1
1625
122
1626
116
1627
0
1628
149
1629
-1
1630
114
1631
101
1632
173
1633
175
1634
-1
1635
66
1636
81
1637
126
1638
55
1639
-1
1640
110
1641
133
1642
149
1643
112
1644
-1
1645
84
1646
127
1647
31
1648
12
1649
-1
1650
50
1651
157
1652
36
1653
67
1654
-1
1655
59
1656
116
1657
76
1658
99
1659
-1
1660
80
1661
175
1662
17
1663
110
1664
-1
1665
123
1666
111
1667
96
1668
141
1669
-1
1670
120
1671
132
1672
172
1673
125
1674
-1
1675
75
1676
141
1677
112
1678
21
1679
-1
1680
80
1681
123
1682
51
1683
179
1684
-1
1685
36
1686
144
1687
0
1688
54
1689
-1
1690
49
1691
123
1692
49
1693
43
1694
-1
1695
16
1696
46
1697
44
1698
21
1699
-1
1700
59
1701
123
1702
0
1703
30
1704
-1
1705
61
1706
50
1707
90
1708
10
1709
-1
1710
77
1711
106
1712
164
1713
24
1714
-1
1715
146
1716
106
1717
41
1718
105
1719
-1
1720
73
1721
146
1722
137
1723
79
1724
-1
1725
103
1726
107
1727
153
1728
127
1729
-1
1730
146
1731
178
1732
45
1733
20
1734
-1
1735
66
1736
33
1737
121
1738
6
1739
-1
1740
66
1741
83
1742
9
1743
89
1744
-1
1745
142
1746
2
1747
108
1748
39
1749
-1
1750
8
1751
76
1752
109
1753
10
1754
-1
1755
124
1756
132
1757
93
1758
144
1759
-1
1760
49
1761
162
1762
179
1763
22
1764
-1
1765
16
1766
104
1767
155
1768
129
1769
-1
1770
142
1771
21
1772
94
1773
41
1774
-1
1775
171
1776
30
1777
178
1778
99
1779
-1
1780
94
1781
175
1782
127
1783
25
1784
-1
1785
85
1786
32
1787
14
1788
63
1789
-1
1790
75
1791
148
1792
3
1793
147
1794
-1
1795
60
1796
56
1797
58
1798
3
1799
-1
1800
56
1801
41
1802
176
1803
21
1804
-1
1805
34
1806
20
1807
39
1808
10
1809
-1
1810
99
1811
150
1812
43
1813
149
1814
-1
1815
58
1816
38
1817
116
1818
123
1819
-1
1820
158
1821
106
1822
63
1823
6
1824
-1
1825
150
1826
20
1827
150
1828
127
1829
-1
1830
51
1831
79
1832
147
1833
24
1834
-1
1835
97
1836
176
1837
160
1838
92
1839
-1
1840
68
1841
41
1842
39
1843
0
1844
-1
1845
37
1846
166
1847
6
1848
88
1849
-1
1850
84
1851
12
1852
68
1853
1
1854
-1
1855
23
1856
135
1857
81
1858
84
1859
-1
1860
45
1861
123
1862
160
1863
78
1864
-1
1865
158
1866
97
1867
77
1868
34
1869
-1
1870
85
1871
140
1872
1
1873
94
1874
-1
1875
43
1876
150
1877
156
1878
138
1879
-1
1880
4
1881
137
1882
80
1883
96
1884
-1
1885
106
1886
59
1887
161
1888
97
1889
-1
1890
85
1891
3
1892
129
1893
57
1894
-1
1895
54
1896
83
1897
91
1898
81
1899
-1
1900
63
1901
16
1902
168
1903
125
1904
-1
1905
116
1906
148
1907
124
1908
5
1909
-1
1910
7
1911
120
1912
129
1913
11
1914
-1
1915
171
1916
70
1917
45
1918
24
1919
-1
1920
57
1921
97
1922
29
1923
74
1924
-1
1925
138
1926
164
1927
30
1928
29
1929
-1
1930
140
1931
94
1932
130
1933
33
1934
-1
1935
144
1936
117
1937
80
1938
140
1939
-1
1940
51
1941
77
1942
171
1943
99
1944
-1
1945
123
1946
156
1947
133
1948
125
1949
-1
1950
54
1951
38
1952
111
1953
86
1954
-1
1955
4
1956
31
1957
156
1958
64
1959
-1
1960
85
1961
54
1962
58
1963
31
1964
-1
1965
167
1966
158
1967
61
1968
139
1969
-1
1970
69
1971
5
1972
113
1973
136
1974
-1
1975
74
1976
135
1977
96
1978
121
1979
-1
1980
104
1981
122
1982
124
1983
59
1984
-1
1985
51
1986
76
1987
129
1988
76
1989
-1
1990
113
1991
39
1992
165
1993
117
1994
-1
1995
49
1996
79
1997
153
1998
1
1999
-1
2000
82
2001
113
2002
107
2003
52
2004
-1
2005
122
2006
129
2007
145
2008
122
2009
-1
2010
133
2011
23
2012
155
2013
171
2014
-1
2015
136
2016
20
2017
173
2018
55
2019
-1
2020
123
2021
50
2022
66
2023
7
2024
-1
2025
51
2026
21
2027
161
2028
127
2029
-1
2030
140
2031
62
2032
163
2033
14
2034
-1
2035
51
2036
167
2037
57
2038
107
2039
-1
2040
152
2041
93
2042
15
2043
175
2044
-1
2045
79
2046
20
2047
65
2048
107
2049
-1
2050
143
2051
57
2052
177
2053
11
2054
-1
2055
57
2056
118
2057
145
2058
79
2059
-1
2060
164
2061
103
2062
9
2063
89
2064
-1
2065
101
2066
84
2067
42
2068
168
2069
-1
2070
86
2071
147
2072
158
2073
116
2074
-1
2075
11
2076
60
2077
124
2078
80
2079
-1
2080
84
2081
47
2082
61
2083
137
2084
-1
2085
143
2086
14
2087
118
2088
65
2089
-1
2090
77
2091
162
2092
143
2093
14
2094
-1
2095
9
2096
154
2097
130
2098
119
2099
-1
2100
112
2101
79
2102
54
2103
115
2104
-1
2105
142
2106
24
2107
63
2108
173
2109
-1
2110
42
2111
47
2112
121
2113
122
2114
-1
2115
1
2116
146
2117
61
2118
138
2119
-1
2120
121
2121
103
2122
113
2123
0
2124
-1
2125
134
2126
92
2127
63
2128
131
2129
-1
2130
49
2131
67
2132
172
2133
30
2134
-1
2135
22
2136
28
2137
141
2138
77
2139
-1
2140
36
2141
116
2142
66
2143
159
2144
-1
2145
81
2146
125
2147
57
2148
72
2149
-1
2150
131
2151
84
2152
86
2153
11
2154
-1
2155
96
2156
154
2157
41
2158
64
2159
-1
2160
75
2161
93
2162
13
2163
108
2164
-1
2165
62
2166
13
2167
161
2168
7
2169
-1
2170
157
2171
177
2172
13
2173
141
2174
-1
2175
74
2176
88
2177
64
2178
141
2179
-1
2180
9
2181
11
2182
119
2183
125
2184
-1
2185
100
2186
42
2187
144
2188
129
2189
-1
2190
12
2191
127
2192
120
2193
46
2194
-1
2195
72
2196
30
2197
7
2198
34
2199
-1
2200
106
2201
60
2202
14
2203
55
2204
-1
2205
123
2206
178
2207
26
2208
118
2209
-1
2210
167
2211
7
2212
113
2213
167
2214
-1
2215
89
2216
89
2217
10
2218
102
2219
-1
2220
22
2221
100
2222
163
2223
148
2224
-1
2225
75
2226
21
2227
23
2228
148
2229
-1
2230
43
2231
176
2232
29
2233
137
2234
-1
2235
163
2236
175
2237
157
2238
126
2239
-1
2240
70
2241
40
2242
138
2243
63
2244
-1
2245
2
2246
126
2247
60
2248
47
2249
-1
2250
5
2251
151
2252
32
2253
75
2254
-1
2255
10
2256
162
2257
116
2258
164
2259
-1
2260
96
2261
16
2262
168
2263
132
2264
-1
2265
166
2266
86
2267
71
2268
132
2269
-1
2270
43
2271
122
2272
92
2273
101
2274
-1
2275
61
2276
6
2277
27
2278
51
2279
-1
2280
122
2281
56
2282
128
2283
68
2284
-1
2285
117
2286
63
2287
92
2288
89
2289
-1
2290
105
2291
97
2292
131
2293
75
2294
-1
2295
99
2296
35
2297
98
2298
146
2299
-1
2300
31
2301
44
2302
30
2303
111
2304
-1
2305
92
2306
91
2307
99
2308
53
2309
-1
2310
25
2311
118
2312
73
2313
22
2314
-1
2315
59
2316
48
2317
114
2318
176
2319
-1
2320
5
2321
8
2322
153
2323
87
2324
-1
2325
49
2326
137
2327
85
2328
126
2329
-1
2330
164
2331
114
2332
142
2333
87
2334
-1
2335
62
2336
172
2337
20
2338
43
2339
-1
2340
13
2341
100
2342
77
2343
57
2344
-1
2345
66
2346
5
2347
128
2348
149
2349
-1
2350
124
2351
61
2352
150
2353
102
2354
-1
2355
127
2356
100
2357
10
2358
2
2359
-1
2360
26
2361
63
2362
128
2363
123
2364
-1
2365
3
2366
126
2367
64
2368
156
2369
-1
2370
108
2371
139
2372
159
2373
97
2374
-1
2375
90
2376
91
2377
47
2378
101
2379
-1
2380
101
2381
129
2382
108
2383
70
2384
-1
2385
33
2386
127
2387
154
2388
77
2389
-1
2390
173
2391
111
2392
173
2393
81
2394
-1
2395
38
2396
39
2397
55
2398
76
2399
-1
2400
91
2401
80
2402
88
2403
101
2404
-1
2405
174
2406
109
2407
172
2408
132
2409
-1
2410
130
2411
76
2412
165
2413
35
2414
-1
2415
170
2416
2
2417
84
2418
177
2419
-1
2420
32
2421
169
2422
53
2423
30
2424
-1
2425
18
2426
16
2427
136
2428
126
2429
-1
2430
95
2431
96
2432
132
2433
19
2434
-1
2435
99
2436
168
2437
130
2438
14
2439
-1
2440
81
2441
112
2442
176
2443
42
2444
-1
2445
177
2446
174
2447
89
2448
30
2449
-1
2450
3
2451
1
2452
92
2453
33
2454
-1
2455
88
2456
46
2457
50
2458
177
2459
-1
2460
125
2461
135
2462
32
2463
115
2464
-1
2465
176
2466
8
2467
65
2468
119
2469
-1
2470
7
2471
161
2472
80
2473
88
2474
-1
2475
81
2476
108
2477
116
2478
120
2479
-1
2480
80
2481
70
2482
137
2483
154
2484
-1
2485
128
2486
137
2487
29
2488
28
2489
-1
2490
169
2491
34
2492
136
2493
148
2494
-1
2495
104
2496
47
2497
4
2498
34
2499
-1
2500
104
2501
52
2502
80
2503
17
2504
-1
2505
40
2506
163
2507
93
2508
3
2509
-1
2510
75
2511
101
2512
29
2513
162
2514
-1
2515
39
2516
165
2517
47
2518
7
2519
-1
2520
9
2521
30
2522
62
2523
105
2524
-1
2525
46
2526
58
2527
86
2528
174
2529
-1
2530
54
2531
93
2532
149
2533
23
2534
-1
2535
167
2536
81
2537
111
2538
115
2539
-1
2540
116
2541
136
2542
62
2543
66
2544
-1
2545
28
2546
114
2547
93
2548
164
2549
-1
2550
14
2551
21
2552
131
2553
21
2554
-1
2555
27
2556
53
2557
57
2558
125
2559
-1
2560
36
2561
60
2562
144
2563
119
2564
-1
2565
26
2566
28
2567
68
2568
113
2569
-1
2570
109
2571
70
2572
124
2573
73
2574
-1
2575
56
2576
9
2577
86
2578
14
2579
-1
2580
170
2581
59
2582
66
2583
113
2584
-1
2585
23
2586
171
2587
72
2588
115
2589
-1
2590
84
2591
96
2592
26
2593
78
2594
-1
2595
70
2596
52
2597
0
2598
161
2599
-1
2600
93
2601
55
2602
31
2603
129
2604
-1
2605
107
2606
121
2607
106
2608
146
2609
-1
2610
6
2611
118
2612
24
2613
138
2614
-1
2615
5
2616
135
2617
177
2618
176
2619
-1
2620
115
2621
143
2622
93
2623
13
2624
-1
2625
46
2626
55
2627
3
2628
86
2629
-1
2630
143
2631
20
2632
12
2633
110
2634
-1
2635
176
2636
96
2637
141
2638
97
2639
-1
2640
34
2641
95
2642
147
2643
60
2644
-1
2645
133
2646
144
2647
25
2648
92
2649
-1
2650
29
2651
119
2652
17
2653
46
2654
-1
2655
53
2656
171
2657
11
2658
88
2659
-1
2660
133
2661
36
2662
165
2663
102
2664
-1
2665
84
2666
88
2667
127
2668
55
2669
-1
2670
136
2671
7
2672
84
2673
72
2674
-1
2675
128
2676
80
2677
93
2678
170
2679
-1
2680
166
2681
115
2682
61
2683
132
2684
-1
2685
171
2686
157
2687
7
2688
30
2689
-1
2690
57
2691
115
2692
114
2693
42
2694
-1
2695
148
2696
158
2697
157
2698
169
2699
-1
2700
176
2701
152
2702
58
2703
80
2704
-1
2705
5
2706
13
2707
162
2708
122
2709
-1
2710
114
2711
29
2712
5
2713
80
2714
-1
2715
10
2716
59
2717
111
2718
22
2719
-1
2720
29
2721
89
2722
51
2723
65
2724
-1
2725
3
2726
154
2727
146
2728
160
2729
-1
2730
22
2731
16
2732
97
2733
18
2734
-1
2735
33
2736
165
2737
40
2738
178
2739
-1
2740
63
2741
92
2742
89
2743
30
2744
-1
2745
144
2746
14
2747
47
2748
23
2749
-1
2750
49
2751
133
2752
83
2753
76
2754
-1
2755
76
2756
72
2757
79
2758
130
2759
-1
2760
153
2761
160
2762
76
2763
123
2764
-1
2765
66
2766
69
2767
63
2768
149
2769
-1
2770
158
2771
86
2772
123
2773
98
2774
-1
2775
93
2776
160
2777
155
2778
145
2779
-1
2780
164
2781
130
2782
164
2783
129
2784
-1
2785
169
2786
64
2787
138
2788
92
2789
-1
2790
25
2791
81
2792
175
2793
70
2794
-1
2795
118
2796
137
2797
9
2798
76
2799
-1
2800
104
2801
150
2802
87
2803
170
2804
-1
2805
80
2806
145
2807
122
2808
103
2809
-1
2810
120
2811
35
2812
5
2813
115
2814
-1
2815
8
2816
29
2817
173
2818
24
2819
-1
2820
114
2821
143
2822
59
2823
103
2824
-1
2825
127
2826
139
2827
156
2828
173
2829
-1
2830
147
2831
170
2832
147
2833
52
2834
-1
2835
177
2836
34
2837
150
2838
77
2839
-1
2840
7
2841
36
2842
32
2843
37
2844
-1
2845
161
2846
16
2847
162
2848
125
2849
-1
2850
122
2851
125
2852
17
2853
29
2854
-1
2855
166
2856
122
2857
54
2858
0
2859
-1
2860
5
2861
11
2862
70
2863
140
2864
-1
2865
17
2866
40
2867
166
2868
85
2869
-1
2870
73
2871
79
2872
57
2873
58
2874
-1
2875
120
2876
55
2877
94
2878
41
2879
-1
2880
99
2881
91
2882
161
2883
61
2884
-1
2885
54
2886
4
2887
45
2888
66
2889
-1
2890
106
2891
77
2892
33
2893
71
2894
-1
2895
108
2896
130
2897
127
2898
13
2899
-1
2900
59
2901
30
2902
85
2903
29
2904
-1
2905
113
2906
56
2907
15
2908
82
2909
-1
2910
15
2911
177
2912
99
2913
72
2914
-1
2915
3
2916
37
2917
131
2918
147
2919
-1
2920
110
2921
48
2922
148
2923
175
2924
-1
2925
72
2926
27
2927
47
2928
85
2929
-1
2930
152
2931
109
2932
78
2933
121
2934
-1
2935
169
2936
150
2937
75
2938
121
2939
-1
2940
4
2941
128
2942
20
2943
16
2944
-1
2945
88
2946
162
2947
26
2948
11
2949
-1
2950
114
2951
169
2952
128
2953
16
2954
-1
2955
102
2956
34
2957
105
2958
155
2959
-1
2960
62
2961
96
2962
104
2963
161
2964
-1
2965
37
2966
149
2967
32
2968
73
2969
-1
2970
106
2971
59
2972
32
2973
87
2974
-1
2975
63
2976
4
2977
151
2978
120
2979
-1
2980
86
2981
81
2982
127
2983
160
2984
-1
2985
82
2986
43
2987
61
2988
111
2989
-1
2990
85
2991
179
2992
13
2993
81
2994
-1
2995
81
2996
124
2997
20
2998
129
2999
-1
3000
63
3001
29
3002
163
3003
150
3004
-1
3005
159
3006
31
3007
45
3008
106
3009
-1
3010
30
3011
23
3012
16
3013
1
3014
-1
3015
58
3016
125
3017
170
3018
3
3019
-1
3020
151
3021
67
3022
154
3023
98
3024
-1
3025
117
3026
167
3027
82
3028
2
3029
-1
3030
103
3031
31
3032
166
3033
172
3034
-1
3035
5
3036
159
3037
91
3038
39
3039
-1
3040
148
3041
64
3042
29
3043
101
3044
-1
3045
3
3046
177
3047
156
3048
103
3049
-1
3050
104
3051
105
3052
108
3053
49
3054
-1
3055
170
3056
48
3057
1
3058
10
3059
-1
3060
102
3061
79
3062
74
3063
116
3064
-1
3065
140
3066
89
3067
91
3068
176
3069
-1
3070
77
3071
85
3072
34
3073
71
3074
-1
3075
11
3076
72
3077
120
3078
42
3079
-1
3080
175
3081
41
3082
171
3083
80
3084
-1
3085
109
3086
116
3087
63
3088
80
3089
-1
3090
107
3091
46
3092
77
3093
115
3094
-1
3095
7
3096
77
3097
78
3098
127
3099
-1
3100
154
3101
123
3102
101
3103
79
3104
-1
3105
12
3106
163
3107
7
3108
114
3109
-1
3110
167
3111
44
3112
87
3113
160
3114
-1
3115
120
3116
26
3117
31
3118
25
3119
-1
3120
11
3121
170
3122
62
3123
135
3124
-1
3125
135
3126
141
3127
9
3128
171
3129
-1
3130
44
3131
150
3132
91
3133
148
3134
-1
3135
166
3136
168
3137
85
3138
44
3139
-1
3140
75
3141
93
3142
25
3143
102
3144
-1
3145
76
3146
92
3147
157
3148
158
3149
-1
3150
160
3151
169
3152
136
3153
73
3154
-1
3155
174
3156
63
3157
85
3158
42
3159
-1
3160
179
3161
40
3162
17
3163
113
3164
-1
3165
95
3166
2
3167
87
3168
134
3169
-1
3170
31
3171
142
3172
66
3173
9
3174
-1
3175
147
3176
122
3177
151
3178
74
3179
-1
3180
132
3181
114
3182
23
3183
165
3184
-1
3185
47
3186
18
3187
122
3188
112
3189
-1
3190
97
3191
28
3192
59
3193
152
3194
-1
3195
127
3196
174
3197
42
3198
163
3199
-1
3200
32
3201
22
3202
119
3203
128
3204
-1
3205
7
3206
151
3207
37
3208
124
3209
-1
3210
57
3211
51
3212
87
3213
87
3214
-1
3215
112
3216
35
3217
22
3218
147
3219
-1
3220
20
3221
75
3222
36
3223
95
3224
-1
3225
42
3226
141
3227
169
3228
93
3229
-1
3230
21
3231
39
3232
142
3233
155
3234
-1
3235
83
3236
68
3237
53
3238
153
3239
-1
3240
135
3241
21
3242
114
3243
35
3244
-1
3245
77
3246
14
3247
14
3248
65
3249
-1
3250
156
3251
92
3252
92
3253
8
3254
-1
3255
16
3256
40
3257
7
3258
47
3259
-1
3260
64
3261
121
3262
75
3263
45
3264
-1
3265
119
3266
74
3267
167
3268
31
3269
-1
3270
19
3271
82
3272
174
3273
111
3274
-1
3275
64
3276
25
3277
103
3278
144
3279
-1
3280
0
3281
62
3282
111
3283
19
3284
-1
3285
109
3286
34
3287
179
3288
115
3289
-1
3290
51
3291
37
3292
93
3293
44
3294
-1
3295
63
3296
145
3297
93
3298
79
3299
-1
3300
137
3301
92
3302
41
3303
78
3304
-1
3305
128
3306
157
3307
57
3308
163
3309
-1
3310
142
3311
9
3312
118
3313
70
3314
-1
3315
94
3316
93
3317
12
3318
126
3319
-1
3320
124
3321
153
3322
87
3323
33
3324
-1
3325
161
3326
125
3327
100
3328
147
3329
-1
3330
122
3331
155
3332
59
3333
33
3334
-1
3335
118
3336
110
3337
17
3338
135
3339
-1
3340
20
3341
32
3342
99
3343
44
3344
-1
3345
69
3346
71
3347
83
3348
75
3349
-1
3350
121
3351
157
3352
63
3353
130
3354
-1
3355
156
3356
51
3357
148
3358
58
3359
-1
3360
0
3361
134
3362
17
3363
57
3364
-1
3365
90
3366
62
3367
17
3368
14
3369
-1
3370
25
3371
156
3372
47
3373
155
3374
-1
3375
179
3376
149
3377
137
3378
114
3379
-1
3380
158
3381
43
3382
178
3383
58
3384
-1
3385
65
3386
179
3387
99
3388
50
3389
-1
3390
172
3391
138
3392
142
3393
177
3394
-1
3395
58
3396
130
3397
108
3398
147
3399
-1
3400
104
3401
0
3402
127
3403
123
3404
-1
3405
120
3406
98
3407
129
3408
166
3409
-1
3410
109
3411
108
3412
66
3413
160
3414
-1
3415
22
3416
92
3417
172
3418
97
3419
-1
3420
99
3421
92
3422
129
3423
76
3424
-1
3425
133
3426
21
3427
171
3428
46
3429
-1
3430
56
3431
167
3432
20
3433
2
3434
-1
3435
74
3436
115
3437
25
3438
116
3439
-1
3440
96
3441
11
3442
141
3443
87
3444
-1
3445
116
3446
45
3447
59
3448
4
3449
-1
3450
51
3451
132
3452
127
3453
53
3454
-1
3455
74
3456
160
3457
176
3458
12
3459
-1
3460
140
3461
172
3462
83
3463
29
3464
-1
3465
130
3466
53
3467
2
3468
111
3469
-1
3470
70
3471
133
3472
129
3473
32
3474
-1
3475
109
3476
130
3477
47
3478
125
3479
-1
3480
41
3481
18
3482
96
3483
15
3484
-1
3485
133
3486
156
3487
125
3488
60
3489
-1
3490
19
3491
155
3492
143
3493
42
3494
-1
3495
125
3496
93
3497
87
3498
137
3499
-1
3500
155
3501
168
3502
127
3503
80
3504
-1
3505
89
3506
53
3507
52
3508
163
3509
-1
3510
127
3511
96
3512
25
3513
115
3514
-1
3515
6
3516
83
3517
61
3518
170
3519
-1
3520
165
3521
67
3522
127
3523
143
3524
-1
3525
112
3526
70
3527
169
3528
145
3529
-1
3530
144
3531
83
3532
88
3533
13
3534
-1
3535
164
3536
153
3537
124
3538
173
3539
-1
3540
170
3541
69
3542
162
3543
26
3544
-1
3545
20
3546
6
3547
162
3548
122
3549
-1
3550
93
3551
173
3552
58
3553
31
3554
-1
3555
24
3556
177
3557
15
3558
34
3559
-1
3560
169
3561
148
3562
102
3563
53
3564
-1
3565
176
3566
162
3567
172
3568
154
3569
-1
3570
85
3571
29
3572
99
3573
43
3574
-1
3575
174
3576
97
3577
172
3578
29
3579
-1
3580
120
3581
93
3582
157
3583
151
3584
-1
3585
71
3586
4
3587
18
3588
112
3589
-1
3590
161
3591
135
3592
132
3593
30
3594
-1
3595
70
3596
57
3597
130
3598
67
3599
-1
3600
133
3601
85
3602
88
3603
115
3604
-1
3605
172
3606
148
3607
176
3608
30
3609
-1
3610
143
3611
66
3612
132
3613
64
3614
-1
3615
168
3616
90
3617
57
3618
91
3619
-1
3620
16
3621
75
3622
47
3623
138
3624
-1
3625
127
3626
160
3627
19
3628
132
3629
-1
3630
99
3631
37
3632
32
3633
11
3634
-1
3635
8
3636
148
3637
21
3638
69
3639
-1
3640
111
3641
51
3642
177
3643
133
3644
-1
3645
81
3646
67
3647
45
3648
104
3649
-1
3650
16
3651
71
3652
150
3653
153
3654
-1
3655
69
3656
104
3657
161
3658
98
3659
-1
3660
60
3661
146
3662
166
3663
26
3664
-1
3665
25
3666
155
3667
150
3668
46
3669
-1
3670
74
3671
23
3672
97
3673
98
3674
-1
3675
82
3676
19
3677
117
3678
73
3679
-1
3680
99
3681
123
3682
49
3683
141
3684
-1
3685
16
3686
167
3687
160
3688
62
3689
-1
3690
18
3691
10
3692
143
3693
127
3694
-1
3695
64
3696
134
3697
174
3698
11
3699
-1
3700
26
3701
55
3702
144
3703
91
3704
-1
3705
43
3706
3
3707
139
3708
29
3709
-1
3710
76
3711
122
3712
8
3713
138
3714
-1
3715
135
3716
83
3717
137
3718
94
3719
-1
3720
106
3721
23
3722
75
3723
35
3724
-1
3725
110
3726
103
3727
103
3728
127
3729
-1
3730
89
3731
170
3732
152
3733
105
3734
-1
3735
102
3736
118
3737
41
3738
154
3739
-1
3740
65
3741
155
3742
124
3743
5
3744
-1
3745
116
3746
92
3747
19
3748
52
3749
-1
3750
133
3751
131
3752
75
3753
120
3754
-1
3755
50
3756
18
3757
93
3758
20
3759
-1
3760
99
3761
97
3762
142
3763
127
3764
-1
3765
0
3766
47
3767
2
3768
113
3769
-1
3770
93
3771
101
3772
146
3773
23
3774
-1
3775
135
3776
161
3777
58
3778
103
3779
-1
3780
56
3781
9
3782
168
3783
38
3784
-1
3785
28
3786
23
3787
179
3788
91
3789
-1
3790
120
3791
169
3792
10
3793
143
3794
-1
3795
27
3796
63
3797
43
3798
121
3799
-1
3800
140
3801
63
3802
41
3803
29
3804
-1
3805
60
3806
134
3807
35
3808
107
3809
-1
3810
91
3811
99
3812
159
3813
85
3814
-1
3815
160
3816
60
3817
66
3818
75
3819
-1
3820
36
3821
38
3822
67
3823
97
3824
-1
3825
149
3826
52
3827
86
3828
64
3829
-1
3830
68
3831
67
3832
62
3833
118
3834
-1
3835
116
3836
60
3837
8
3838
77
3839
-1
3840
77
3841
16
3842
39
3843
54
3844
-1
3845
97
3846
11
3847
50
3848
123
3849
-1
3850
96
3851
166
3852
37
3853
89
3854
-1
3855
115
3856
29
3857
164
3858
98
3859
-1
3860
70
3861
21
3862
168
3863
170
3864
-1
3865
171
3866
33
3867
58
3868
86
3869
-1
3870
28
3871
28
3872
25
3873
58
3874
-1
3875
160
3876
5
3877
41
3878
115
3879
-1
3880
41
3881
76
3882
88
3883
71
3884
-1
3885
81
3886
47
3887
18
3888
32
3889
-1
3890
72
3891
87
3892
153
3893
33
3894
-1
3895
109
3896
132
3897
32
3898
149
3899
-1
3900
17
3901
99
3902
129
3903
100
3904
-1
3905
130
3906
122
3907
156
3908
16
3909
-1
3910
84
3911
71
3912
149
3913
10
3914
-1
3915
9
3916
140
3917
112
3918
112
3919
-1
3920
100
3921
7
3922
51
3923
95
3924
-1
3925
168
3926
68
3927
66
3928
134
3929
-1
3930
173
3931
117
3932
40
3933
138
3934
-1
3935
21
3936
36
3937
151
3938
84
3939
-1
3940
152
3941
142
3942
87
3943
115
3944
-1
3945
61
3946
142
3947
85
3948
170
3949
-1
3950
116
3951
37
3952
19
3953
49
3954
-1
3955
167
3956
52
3957
17
3958
130
3959
-1
3960
13
3961
103
3962
23
3963
164
3964
-1
3965
66
3966
28
3967
151
3968
34
3969
-1
3970
91
3971
64
3972
99
3973
177
3974
-1
3975
155
3976
64
3977
149
3978
43
3979
-1
3980
135
3981
66
3982
99
3983
0
3984
-1
3985
35
3986
21
3987
16
3988
9
3989
-1
3990
51
3991
55
3992
54
3993
62
3994
-1
3995
31
3996
144
3997
64
3998
55
3999
-1
4000
6
4001
5
4002
35
4003
54
4004
-1
4005
174
4006
122
4007
104
4008
134
4009
-1
4010
159
4011
38
4012
170
4013
26
4014
-1
4015
16
4016
122
4017
131
4018
98
4019
-1
4020
92
4021
179
4022
163
4023
143
4024
-1
4025
118
4026
147
4027
133
4028
86
4029
-1
4030
64
4031
124
4032
160
4033
2
4034
-1
4035
130
4036
35
4037
28
4038
1
4039
-1
4040
37
4041
156
4042
23
4043
27
4044
-1
4045
145
4046
12
4047
124
4048
38
4049
-1
4050
27
4051
171
4052
17
4053
118
4054
-1
4055
80
4056
118
4057
138
4058
71
4059
-1
4060
26
4061
131
4062
112
4063
177
4064
-1
4065
66
4066
177
4067
134
4068
26
4069
-1
4070
25
4071
157
4072
142
4073
141
4074
-1
4075
32
4076
163
4077
122
4078
73
4079
-1
4080
95
4081
132
4082
13
4083
170
4084
-1
4085
55
4086
40
4087
101
4088
133
4089
-1
4090
58
4091
44
4092
166
4093
10
4094
-1
4095
77
4096
133
4097
51
4098
153
4099
-1
4100
175
4101
93
4102
62
4103
148
4104
-1
4105
132
4106
69
4107
141
4108
27
4109
-1
4110
165
4111
21
4112
72
4113
157
4114
-1
4115
113
4116
71
4117
155
4118
7
4119
-1
4120
80
4121
124
4122
51
4123
34
4124
-1
4125
98
4126
118
4127
98
4128
130
4129
-1
4130
162
4131
58
4132
67
4133
163
4134
-1
4135
13
4136
46
4137
118
4138
148
4139
-1
4140
6
4141
65
4142
18
4143
108
4144
-1
4145
39
4146
173
4147
13
4148
30
4149
-1
4150
14
4151
49
4152
68
4153
51
4154
-1
4155
161
4156
39
4157
148
4158
21
4159
-1
4160
70
4161
114
4162
98
4163
148
4164
-1
4165
39
4166
83
4167
123
4168
83
4169
-1
4170
65
4171
42
4172
44
4173
96
4174
-1
4175
47
4176
142
4177
158
4178
85
4179
-1
4180
68
4181
149
4182
29
4183
40
4184
-1
4185
129
4186
171
4187
99
4188
174
4189
-1
4190
171
4191
140
4192
100
4193
143
4194
-1
4195
24
4196
98
4197
168
4198
7
4199
-1
4200
58
4201
63
4202
91
4203
154
4204
-1
4205
4
4206
104
4207
125
4208
54
4209
-1
4210
7
4211
145
4212
115
4213
29
4214
-1
4215
140
4216
166
4217
155
4218
101
4219
-1
4220
133
4221
156
4222
132
4223
37
4224
-1
4225
43
4226
110
4227
96
4228
177
4229
-1
4230
15
4231
118
4232
85
4233
17
4234
-1
4235
75
4236
78
4237
121
4238
174
4239
-1
4240
92
4241
28
4242
172
4243
13
4244
-1
4245
134
4246
98
4247
4
4248
44
4249
-1
4250
96
4251
172
4252
54
4253
36
4254
-1
4255
164
4256
131
4257
162
4258
132
4259
-1
4260
94
4261
143
4262
114
4263
133
4264
-1
4265
178
4266
71
4267
41
4268
38
4269
-1
4270
50
4271
163
4272
1
4273
29
4274
-1
4275
68
4276
88
4277
116
4278
43
4279
-1
4280
131
4281
32
4282
147
4283
81
4284
-1
4285
68
4286
171
4287
173
4288
62
4289
-1
4290
72
4291
16
4292
15
4293
152
4294
-1
4295
17
4296
55
4297
164
4298
88
4299
-1
4300
150
4301
151
4302
12
4303
68
4304
-1
4305
104
4306
34
4307
9
4308
112
4309
-1
4310
163
4311
9
4312
88
4313
111
4314
-1
4315
118
4316
138
4317
96
4318
122
4319
-1
4320
94
4321
52
4322
19
4323
16
4324
-1
4325
81
4326
147
4327
154
4328
102
4329
-1
4330
5
4331
88
4332
65
4333
83
4334
-1
4335
177
4336
90
4337
11
4338
152
4339
-1
4340
108
4341
159
4342
42
4343
15
4344
-1
4345
127
4346
0
4347
61
4348
102
4349
-1
4350
38
4351
174
4352
54
4353
75
4354
-1
4355
125
4356
159
4357
99
4358
91
4359
-1
4360
155
4361
85
4362
88
4363
74
4364
-1
4365
56
4366
13
4367
17
4368
25
4369
-1
4370
167
4371
19
4372
35
4373
0
4374
-1
4375
48
4376
176
4377
46
4378
65
4379
-1
4380
84
4381
169
4382
95
4383
84
4384
-1
4385
88
4386
91
4387
73
4388
147
4389
-1
4390
167
4391
31
4392
102
4393
62
4394
-1
4395
126
4396
74
4397
66
4398
150
4399
-1
4400
10
4401
65
4402
37
4403
154
4404
-1
4405
76
4406
11
4407
123
4408
142
4409
-1
4410
77
4411
115
4412
104
4413
101
4414
-1
4415
125
4416
92
4417
86
4418
167
4419
-1
4420
134
4421
177
4422
43
4423
123
4424
-1
4425
136
4426
30
4427
166
4428
60
4429
-1
4430
113
4431
38
4432
14
4433
46
4434
-1
4435
118
4436
88
4437
30
4438
110
4439
-1
4440
58
4441
148
4442
102
4443
7
4444
-1
4445
108
4446
21
4447
124
4448
68
4449
-1
4450
12
4451
171
4452
127
4453
5
4454
-1
4455
173
4456
104
4457
37
4458
127
4459
-1
4460
111
4461
154
4462
84
4463
107
4464
-1
4465
7
4466
133
4467
111
4468
164
4469
-1
4470
62
4471
168
4472
39
4473
179
4474
-1
4475
146
4476
51
4477
25
4478
42
4479
-1
4480
104
4481
37
4482
179
4483
103
4484
-1
4485
77
4486
114
4487
128
4488
94
4489
-1
4490
103
4491
123
4492
97
4493
36
4494
-1
4495
5
4496
177
4497
147
4498
135
4499
-1
4500
40
4501
3
4502
40
4503
126
4504
-1
4505
117
4506
112
4507
114
4508
99
4509
-1
4510
61
4511
100
4512
179
4513
65
4514
-1
4515
91
4516
159
4517
15
4518
47
4519
-1
4520
22
4521
34
4522
31
4523
52
4524
-1
4525
134
4526
151
4527
88
4528
164
4529
-1
4530
128
4531
164
4532
11
4533
64
4534
-1
4535
45
4536
49
4537
29
4538
81
4539
-1
4540
55
4541
89
4542
167
4543
36
4544
-1
4545
95
4546
48
4547
149
4548
93
4549
-1
4550
172
4551
117
4552
153
4553
149
4554
-1
4555
83
4556
162
4557
57
4558
121
4559
-1
4560
12
4561
35
4562
94
4563
17
4564
-1
4565
25
4566
144
4567
111
4568
78
4569
-1
4570
72
4571
134
4572
75
4573
122
4574
-1
4575
175
4576
135
4577
110
4578
178
4579
-1
4580
12
4581
90
4582
25
4583
156
4584
-1
4585
14
4586
24
4587
75
4588
108
4589
-1
4590
155
4591
41
4592
9
4593
170
4594
-1
4595
11
4596
83
4597
121
4598
160
4599
-1
4600
39
4601
70
4602
60
4603
5
4604
-1
4605
79
4606
53
4607
155
4608
26
4609
-1
4610
148
4611
78
4612
115
4613
74
4614
-1
4615
55
4616
26
4617
43
4618
38
4619
-1
4620
116
4621
32
4622
171
4623
70
4624
-1
4625
77
4626
1
4627
162
4628
48
4629
-1
4630
55
4631
29
4632
128
4633
78
4634
-1
4635
121
4636
89
4637
59
4638
3
4639
-1
4640
79
4641
78
4642
129
4643
108
4644
-1
4645
69
4646
179
4647
109
4648
145
4649
-1
4650
39
4651
92
4652
92
4653
117
4654
-1
4655
84
4656
146
4657
154
4658
65
4659
-1
4660
154
4661
114
4662
115
4663
109
4664
-1
4665
38
4666
48
4667
28
4668
72
4669
-1
4670
163
4671
174
4672
119
4673
108
4674
-1
4675
96
4676
139
4677
39
4678
65
4679
-1
4680
104
4681
83
4682
75
4683
159
4684
-1
4685
49
4686
163
4687
9
4688
41
4689
-1
4690
142
4691
76
4692
170
4693
179
4694
-1
4695
81
4696
78
4697
15
4698
27
4699
-1
4700
89
4701
95
4702
159
4703
114
4704
-1
4705
117
4706
27
4707
35
4708
54
4709
-1
4710
109
4711
73
4712
138
4713
83
4714
-1
4715
118
4716
174
4717
116
4718
99
4719
-1
4720
39
4721
172
4722
143
4723
156
4724
-1
4725
111
4726
173
4727
103
4728
12
4729
-1
4730
75
4731
114
4732
5
4733
134
4734
-1
4735
32
4736
30
4737
114
4738
32
4739
-1
4740
136
4741
117
4742
43
4743
15
4744
-1
4745
94
4746
87
4747
70
4748
95
4749
-1
4750
49
4751
98
4752
88
4753
106
4754
-1
4755
100
4756
43
4757
62
4758
1
4759
-1
4760
23
4761
136
4762
124
4763
133
4764
-1
4765
136
4766
153
4767
81
4768
64
4769
-1
4770
179
4771
84
4772
0
4773
45
4774
-1
4775
108
4776
56
4777
109
4778
22
4779
-1
4780
34
4781
91
4782
46
4783
39
4784
-1
4785
148
4786
114
4787
1
4788
156
4789
-1
4790
93
4791
35
4792
65
4793
133
4794
-1
4795
21
4796
139
4797
154
4798
17
4799
-1
4800
177
4801
43
4802
77
4803
5
4804
-1
4805
73
4806
33
4807
177
4808
113
4809
-1
4810
61
4811
68
4812
104
4813
55
4814
-1
4815
8
4816
32
4817
46
4818
134
4819
-1
4820
8
4821
61
4822
94
4823
37
4824
-1
4825
51
4826
45
4827
12
4828
143
4829
-1
4830
25
4831
139
4832
101
4833
35
4834
-1
4835
35
4836
159
4837
18
4838
172
4839
-1
4840
112
4841
169
4842
165
4843
136
4844
-1
4845
46
4846
140
4847
27
4848
116
4849
-1
4850
138
4851
60
4852
139
4853
113
4854
-1
4855
62
4856
147
4857
101
4858
155
4859
-1
4860
55
4861
100
4862
142
4863
164
4864
-1
4865
128
4866
59
4867
22
4868
176
4869
-1
4870
122
4871
77
4872
96
4873
105
4874
-1
4875
133
4876
173
4877
151
4878
27
4879
-1
4880
87
4881
98
4882
18
4883
129
4884
-1
4885
1
4886
105
4887
139
4888
43
4889
-1
4890
153
4891
15
4892
47
4893
35
4894
-1
4895
6
4896
13
4897
9
4898
77
4899
-1
4900
38
4901
178
4902
24
4903
19
4904
-1
4905
169
4906
81
4907
140
4908
109
4909
-1
4910
2
4911
115
4912
22
4913
68
4914
-1
4915
5
4916
79
4917
49
4918
31
4919
-1
4920
146
4921
54
4922
110
4923
160
4924
-1
4925
40
4926
52
4927
158
4928
84
4929
-1
4930
119
4931
78
4932
163
4933
36
4934
-1
4935
103
4936
107
4937
92
4938
54
4939
-1
4940
86
4941
64
4942
174
4943
60
4944
-1
4945
40
4946
158
4947
171
4948
118
4949
-1
4950
167
4951
63
4952
42
4953
166
4954
-1
4955
91
4956
74
4957
112
4958
61
4959
-1
4960
149
4961
13
4962
80
4963
66
4964
-1
4965
71
4966
93
4967
8
4968
103
4969
-1
4970
158
4971
29
4972
8
4973
128
4974
-1
4975
142
4976
74
4977
118
4978
1
4979
-1
4980
62
4981
89
4982
83
4983
64
4984
-1
4985
76
4986
58
4987
50
4988
105
4989
-1
4990
156
4991
70
4992
91
4993
63
4994
-1
4995
140
4996
131
4997
137
4998
50
4999
-1
