********************************************************************************
The planted motif0 is:
GTATTCAAG
0
73
1
-1
2
68
3
-1
4
110
5
-1
6
112
7
-1
8
110
9
-1
10
133
11
-1
12
127
13
-1
14
28
15
-1
16
138
17
-1
18
41
19
-1
20
42
21
-1
22
73
23
-1
24
24
25
-1
26
42
27
-1
28
161
29
-1
30
133
31
-1
32
156
33
-1
34
148
35
-1
36
152
37
-1
38
51
39
-1
40
60
41
-1
42
39
43
-1
44
74
45
-1
46
135
47
-1
48
4
49
-1
50
40
51
-1
52
185
53
-1
54
165
55
-1
56
175
57
-1
58
108
59
-1
60
44
61
-1
62
123
63
-1
64
55
65
-1
66
141
67
-1
68
162
69
-1
70
64
71
-1
72
68
73
-1
74
38
75
-1
76
174
77
-1
78
35
79
-1
80
5
81
-1
82
148
83
-1
84
41
85
-1
86
146
87
-1
88
65
89
-1
90
125
91
-1
92
16
93
-1
94
150
95
-1
96
5
97
-1
98
146
99
-1
100
63
101
-1
102
80
103
-1
104
47
105
-1
106
166
107
-1
108
57
109
-1
110
176
111
-1
112
74
113
-1
114
153
115
-1
116
90
117
-1
118
26
119
-1
120
129
121
-1
122
20
123
-1
124
118
125
-1
126
128
127
-1
128
111
129
-1
130
59
131
-1
132
142
133
-1
134
141
135
-1
136
54
137
-1
138
106
139
-1
140
129
141
-1
142
102
143
-1
144
69
145
-1
146
70
147
-1
148
135
149
-1
150
152
151
-1
152
22
153
-1
154
131
155
-1
156
121
157
-1
158
133
159
-1
160
138
161
-1
162
130
163
-1
164
142
165
-1
166
37
167
-1
168
97
169
-1
170
172
171
-1
172
132
173
-1
174
18
175
-1
176
28
177
-1
178
51
179
-1
180
33
181
-1
182
113
183
-1
184
30
185
-1
186
18
187
-1
188
21
189
-1
190
187
191
-1
192
129
193
-1
194
7
195
-1
196
144
197
-1
198
69
199
-1
200
1
201
-1
202
11
203
-1
204
65
205
-1
206
35
207
-1
208
49
209
-1
210
12
211
-1
212
100
213
-1
214
25
215
-1
216
126
217
-1
218
150
219
-1
220
100
221
-1
222
76
223
-1
224
51
225
-1
226
99
227
-1
228
95
229
-1
230
20
231
-1
232
186
233
-1
234
51
235
-1
236
23
237
-1
238
188
239
-1
240
153
241
-1
242
152
243
-1
244
183
245
-1
246
41
247
-1
248
84
249
-1
250
19
251
-1
252
143
253
-1
254
85
255
-1
256
72
257
-1
258
93
259
-1
260
172
261
-1
262
63
263
-1
264
147
265
-1
266
134
267
-1
268
85
269
-1
270
8
271
-1
272
50
273
-1
274
124
275
-1
276
83
277
-1
278
85
279
-1
280
94
281
-1
282
34
283
-1
284
157
285
-1
286
12
287
-1
288
16
289
-1
290
91
291
-1
292
126
293
-1
294
140
295
-1
296
41
297
-1
298
104
299
-1
300
150
301
-1
302
38
303
-1
304
131
305
-1
306
67
307
-1
308
38
309
-1
310
132
311
-1
312
87
313
-1
314
159
315
-1
316
123
317
-1
318
162
319
-1
320
191
321
-1
322
161
323
-1
324
165
325
-1
326
107
327
-1
328
128
329
-1
330
15
331
-1
332
1
333
-1
334
85
335
-1
336
94
337
-1
338
144
339
-1
340
100
341
-1
342
12
343
-1
344
3
345
-1
346
185
347
-1
348
55
349
-1
350
20
351
-1
352
112
353
-1
354
7
355
-1
356
53
357
-1
358
142
359
-1
360
52
361
-1
362
182
363
-1
364
127
365
-1
366
183
367
-1
368
117
369
-1
370
152
371
-1
372
159
373
-1
374
16
375
-1
376
23
377
-1
378
89
379
-1
380
1
381
-1
382
99
383
-1
384
117
385
-1
386
170
387
-1
388
38
389
-1
390
35
391
-1
392
47
393
-1
394
58
395
-1
396
105
397
-1
398
19
399
-1
400
57
401
-1
402
132
403
-1
404
14
405
-1
406
93
407
-1
408
81
409
-1
410
69
411
-1
412
52
413
-1
414
140
415
-1
416
42
417
-1
418
127
419
-1
420
39
421
-1
422
34
423
-1
424
133
425
-1
426
143
427
-1
428
129
429
-1
430
140
431
-1
432
167
433
-1
434
102
435
-1
436
92
437
-1
438
154
439
-1
440
143
441
-1
442
175
443
-1
444
120
445
-1
446
86
447
-1
448
125
449
-1
450
68
451
-1
452
78
453
-1
454
116
455
-1
456
69
457
-1
458
118
459
-1
460
28
461
-1
462
74
463
-1
464
46
465
-1
466
170
467
-1
468
160
469
-1
470
152
471
-1
472
45
473
-1
474
8
475
-1
476
83
477
-1
478
90
479
-1
480
83
481
-1
482
115
483
-1
484
14
485
-1
486
44
487
-1
488
129
489
-1
490
34
491
-1
492
9
493
-1
494
35
495
-1
496
50
497
-1
498
79
499
-1
500
30
501
-1
502
161
503
-1
504
71
505
-1
506
169
507
-1
508
100
509
-1
510
72
511
-1
512
167
513
-1
514
140
515
-1
516
81
517
-1
518
77
519
-1
520
61
521
-1
522
16
523
-1
524
158
525
-1
526
111
527
-1
528
18
529
-1
530
8
531
-1
532
177
533
-1
534
165
535
-1
536
125
537
-1
538
0
539
-1
540
70
541
-1
542
72
543
-1
544
68
545
-1
546
147
547
-1
548
129
549
-1
550
7
551
-1
552
151
553
-1
554
103
555
-1
556
117
557
-1
558
45
559
-1
560
143
561
-1
562
72
563
-1
564
43
565
-1
566
189
567
-1
568
139
569
-1
570
123
571
-1
572
112
573
-1
574
17
575
-1
576
91
577
-1
578
129
579
-1
580
168
581
-1
582
90
583
-1
584
64
585
-1
586
58
587
-1
588
190
589
-1
590
172
591
-1
592
63
593
-1
594
63
595
-1
596
77
597
-1
598
131
599
-1
600
177
601
-1
602
116
603
-1
604
132
605
-1
606
75
607
-1
608
86
609
-1
610
39
611
-1
612
66
613
-1
614
98
615
-1
616
99
617
-1
618
78
619
-1
620
24
621
-1
622
191
623
-1
624
26
625
-1
626
32
627
-1
628
137
629
-1
630
165
631
-1
632
71
633
-1
634
61
635
-1
636
148
637
-1
638
131
639
-1
640
101
641
-1
642
41
643
-1
644
133
645
-1
646
28
647
-1
648
123
649
-1
650
131
651
-1
652
17
653
-1
654
129
655
-1
656
107
657
-1
658
6
659
-1
660
126
661
-1
662
12
663
-1
664
158
665
-1
666
20
667
-1
668
9
669
-1
670
28
671
-1
672
24
673
-1
674
68
675
-1
676
146
677
-1
678
143
679
-1
680
123
681
-1
682
23
683
-1
684
12
685
-1
686
99
687
-1
688
13
689
-1
690
115
691
-1
692
123
693
-1
694
175
695
-1
696
189
697
-1
698
108
699
-1
700
143
701
-1
702
127
703
-1
704
13
705
-1
706
170
707
-1
708
103
709
-1
710
20
711
-1
712
128
713
-1
714
100
715
-1
716
111
717
-1
718
173
719
-1
720
189
721
-1
722
63
723
-1
724
168
725
-1
726
3
727
-1
728
104
729
-1
730
17
731
-1
732
65
733
-1
734
123
735
-1
736
29
737
-1
738
144
739
-1
740
161
741
-1
742
15
743
-1
744
158
745
-1
746
57
747
-1
748
97
749
-1
750
3
751
-1
752
83
753
-1
754
30
755
-1
756
1
757
-1
758
115
759
-1
760
118
761
-1
762
27
763
-1
764
153
765
-1
766
22
767
-1
768
109
769
-1
770
118
771
-1
772
171
773
-1
774
173
775
-1
776
125
777
-1
778
118
779
-1
780
169
781
-1
782
95
783
-1
784
91
785
-1
786
11
787
-1
788
185
789
-1
790
95
791
-1
792
180
793
-1
794
128
795
-1
796
22
797
-1
798
141
799
-1
800
104
801
-1
802
160
803
-1
804
160
805
-1
806
7
807
-1
808
57
809
-1
810
55
811
-1
812
79
813
-1
814
32
815
-1
816
1
817
-1
818
97
819
-1
820
18
821
-1
822
60
823
-1
824
80
825
-1
826
101
827
-1
828
79
829
-1
830
159
831
-1
832
32
833
-1
834
12
835
-1
836
100
837
-1
838
26
839
-1
840
166
841
-1
842
154
843
-1
844
27
845
-1
846
100
847
-1
848
58
849
-1
850
77
851
-1
852
139
853
-1
854
16
855
-1
856
34
857
-1
858
167
859
-1
860
65
861
-1
862
156
863
-1
864
145
865
-1
866
53
867
-1
868
138
869
-1
870
0
871
-1
872
161
873
-1
874
93
875
-1
876
54
877
-1
878
177
879
-1
880
128
881
-1
882
37
883
-1
884
43
885
-1
886
135
887
-1
888
164
889
-1
890
128
891
-1
892
106
893
-1
894
127
895
-1
896
41
897
-1
898
38
899
-1
900
95
901
-1
902
120
903
-1
904
104
905
-1
906
60
907
-1
908
63
909
-1
910
176
911
-1
912
168
913
-1
914
182
915
-1
916
21
917
-1
918
141
919
-1
920
189
921
-1
922
0
923
-1
924
115
925
-1
926
142
927
-1
928
45
929
-1
930
162
931
-1
932
53
933
-1
934
164
935
-1
936
163
937
-1
938
44
939
-1
940
106
941
-1
942
144
943
-1
944
145
945
-1
946
127
947
-1
948
85
949
-1
950
141
951
-1
952
83
953
-1
954
57
955
-1
956
15
957
-1
958
12
959
-1
960
90
961
-1
962
163
963
-1
964
14
965
-1
966
112
967
-1
968
178
969
-1
970
64
971
-1
972
70
973
-1
974
10
975
-1
976
85
977
-1
978
94
979
-1
980
186
981
-1
982
66
983
-1
984
172
985
-1
986
126
987
-1
988
96
989
-1
990
80
991
-1
992
131
993
-1
994
96
995
-1
996
32
997
-1
998
133
999
-1
1000
7
1001
-1
1002
31
1003
-1
1004
87
1005
-1
1006
115
1007
-1
1008
99
1009
-1
1010
145
1011
-1
1012
43
1013
-1
1014
155
1015
-1
1016
19
1017
-1
1018
183
1019
-1
1020
119
1021
-1
1022
115
1023
-1
1024
69
1025
-1
1026
76
1027
-1
1028
22
1029
-1
1030
60
1031
-1
1032
150
1033
-1
1034
171
1035
-1
1036
36
1037
-1
1038
81
1039
-1
1040
49
1041
-1
1042
35
1043
-1
1044
10
1045
-1
1046
31
1047
-1
1048
71
1049
-1
1050
59
1051
-1
1052
92
1053
-1
1054
120
1055
-1
1056
186
1057
-1
1058
139
1059
-1
1060
89
1061
-1
1062
184
1063
-1
1064
112
1065
-1
1066
111
1067
-1
1068
130
1069
-1
1070
163
1071
-1
1072
111
1073
-1
1074
138
1075
-1
1076
146
1077
-1
1078
81
1079
-1
1080
170
1081
-1
1082
122
1083
-1
1084
151
1085
-1
1086
182
1087
-1
1088
120
1089
-1
1090
95
1091
-1
1092
116
1093
-1
1094
164
1095
-1
1096
53
1097
-1
1098
85
1099
-1
1100
24
1101
-1
1102
179
1103
-1
1104
73
1105
-1
1106
186
1107
-1
1108
18
1109
-1
1110
152
1111
-1
1112
177
1113
-1
1114
174
1115
-1
1116
17
1117
-1
1118
30
1119
-1
1120
101
1121
-1
1122
51
1123
-1
1124
107
1125
-1
1126
21
1127
-1
1128
109
1129
-1
1130
122
1131
-1
1132
151
1133
-1
1134
133
1135
-1
1136
176
1137
-1
1138
68
1139
-1
1140
134
1141
-1
1142
163
1143
-1
1144
99
1145
-1
1146
3
1147
-1
1148
65
1149
-1
1150
145
1151
-1
1152
27
1153
-1
1154
159
1155
-1
1156
20
1157
-1
1158
131
1159
-1
1160
61
1161
-1
1162
188
1163
-1
1164
175
1165
-1
1166
120
1167
-1
1168
153
1169
-1
1170
148
1171
-1
1172
159
1173
-1
1174
146
1175
-1
1176
185
1177
-1
1178
18
1179
-1
1180
157
1181
-1
1182
23
1183
-1
1184
123
1185
-1
1186
107
1187
-1
1188
17
1189
-1
1190
87
1191
-1
1192
53
1193
-1
1194
114
1195
-1
1196
75
1197
-1
1198
43
1199
-1
1200
156
1201
-1
1202
96
1203
-1
1204
70
1205
-1
1206
74
1207
-1
1208
62
1209
-1
1210
156
1211
-1
1212
92
1213
-1
1214
30
1215
-1
1216
85
1217
-1
1218
142
1219
-1
1220
71
1221
-1
1222
174
1223
-1
1224
53
1225
-1
1226
53
1227
-1
1228
36
1229
-1
1230
69
1231
-1
1232
53
1233
-1
1234
83
1235
-1
1236
8
1237
-1
1238
116
1239
-1
1240
125
1241
-1
1242
0
1243
-1
1244
162
1245
-1
1246
93
1247
-1
1248
162
1249
-1
1250
15
1251
-1
1252
77
1253
-1
1254
65
1255
-1
1256
190
1257
-1
1258
0
1259
-1
1260
107
1261
-1
1262
44
1263
-1
1264
80
1265
-1
1266
145
1267
-1
1268
102
1269
-1
1270
187
1271
-1
1272
169
1273
-1
1274
169
1275
-1
1276
111
1277
-1
1278
29
1279
-1
1280
182
1281
-1
1282
33
1283
-1
1284
190
1285
-1
1286
40
1287
-1
1288
78
1289
-1
1290
50
1291
-1
1292
67
1293
-1
1294
152
1295
-1
1296
45
1297
-1
1298
161
1299
-1
1300
129
1301
-1
1302
179
1303
-1
1304
173
1305
-1
1306
23
1307
-1
1308
167
1309
-1
1310
99
1311
-1
1312
79
1313
-1
1314
3
1315
-1
1316
72
1317
-1
1318
156
1319
-1
1320
71
1321
-1
1322
58
1323
-1
1324
158
1325
-1
1326
103
1327
-1
1328
141
1329
-1
1330
0
1331
-1
1332
94
1333
-1
1334
118
1335
-1
1336
64
1337
-1
1338
177
1339
-1
1340
169
1341
-1
1342
66
1343
-1
1344
38
1345
-1
1346
23
1347
-1
1348
42
1349
-1
1350
79
1351
-1
1352
125
1353
-1
1354
6
1355
-1
1356
183
1357
-1
1358
139
1359
-1
1360
86
1361
-1
1362
180
1363
-1
1364
74
1365
-1
1366
83
1367
-1
1368
21
1369
-1
1370
18
1371
-1
1372
52
1373
-1
1374
159
1375
-1
1376
76
1377
-1
1378
116
1379
-1
1380
159
1381
-1
1382
21
1383
-1
1384
128
1385
-1
1386
124
1387
-1
1388
30
1389
-1
1390
53
1391
-1
1392
23
1393
-1
1394
185
1395
-1
1396
72
1397
-1
1398
16
1399
-1
1400
41
1401
-1
1402
147
1403
-1
1404
184
1405
-1
1406
65
1407
-1
1408
177
1409
-1
1410
41
1411
-1
1412
70
1413
-1
1414
83
1415
-1
1416
53
1417
-1
1418
55
1419
-1
1420
163
1421
-1
1422
126
1423
-1
1424
187
1425
-1
1426
178
1427
-1
1428
134
1429
-1
1430
99
1431
-1
1432
117
1433
-1
1434
48
1435
-1
1436
84
1437
-1
1438
165
1439
-1
1440
132
1441
-1
1442
94
1443
-1
1444
120
1445
-1
1446
163
1447
-1
1448
45
1449
-1
1450
121
1451
-1
1452
20
1453
-1
1454
13
1455
-1
1456
98
1457
-1
1458
185
1459
-1
1460
58
1461
-1
1462
79
1463
-1
1464
123
1465
-1
1466
109
1467
-1
1468
179
1469
-1
1470
97
1471
-1
1472
131
1473
-1
1474
78
1475
-1
1476
108
1477
-1
1478
133
1479
-1
1480
60
1481
-1
1482
131
1483
-1
1484
126
1485
-1
1486
56
1487
-1
1488
38
1489
-1
1490
94
1491
-1
1492
175
1493
-1
1494
67
1495
-1
1496
176
1497
-1
1498
133
1499
-1
1500
45
1501
-1
1502
169
1503
-1
1504
131
1505
-1
1506
16
1507
-1
1508
151
1509
-1
1510
70
1511
-1
1512
63
1513
-1
1514
34
1515
-1
1516
167
1517
-1
1518
47
1519
-1
1520
133
1521
-1
1522
79
1523
-1
1524
136
1525
-1
1526
104
1527
-1
1528
100
1529
-1
1530
63
1531
-1
1532
153
1533
-1
1534
114
1535
-1
1536
40
1537
-1
1538
184
1539
-1
1540
48
1541
-1
1542
187
1543
-1
1544
77
1545
-1
1546
19
1547
-1
1548
160
1549
-1
1550
68
1551
-1
1552
75
1553
-1
1554
165
1555
-1
1556
49
1557
-1
1558
17
1559
-1
1560
146
1561
-1
1562
142
1563
-1
1564
162
1565
-1
1566
97
1567
-1
1568
187
1569
-1
1570
131
1571
-1
1572
73
1573
-1
1574
164
1575
-1
1576
175
1577
-1
1578
82
1579
-1
1580
44
1581
-1
1582
184
1583
-1
1584
23
1585
-1
1586
81
1587
-1
1588
168
1589
-1
1590
18
1591
-1
1592
171
1593
-1
1594
176
1595
-1
1596
169
1597
-1
1598
83
1599
-1
1600
101
1601
-1
1602
146
1603
-1
1604
60
1605
-1
1606
40
1607
-1
1608
13
1609
-1
1610
156
1611
-1
1612
85
1613
-1
1614
179
1615
-1
1616
69
1617
-1
1618
101
1619
-1
1620
68
1621
-1
1622
47
1623
-1
1624
39
1625
-1
1626
86
1627
-1
1628
44
1629
-1
1630
139
1631
-1
1632
125
1633
-1
1634
78
1635
-1
1636
172
1637
-1
1638
154
1639
-1
1640
102
1641
-1
1642
16
1643
-1
1644
2
1645
-1
1646
22
1647
-1
1648
93
1649
-1
1650
114
1651
-1
1652
27
1653
-1
1654
83
1655
-1
1656
181
1657
-1
1658
149
1659
-1
1660
177
1661
-1
1662
111
1663
-1
1664
47
1665
-1
1666
158
1667
-1
1668
15
1669
-1
1670
11
1671
-1
1672
32
1673
-1
1674
91
1675
-1
1676
124
1677
-1
1678
124
1679
-1
1680
76
1681
-1
1682
88
1683
-1
1684
10
1685
-1
1686
57
1687
-1
1688
104
1689
-1
1690
142
1691
-1
1692
96
1693
-1
1694
6
1695
-1
1696
151
1697
-1
1698
47
1699
-1
1700
180
1701
-1
1702
64
1703
-1
1704
74
1705
-1
1706
118
1707
-1
1708
115
1709
-1
1710
13
1711
-1
1712
150
1713
-1
1714
45
1715
-1
1716
83
1717
-1
1718
77
1719
-1
1720
20
1721
-1
1722
13
1723
-1
1724
161
1725
-1
1726
98
1727
-1
1728
1
1729
-1
1730
115
1731
-1
1732
40
1733
-1
1734
124
1735
-1
1736
94
1737
-1
1738
180
1739
-1
1740
35
1741
-1
1742
17
1743
-1
1744
146
1745
-1
1746
31
1747
-1
1748
54
1749
-1
1750
8
1751
-1
1752
165
1753
-1
1754
128
1755
-1
1756
80
1757
-1
1758
135
1759
-1
1760
90
1761
-1
1762
107
1763
-1
1764
128
1765
-1
1766
126
1767
-1
1768
131
1769
-1
1770
163
1771
-1
1772
89
1773
-1
1774
189
1775
-1
1776
61
1777
-1
1778
115
1779
-1
1780
48
1781
-1
1782
108
1783
-1
1784
90
1785
-1
1786
172
1787
-1
1788
70
1789
-1
1790
4
1791
-1
1792
15
1793
-1
1794
141
1795
-1
1796
41
1797
-1
1798
66
1799
-1
1800
127
1801
-1
1802
155
1803
-1
1804
53
1805
-1
1806
132
1807
-1
1808
67
1809
-1
1810
186
1811
-1
1812
54
1813
-1
1814
138
1815
-1
1816
87
1817
-1
1818
38
1819
-1
1820
20
1821
-1
1822
150
1823
-1
1824
151
1825
-1
1826
6
1827
-1
1828
68
1829
-1
1830
13
1831
-1
1832
95
1833
-1
1834
56
1835
-1
1836
35
1837
-1
1838
171
1839
-1
1840
47
1841
-1
1842
169
1843
-1
1844
128
1845
-1
1846
47
1847
-1
1848
174
1849
-1
1850
180
1851
-1
1852
71
1853
-1
1854
84
1855
-1
1856
142
1857
-1
1858
152
1859
-1
1860
89
1861
-1
1862
171
1863
-1
1864
40
1865
-1
1866
175
1867
-1
1868
89
1869
-1
1870
83
1871
-1
1872
34
1873
-1
1874
156
1875
-1
1876
17
1877
-1
1878
187
1879
-1
1880
86
1881
-1
1882
2
1883
-1
1884
165
1885
-1
1886
21
1887
-1
1888
93
1889
-1
1890
191
1891
-1
1892
103
1893
-1
1894
105
1895
-1
1896
101
1897
-1
1898
60
1899
-1
1900
20
1901
-1
1902
62
1903
-1
1904
107
1905
-1
1906
41
1907
-1
1908
70
1909
-1
1910
48
1911
-1
1912
61
1913
-1
1914
125
1915
-1
1916
56
1917
-1
1918
132
1919
-1
1920
25
1921
-1
1922
67
1923
-1
1924
84
1925
-1
1926
114
1927
-1
1928
158
1929
-1
1930
162
1931
-1
1932
123
1933
-1
1934
109
1935
-1
1936
110
1937
-1
1938
22
1939
-1
1940
96
1941
-1
1942
165
1943
-1
1944
55
1945
-1
1946
3
1947
-1
1948
38
1949
-1
1950
190
1951
-1
1952
26
1953
-1
1954
37
1955
-1
1956
34
1957
-1
1958
34
1959
-1
1960
60
1961
-1
1962
31
1963
-1
1964
56
1965
-1
1966
106
1967
-1
1968
188
1969
-1
1970
117
1971
-1
1972
50
1973
-1
1974
126
1975
-1
1976
132
1977
-1
1978
86
1979
-1
1980
183
1981
-1
1982
71
1983
-1
1984
32
1985
-1
1986
97
1987
-1
1988
23
1989
-1
1990
47
1991
-1
1992
160
1993
-1
1994
42
1995
-1
1996
63
1997
-1
1998
103
1999
-1
2000
24
2001
-1
2002
6
2003
-1
2004
68
2005
-1
2006
141
2007
-1
2008
180
2009
-1
2010
156
2011
-1
2012
89
2013
-1
2014
70
2015
-1
2016
99
2017
-1
2018
152
2019
-1
2020
132
2021
-1
2022
26
2023
-1
2024
173
2025
-1
2026
62
2027
-1
2028
31
2029
-1
2030
35
2031
-1
2032
142
2033
-1
2034
88
2035
-1
2036
173
2037
-1
2038
115
2039
-1
2040
180
2041
-1
2042
3
2043
-1
2044
18
2045
-1
2046
113
2047
-1
2048
152
2049
-1
2050
118
2051
-1
2052
158
2053
-1
2054
185
2055
-1
2056
57
2057
-1
2058
47
2059
-1
2060
106
2061
-1
2062
77
2063
-1
2064
6
2065
-1
2066
97
2067
-1
2068
1
2069
-1
2070
1
2071
-1
2072
132
2073
-1
2074
126
2075
-1
2076
33
2077
-1
2078
188
2079
-1
2080
117
2081
-1
2082
81
2083
-1
2084
49
2085
-1
2086
84
2087
-1
2088
184
2089
-1
2090
45
2091
-1
2092
124
2093
-1
2094
25
2095
-1
2096
41
2097
-1
2098
85
2099
-1
2100
47
2101
-1
2102
175
2103
-1
2104
79
2105
-1
2106
118
2107
-1
2108
178
2109
-1
2110
138
2111
-1
2112
118
2113
-1
2114
149
2115
-1
2116
154
2117
-1
2118
90
2119
-1
2120
91
2121
-1
2122
141
2123
-1
2124
162
2125
-1
2126
139
2127
-1
2128
188
2129
-1
2130
118
2131
-1
2132
135
2133
-1
2134
36
2135
-1
2136
166
2137
-1
2138
83
2139
-1
2140
140
2141
-1
2142
67
2143
-1
2144
108
2145
-1
2146
4
2147
-1
2148
56
2149
-1
2150
124
2151
-1
2152
63
2153
-1
2154
85
2155
-1
2156
146
2157
-1
2158
122
2159
-1
2160
42
2161
-1
2162
94
2163
-1
2164
86
2165
-1
2166
142
2167
-1
2168
2
2169
-1
2170
185
2171
-1
2172
29
2173
-1
2174
154
2175
-1
2176
172
2177
-1
2178
91
2179
-1
2180
165
2181
-1
2182
105
2183
-1
2184
161
2185
-1
2186
56
2187
-1
2188
74
2189
-1
2190
10
2191
-1
2192
49
2193
-1
2194
85
2195
-1
2196
7
2197
-1
2198
125
2199
-1
2200
172
2201
-1
2202
148
2203
-1
2204
131
2205
-1
2206
51
2207
-1
2208
129
2209
-1
2210
119
2211
-1
2212
78
2213
-1
2214
92
2215
-1
2216
101
2217
-1
2218
91
2219
-1
2220
75
2221
-1
2222
142
2223
-1
2224
4
2225
-1
2226
27
2227
-1
2228
174
2229
-1
2230
44
2231
-1
2232
57
2233
-1
2234
150
2235
-1
2236
162
2237
-1
2238
191
2239
-1
2240
70
2241
-1
2242
84
2243
-1
2244
70
2245
-1
2246
160
2247
-1
2248
62
2249
-1
2250
47
2251
-1
2252
152
2253
-1
2254
7
2255
-1
2256
107
2257
-1
2258
91
2259
-1
2260
130
2261
-1
2262
22
2263
-1
2264
45
2265
-1
2266
29
2267
-1
2268
148
2269
-1
2270
65
2271
-1
2272
148
2273
-1
2274
88
2275
-1
2276
138
2277
-1
2278
115
2279
-1
2280
7
2281
-1
2282
133
2283
-1
2284
29
2285
-1
2286
48
2287
-1
2288
97
2289
-1
2290
40
2291
-1
2292
0
2293
-1
2294
6
2295
-1
2296
169
2297
-1
2298
181
2299
-1
2300
50
2301
-1
2302
46
2303
-1
2304
73
2305
-1
2306
0
2307
-1
2308
48
2309
-1
2310
8
2311
-1
2312
157
2313
-1
2314
138
2315
-1
2316
97
2317
-1
2318
84
2319
-1
2320
118
2321
-1
2322
123
2323
-1
2324
95
2325
-1
2326
93
2327
-1
2328
141
2329
-1
2330
61
2331
-1
2332
90
2333
-1
2334
100
2335
-1
2336
35
2337
-1
2338
143
2339
-1
2340
63
2341
-1
2342
18
2343
-1
2344
39
2345
-1
2346
12
2347
-1
2348
0
2349
-1
2350
191
2351
-1
2352
184
2353
-1
2354
63
2355
-1
2356
88
2357
-1
2358
79
2359
-1
2360
122
2361
-1
2362
39
2363
-1
2364
90
2365
-1
2366
36
2367
-1
2368
139
2369
-1
2370
165
2371
-1
2372
134
2373
-1
2374
131
2375
-1
2376
98
2377
-1
2378
191
2379
-1
2380
98
2381
-1
2382
124
2383
-1
2384
111
2385
-1
2386
98
2387
-1
2388
80
2389
-1
2390
53
2391
-1
2392
166
2393
-1
2394
98
2395
-1
2396
80
2397
-1
2398
87
2399
-1
2400
113
2401
-1
2402
17
2403
-1
2404
93
2405
-1
2406
43
2407
-1
2408
120
2409
-1
2410
45
2411
-1
2412
113
2413
-1
2414
161
2415
-1
2416
144
2417
-1
2418
37
2419
-1
2420
31
2421
-1
2422
154
2423
-1
2424
9
2425
-1
2426
185
2427
-1
2428
172
2429
-1
2430
171
2431
-1
2432
41
2433
-1
2434
94
2435
-1
2436
135
2437
-1
2438
182
2439
-1
2440
177
2441
-1
2442
53
2443
-1
2444
94
2445
-1
2446
19
2447
-1
2448
29
2449
-1
2450
28
2451
-1
2452
110
2453
-1
2454
146
2455
-1
2456
54
2457
-1
2458
126
2459
-1
2460
41
2461
-1
2462
44
2463
-1
2464
11
2465
-1
2466
29
2467
-1
2468
151
2469
-1
2470
55
2471
-1
2472
191
2473
-1
2474
131
2475
-1
2476
165
2477
-1
2478
22
2479
-1
2480
41
2481
-1
2482
183
2483
-1
2484
129
2485
-1
2486
52
2487
-1
2488
164
2489
-1
2490
148
2491
-1
2492
186
2493
-1
2494
31
2495
-1
2496
117
2497
-1
2498
96
2499
-1
2500
80
2501
-1
2502
8
2503
-1
2504
188
2505
-1
2506
171
2507
-1
2508
142
2509
-1
2510
10
2511
-1
2512
180
2513
-1
2514
171
2515
-1
2516
58
2517
-1
2518
129
2519
-1
2520
22
2521
-1
2522
144
2523
-1
2524
60
2525
-1
2526
104
2527
-1
2528
151
2529
-1
2530
142
2531
-1
2532
103
2533
-1
2534
19
2535
-1
2536
63
2537
-1
2538
178
2539
-1
2540
187
2541
-1
2542
102
2543
-1
2544
75
2545
-1
2546
169
2547
-1
2548
160
2549
-1
2550
174
2551
-1
2552
45
2553
-1
2554
145
2555
-1
2556
126
2557
-1
2558
7
2559
-1
2560
112
2561
-1
2562
140
2563
-1
2564
153
2565
-1
2566
28
2567
-1
2568
113
2569
-1
2570
121
2571
-1
2572
107
2573
-1
2574
61
2575
-1
2576
179
2577
-1
2578
179
2579
-1
2580
159
2581
-1
2582
13
2583
-1
2584
66
2585
-1
2586
37
2587
-1
2588
39
2589
-1
2590
77
2591
-1
2592
147
2593
-1
2594
35
2595
-1
2596
32
2597
-1
2598
97
2599
-1
2600
38
2601
-1
2602
182
2603
-1
2604
145
2605
-1
2606
29
2607
-1
2608
74
2609
-1
2610
25
2611
-1
2612
14
2613
-1
2614
167
2615
-1
2616
64
2617
-1
2618
56
2619
-1
2620
150
2621
-1
2622
89
2623
-1
2624
110
2625
-1
2626
83
2627
-1
2628
76
2629
-1
2630
55
2631
-1
2632
78
2633
-1
2634
120
2635
-1
2636
114
2637
-1
2638
48
2639
-1
2640
49
2641
-1
2642
105
2643
-1
2644
58
2645
-1
2646
174
2647
-1
2648
18
2649
-1
2650
176
2651
-1
2652
67
2653
-1
2654
88
2655
-1
2656
6
2657
-1
2658
102
2659
-1
2660
47
2661
-1
2662
25
2663
-1
2664
121
2665
-1
2666
168
2667
-1
2668
108
2669
-1
2670
26
2671
-1
2672
175
2673
-1
2674
50
2675
-1
2676
134
2677
-1
2678
128
2679
-1
2680
116
2681
-1
2682
161
2683
-1
2684
91
2685
-1
2686
23
2687
-1
2688
174
2689
-1
2690
24
2691
-1
2692
13
2693
-1
2694
123
2695
-1
2696
173
2697
-1
2698
36
2699
-1
2700
93
2701
-1
2702
82
2703
-1
2704
44
2705
-1
2706
185
2707
-1
2708
48
2709
-1
2710
172
2711
-1
2712
20
2713
-1
2714
82
2715
-1
2716
162
2717
-1
2718
122
2719
-1
2720
100
2721
-1
2722
34
2723
-1
2724
182
2725
-1
2726
39
2727
-1
2728
142
2729
-1
2730
91
2731
-1
2732
134
2733
-1
2734
172
2735
-1
2736
140
2737
-1
2738
91
2739
-1
2740
17
2741
-1
2742
133
2743
-1
2744
186
2745
-1
2746
171
2747
-1
2748
133
2749
-1
2750
12
2751
-1
2752
166
2753
-1
2754
139
2755
-1
2756
83
2757
-1
2758
44
2759
-1
2760
101
2761
-1
2762
168
2763
-1
2764
78
2765
-1
2766
137
2767
-1
2768
129
2769
-1
2770
26
2771
-1
2772
140
2773
-1
2774
105
2775
-1
2776
1
2777
-1
2778
115
2779
-1
2780
168
2781
-1
2782
74
2783
-1
2784
157
2785
-1
2786
118
2787
-1
2788
140
2789
-1
2790
129
2791
-1
2792
89
2793
-1
2794
119
2795
-1
2796
42
2797
-1
2798
165
2799
-1
2800
43
2801
-1
2802
45
2803
-1
2804
131
2805
-1
2806
127
2807
-1
2808
61
2809
-1
2810
44
2811
-1
2812
55
2813
-1
2814
141
2815
-1
2816
62
2817
-1
2818
63
2819
-1
2820
75
2821
-1
2822
50
2823
-1
2824
65
2825
-1
2826
149
2827
-1
2828
102
2829
-1
2830
102
2831
-1
2832
129
2833
-1
2834
54
2835
-1
2836
175
2837
-1
2838
144
2839
-1
2840
184
2841
-1
2842
189
2843
-1
2844
54
2845
-1
2846
88
2847
-1
2848
131
2849
-1
2850
160
2851
-1
2852
187
2853
-1
2854
69
2855
-1
2856
184
2857
-1
2858
103
2859
-1
2860
44
2861
-1
2862
174
2863
-1
2864
133
2865
-1
2866
87
2867
-1
2868
83
2869
-1
2870
20
2871
-1
2872
76
2873
-1
2874
17
2875
-1
2876
6
2877
-1
2878
53
2879
-1
2880
165
2881
-1
2882
78
2883
-1
2884
12
2885
-1
2886
156
2887
-1
2888
137
2889
-1
2890
13
2891
-1
2892
134
2893
-1
2894
150
2895
-1
2896
87
2897
-1
2898
103
2899
-1
2900
97
2901
-1
2902
146
2903
-1
2904
112
2905
-1
2906
33
2907
-1
2908
160
2909
-1
2910
137
2911
-1
2912
106
2913
-1
2914
30
2915
-1
2916
49
2917
-1
2918
147
2919
-1
2920
20
2921
-1
2922
157
2923
-1
2924
153
2925
-1
2926
144
2927
-1
2928
97
2929
-1
2930
40
2931
-1
2932
3
2933
-1
2934
142
2935
-1
2936
103
2937
-1
2938
19
2939
-1
2940
169
2941
-1
2942
90
2943
-1
2944
79
2945
-1
2946
177
2947
-1
2948
133
2949
-1
2950
29
2951
-1
2952
51
2953
-1
2954
178
2955
-1
2956
116
2957
-1
2958
147
2959
-1
2960
160
2961
-1
2962
74
2963
-1
2964
68
2965
-1
2966
14
2967
-1
2968
60
2969
-1
2970
168
2971
-1
2972
132
2973
-1
2974
177
2975
-1
2976
130
2977
-1
2978
40
2979
-1
2980
1
2981
-1
2982
165
2983
-1
2984
23
2985
-1
2986
106
2987
-1
2988
51
2989
-1
2990
122
2991
-1
2992
175
2993
-1
2994
19
2995
-1
2996
18
2997
-1
2998
13
2999
-1
3000
47
3001
-1
3002
183
3003
-1
3004
19
3005
-1
3006
126
3007
-1
3008
104
3009
-1
3010
168
3011
-1
3012
106
3013
-1
3014
136
3015
-1
3016
32
3017
-1
3018
153
3019
-1
3020
35
3021
-1
3022
63
3023
-1
3024
144
3025
-1
3026
42
3027
-1
3028
71
3029
-1
3030
78
3031
-1
3032
93
3033
-1
3034
42
3035
-1
3036
121
3037
-1
3038
163
3039
-1
3040
99
3041
-1
3042
130
3043
-1
3044
173
3045
-1
3046
180
3047
-1
3048
160
3049
-1
3050
85
3051
-1
3052
82
3053
-1
3054
137
3055
-1
3056
117
3057
-1
3058
21
3059
-1
3060
43
3061
-1
3062
49
3063
-1
3064
187
3065
-1
3066
65
3067
-1
3068
184
3069
-1
3070
151
3071
-1
3072
83
3073
-1
3074
103
3075
-1
3076
30
3077
-1
3078
7
3079
-1
3080
121
3081
-1
3082
27
3083
-1
3084
155
3085
-1
3086
12
3087
-1
3088
76
3089
-1
3090
6
3091
-1
3092
76
3093
-1
3094
129
3095
-1
3096
182
3097
-1
3098
96
3099
-1
3100
33
3101
-1
3102
26
3103
-1
3104
36
3105
-1
3106
45
3107
-1
3108
159
3109
-1
3110
190
3111
-1
3112
125
3113
-1
3114
74
3115
-1
3116
110
3117
-1
3118
91
3119
-1
3120
106
3121
-1
3122
83
3123
-1
3124
9
3125
-1
3126
29
3127
-1
3128
174
3129
-1
3130
73
3131
-1
3132
75
3133
-1
3134
112
3135
-1
3136
101
3137
-1
3138
153
3139
-1
3140
118
3141
-1
3142
150
3143
-1
3144
56
3145
-1
3146
19
3147
-1
3148
81
3149
-1
3150
34
3151
-1
3152
102
3153
-1
3154
138
3155
-1
3156
162
3157
-1
3158
26
3159
-1
3160
39
3161
-1
3162
66
3163
-1
3164
171
3165
-1
3166
21
3167
-1
3168
34
3169
-1
3170
167
3171
-1
3172
57
3173
-1
3174
29
3175
-1
3176
43
3177
-1
3178
26
3179
-1
3180
5
3181
-1
3182
122
3183
-1
3184
46
3185
-1
3186
94
3187
-1
3188
150
3189
-1
3190
128
3191
-1
3192
64
3193
-1
3194
155
3195
-1
3196
14
3197
-1
3198
7
3199
-1
3200
125
3201
-1
3202
156
3203
-1
3204
183
3205
-1
3206
79
3207
-1
3208
91
3209
-1
3210
154
3211
-1
3212
39
3213
-1
3214
17
3215
-1
3216
101
3217
-1
3218
86
3219
-1
3220
148
3221
-1
3222
7
3223
-1
3224
143
3225
-1
3226
162
3227
-1
3228
142
3229
-1
3230
65
3231
-1
3232
91
3233
-1
3234
31
3235
-1
3236
63
3237
-1
3238
63
3239
-1
3240
184
3241
-1
3242
131
3243
-1
3244
143
3245
-1
3246
70
3247
-1
3248
139
3249
-1
3250
67
3251
-1
3252
22
3253
-1
3254
43
3255
-1
3256
165
3257
-1
3258
74
3259
-1
3260
38
3261
-1
3262
136
3263
-1
3264
86
3265
-1
3266
19
3267
-1
3268
130
3269
-1
3270
107
3271
-1
3272
73
3273
-1
3274
108
3275
-1
3276
1
3277
-1
3278
5
3279
-1
3280
7
3281
-1
3282
101
3283
-1
3284
161
3285
-1
3286
166
3287
-1
3288
49
3289
-1
3290
129
3291
-1
3292
185
3293
-1
3294
144
3295
-1
3296
23
3297
-1
3298
50
3299
-1
3300
34
3301
-1
3302
191
3303
-1
3304
76
3305
-1
3306
141
3307
-1
3308
179
3309
-1
3310
131
3311
-1
3312
36
3313
-1
3314
143
3315
-1
3316
172
3317
-1
3318
115
3319
-1
3320
92
3321
-1
3322
69
3323
-1
3324
70
3325
-1
3326
153
3327
-1
3328
134
3329
-1
3330
84
3331
-1
3332
87
3333
-1
3334
140
3335
-1
3336
120
3337
-1
3338
7
3339
-1
3340
58
3341
-1
3342
13
3343
-1
3344
191
3345
-1
3346
171
3347
-1
3348
148
3349
-1
3350
122
3351
-1
3352
100
3353
-1
3354
26
3355
-1
3356
109
3357
-1
3358
74
3359
-1
3360
87
3361
-1
3362
107
3363
-1
3364
121
3365
-1
3366
172
3367
-1
3368
112
3369
-1
3370
127
3371
-1
3372
190
3373
-1
3374
75
3375
-1
3376
134
3377
-1
3378
57
3379
-1
3380
84
3381
-1
3382
140
3383
-1
3384
152
3385
-1
3386
18
3387
-1
3388
83
3389
-1
3390
97
3391
-1
3392
89
3393
-1
3394
108
3395
-1
3396
7
3397
-1
3398
138
3399
-1
3400
179
3401
-1
3402
186
3403
-1
3404
1
3405
-1
3406
166
3407
-1
3408
121
3409
-1
3410
29
3411
-1
3412
191
3413
-1
3414
168
3415
-1
3416
141
3417
-1
3418
58
3419
-1
3420
152
3421
-1
3422
30
3423
-1
3424
138
3425
-1
3426
122
3427
-1
3428
145
3429
-1
3430
125
3431
-1
3432
147
3433
-1
3434
154
3435
-1
3436
86
3437
-1
3438
27
3439
-1
3440
43
3441
-1
3442
2
3443
-1
3444
43
3445
-1
3446
100
3447
-1
3448
57
3449
-1
3450
56
3451
-1
3452
66
3453
-1
3454
42
3455
-1
3456
95
3457
-1
3458
166
3459
-1
3460
130
3461
-1
3462
177
3463
-1
3464
180
3465
-1
3466
25
3467
-1
3468
115
3469
-1
3470
0
3471
-1
3472
63
3473
-1
3474
24
3475
-1
3476
21
3477
-1
3478
24
3479
-1
3480
61
3481
-1
3482
183
3483
-1
3484
141
3485
-1
3486
44
3487
-1
3488
97
3489
-1
3490
100
3491
-1
3492
158
3493
-1
3494
103
3495
-1
3496
116
3497
-1
3498
5
3499
-1
3500
45
3501
-1
3502
118
3503
-1
3504
158
3505
-1
3506
155
3507
-1
3508
95
3509
-1
3510
130
3511
-1
3512
59
3513
-1
3514
188
3515
-1
3516
12
3517
-1
3518
117
3519
-1
3520
105
3521
-1
3522
87
3523
-1
3524
104
3525
-1
3526
55
3527
-1
3528
187
3529
-1
3530
71
3531
-1
3532
129
3533
-1
3534
87
3535
-1
3536
88
3537
-1
3538
83
3539
-1
3540
58
3541
-1
3542
158
3543
-1
3544
110
3545
-1
3546
26
3547
-1
3548
156
3549
-1
3550
116
3551
-1
3552
80
3553
-1
3554
108
3555
-1
3556
150
3557
-1
3558
172
3559
-1
3560
84
3561
-1
3562
169
3563
-1
3564
94
3565
-1
3566
131
3567
-1
3568
159
3569
-1
3570
88
3571
-1
3572
79
3573
-1
3574
45
3575
-1
3576
36
3577
-1
3578
160
3579
-1
3580
16
3581
-1
3582
169
3583
-1
3584
56
3585
-1
3586
24
3587
-1
3588
144
3589
-1
3590
141
3591
-1
3592
149
3593
-1
3594
71
3595
-1
3596
24
3597
-1
3598
134
3599
-1
3600
28
3601
-1
3602
64
3603
-1
3604
179
3605
-1
3606
123
3607
-1
3608
156
3609
-1
3610
30
3611
-1
3612
7
3613
-1
3614
172
3615
-1
3616
113
3617
-1
3618
113
3619
-1
3620
136
3621
-1
3622
42
3623
-1
3624
150
3625
-1
3626
136
3627
-1
3628
107
3629
-1
3630
91
3631
-1
3632
98
3633
-1
3634
46
3635
-1
3636
31
3637
-1
3638
7
3639
-1
3640
94
3641
-1
3642
124
3643
-1
3644
4
3645
-1
3646
63
3647
-1
3648
185
3649
-1
3650
108
3651
-1
3652
103
3653
-1
3654
184
3655
-1
3656
159
3657
-1
3658
175
3659
-1
3660
10
3661
-1
3662
26
3663
-1
3664
141
3665
-1
3666
146
3667
-1
3668
141
3669
-1
3670
22
3671
-1
3672
169
3673
-1
3674
36
3675
-1
3676
160
3677
-1
3678
10
3679
-1
3680
17
3681
-1
3682
139
3683
-1
3684
31
3685
-1
3686
122
3687
-1
3688
179
3689
-1
3690
3
3691
-1
3692
180
3693
-1
3694
88
3695
-1
3696
37
3697
-1
3698
44
3699
-1
3700
7
3701
-1
3702
100
3703
-1
3704
33
3705
-1
3706
41
3707
-1
3708
110
3709
-1
3710
75
3711
-1
3712
56
3713
-1
3714
155
3715
-1
3716
66
3717
-1
3718
157
3719
-1
3720
11
3721
-1
3722
160
3723
-1
3724
83
3725
-1
3726
57
3727
-1
3728
147
3729
-1
3730
37
3731
-1
3732
108
3733
-1
3734
135
3735
-1
3736
81
3737
-1
3738
92
3739
-1
3740
28
3741
-1
3742
101
3743
-1
3744
55
3745
-1
3746
88
3747
-1
3748
127
3749
-1
3750
103
3751
-1
3752
180
3753
-1
3754
128
3755
-1
3756
169
3757
-1
3758
24
3759
-1
3760
38
3761
-1
3762
175
3763
-1
3764
123
3765
-1
3766
180
3767
-1
3768
110
3769
-1
3770
190
3771
-1
3772
154
3773
-1
3774
130
3775
-1
3776
19
3777
-1
3778
24
3779
-1
3780
116
3781
-1
3782
67
3783
-1
3784
134
3785
-1
3786
165
3787
-1
3788
58
3789
-1
3790
131
3791
-1
3792
175
3793
-1
3794
11
3795
-1
3796
162
3797
-1
3798
53
3799
-1
3800
103
3801
-1
3802
110
3803
-1
3804
33
3805
-1
3806
110
3807
-1
3808
65
3809
-1
3810
32
3811
-1
3812
107
3813
-1
3814
13
3815
-1
3816
3
3817
-1
3818
176
3819
-1
3820
97
3821
-1
3822
68
3823
-1
3824
9
3825
-1
3826
163
3827
-1
3828
190
3829
-1
3830
53
3831
-1
3832
124
3833
-1
3834
0
3835
-1
3836
163
3837
-1
3838
17
3839
-1
3840
51
3841
-1
3842
130
3843
-1
3844
84
3845
-1
3846
12
3847
-1
3848
104
3849
-1
3850
153
3851
-1
3852
156
3853
-1
3854
118
3855
-1
3856
144
3857
-1
3858
72
3859
-1
3860
135
3861
-1
3862
175
3863
-1
3864
25
3865
-1
3866
69
3867
-1
3868
5
3869
-1
3870
90
3871
-1
3872
80
3873
-1
3874
17
3875
-1
3876
13
3877
-1
3878
114
3879
-1
3880
61
3881
-1
3882
131
3883
-1
3884
109
3885
-1
3886
103
3887
-1
3888
51
3889
-1
3890
113
3891
-1
3892
66
3893
-1
3894
80
3895
-1
3896
20
3897
-1
3898
101
3899
-1
3900
90
3901
-1
3902
35
3903
-1
3904
79
3905
-1
3906
40
3907
-1
3908
63
3909
-1
3910
40
3911
-1
3912
185
3913
-1
3914
59
3915
-1
3916
118
3917
-1
3918
14
3919
-1
3920
178
3921
-1
3922
40
3923
-1
3924
57
3925
-1
3926
114
3927
-1
3928
144
3929
-1
3930
65
3931
-1
3932
24
3933
-1
3934
89
3935
-1
3936
20
3937
-1
3938
179
3939
-1
3940
164
3941
-1
3942
160
3943
-1
3944
83
3945
-1
3946
107
3947
-1
3948
105
3949
-1
3950
74
3951
-1
3952
69
3953
-1
3954
57
3955
-1
3956
33
3957
-1
3958
112
3959
-1
3960
191
3961
-1
3962
153
3963
-1
3964
20
3965
-1
3966
136
3967
-1
3968
8
3969
-1
3970
137
3971
-1
3972
34
3973
-1
3974
177
3975
-1
3976
183
3977
-1
3978
66
3979
-1
3980
150
3981
-1
3982
31
3983
-1
3984
35
3985
-1
3986
131
3987
-1
3988
84
3989
-1
3990
30
3991
-1
3992
139
3993
-1
3994
47
3995
-1
3996
14
3997
-1
3998
42
3999
-1
4000
157
4001
-1
4002
100
4003
-1
4004
163
4005
-1
4006
93
4007
-1
4008
140
4009
-1
4010
52
4011
-1
4012
156
4013
-1
4014
85
4015
-1
4016
18
4017
-1
4018
131
4019
-1
4020
167
4021
-1
4022
119
4023
-1
4024
162
4025
-1
4026
127
4027
-1
4028
159
4029
-1
4030
184
4031
-1
4032
56
4033
-1
4034
77
4035
-1
4036
181
4037
-1
4038
81
4039
-1
4040
157
4041
-1
4042
114
4043
-1
4044
160
4045
-1
4046
28
4047
-1
4048
66
4049
-1
4050
47
4051
-1
4052
163
4053
-1
4054
31
4055
-1
4056
82
4057
-1
4058
186
4059
-1
4060
155
4061
-1
4062
121
4063
-1
4064
97
4065
-1
4066
48
4067
-1
4068
71
4069
-1
4070
172
4071
-1
4072
176
4073
-1
4074
136
4075
-1
4076
83
4077
-1
4078
171
4079
-1
4080
44
4081
-1
4082
9
4083
-1
4084
122
4085
-1
4086
112
4087
-1
4088
114
4089
-1
4090
76
4091
-1
4092
124
4093
-1
4094
148
4095
-1
4096
190
4097
-1
4098
156
4099
-1
4100
35
4101
-1
4102
46
4103
-1
4104
54
4105
-1
4106
120
4107
-1
4108
158
4109
-1
4110
168
4111
-1
4112
1
4113
-1
4114
5
4115
-1
4116
60
4117
-1
4118
117
4119
-1
4120
33
4121
-1
4122
168
4123
-1
4124
58
4125
-1
4126
67
4127
-1
4128
62
4129
-1
4130
110
4131
-1
4132
138
4133
-1
4134
190
4135
-1
4136
50
4137
-1
4138
189
4139
-1
4140
52
4141
-1
4142
181
4143
-1
4144
21
4145
-1
4146
169
4147
-1
4148
84
4149
-1
4150
82
4151
-1
4152
55
4153
-1
4154
90
4155
-1
4156
184
4157
-1
4158
39
4159
-1
4160
71
4161
-1
4162
19
4163
-1
4164
122
4165
-1
4166
141
4167
-1
4168
135
4169
-1
4170
55
4171
-1
4172
172
4173
-1
4174
191
4175
-1
4176
184
4177
-1
4178
120
4179
-1
4180
4
4181
-1
4182
136
4183
-1
4184
72
4185
-1
4186
162
4187
-1
4188
98
4189
-1
4190
20
4191
-1
4192
119
4193
-1
4194
126
4195
-1
4196
145
4197
-1
4198
123
4199
-1
4200
1
4201
-1
4202
170
4203
-1
4204
161
4205
-1
4206
10
4207
-1
4208
22
4209
-1
4210
58
4211
-1
4212
45
4213
-1
4214
35
4215
-1
4216
150
4217
-1
4218
95
4219
-1
4220
128
4221
-1
4222
3
4223
-1
4224
24
4225
-1
4226
138
4227
-1
4228
13
4229
-1
4230
144
4231
-1
4232
9
4233
-1
4234
135
4235
-1
4236
158
4237
-1
4238
81
4239
-1
4240
62
4241
-1
4242
145
4243
-1
4244
49
4245
-1
4246
113
4247
-1
4248
184
4249
-1
4250
67
4251
-1
4252
76
4253
-1
4254
140
4255
-1
4256
110
4257
-1
4258
171
4259
-1
4260
24
4261
-1
4262
102
4263
-1
4264
51
4265
-1
4266
183
4267
-1
4268
36
4269
-1
4270
115
4271
-1
4272
14
4273
-1
4274
36
4275
-1
4276
84
4277
-1
4278
105
4279
-1
4280
173
4281
-1
4282
3
4283
-1
4284
3
4285
-1
4286
136
4287
-1
4288
88
4289
-1
4290
140
4291
-1
4292
16
4293
-1
4294
34
4295
-1
4296
123
4297
-1
4298
108
4299
-1
4300
148
4301
-1
4302
132
4303
-1
4304
154
4305
-1
4306
58
4307
-1
4308
89
4309
-1
4310
21
4311
-1
4312
94
4313
-1
4314
54
4315
-1
4316
188
4317
-1
4318
34
4319
-1
4320
82
4321
-1
4322
103
4323
-1
4324
130
4325
-1
4326
126
4327
-1
4328
21
4329
-1
4330
149
4331
-1
4332
176
4333
-1
4334
93
4335
-1
4336
56
4337
-1
4338
98
4339
-1
4340
60
4341
-1
4342
90
4343
-1
4344
163
4345
-1
4346
33
4347
-1
4348
69
4349
-1
4350
175
4351
-1
4352
136
4353
-1
4354
58
4355
-1
4356
109
4357
-1
4358
144
4359
-1
4360
28
4361
-1
4362
95
4363
-1
4364
190
4365
-1
4366
74
4367
-1
4368
122
4369
-1
4370
23
4371
-1
4372
32
4373
-1
4374
56
4375
-1
4376
144
4377
-1
4378
38
4379
-1
4380
45
4381
-1
4382
115
4383
-1
4384
129
4385
-1
4386
128
4387
-1
4388
54
4389
-1
4390
108
4391
-1
4392
162
4393
-1
4394
31
4395
-1
4396
154
4397
-1
4398
149
4399
-1
4400
28
4401
-1
4402
127
4403
-1
4404
76
4405
-1
4406
18
4407
-1
4408
153
4409
-1
4410
190
4411
-1
4412
3
4413
-1
4414
185
4415
-1
4416
69
4417
-1
4418
184
4419
-1
4420
18
4421
-1
4422
51
4423
-1
4424
153
4425
-1
4426
132
4427
-1
4428
65
4429
-1
4430
122
4431
-1
4432
43
4433
-1
4434
39
4435
-1
4436
117
4437
-1
4438
69
4439
-1
4440
106
4441
-1
4442
67
4443
-1
4444
177
4445
-1
4446
113
4447
-1
4448
156
4449
-1
4450
127
4451
-1
4452
76
4453
-1
4454
89
4455
-1
4456
171
4457
-1
4458
125
4459
-1
4460
158
4461
-1
4462
24
4463
-1
4464
167
4465
-1
4466
178
4467
-1
4468
15
4469
-1
4470
112
4471
-1
4472
178
4473
-1
4474
58
4475
-1
4476
73
4477
-1
4478
157
4479
-1
4480
71
4481
-1
4482
166
4483
-1
4484
86
4485
-1
4486
183
4487
-1
4488
62
4489
-1
4490
97
4491
-1
4492
106
4493
-1
4494
79
4495
-1
4496
173
4497
-1
4498
6
4499
-1
4500
105
4501
-1
4502
187
4503
-1
4504
188
4505
-1
4506
157
4507
-1
4508
34
4509
-1
4510
39
4511
-1
4512
24
4513
-1
4514
113
4515
-1
4516
2
4517
-1
4518
107
4519
-1
4520
56
4521
-1
4522
84
4523
-1
4524
178
4525
-1
4526
125
4527
-1
4528
106
4529
-1
4530
83
4531
-1
4532
179
4533
-1
4534
141
4535
-1
4536
77
4537
-1
4538
181
4539
-1
4540
168
4541
-1
4542
107
4543
-1
4544
47
4545
-1
4546
69
4547
-1
4548
185
4549
-1
4550
58
4551
-1
4552
8
4553
-1
4554
69
4555
-1
4556
26
4557
-1
4558
27
4559
-1
4560
135
4561
-1
4562
42
4563
-1
4564
21
4565
-1
4566
168
4567
-1
4568
135
4569
-1
4570
141
4571
-1
4572
155
4573
-1
4574
79
4575
-1
4576
62
4577
-1
4578
11
4579
-1
4580
74
4581
-1
4582
156
4583
-1
4584
57
4585
-1
4586
19
4587
-1
4588
180
4589
-1
4590
92
4591
-1
4592
106
4593
-1
4594
90
4595
-1
4596
143
4597
-1
4598
72
4599
-1
4600
188
4601
-1
4602
158
4603
-1
4604
26
4605
-1
4606
119
4607
-1
4608
156
4609
-1
4610
146
4611
-1
4612
11
4613
-1
4614
82
4615
-1
4616
160
4617
-1
4618
103
4619
-1
4620
21
4621
-1
4622
55
4623
-1
4624
139
4625
-1
4626
6
4627
-1
4628
25
4629
-1
4630
55
4631
-1
4632
146
4633
-1
4634
23
4635
-1
4636
7
4637
-1
4638
5
4639
-1
4640
96
4641
-1
4642
176
4643
-1
4644
111
4645
-1
4646
25
4647
-1
4648
150
4649
-1
4650
190
4651
-1
4652
2
4653
-1
4654
89
4655
-1
4656
50
4657
-1
4658
37
4659
-1
4660
2
4661
-1
4662
50
4663
-1
4664
60
4665
-1
4666
102
4667
-1
4668
122
4669
-1
4670
128
4671
-1
4672
89
4673
-1
4674
185
4675
-1
4676
32
4677
-1
4678
80
4679
-1
4680
60
4681
-1
4682
124
4683
-1
4684
71
4685
-1
4686
156
4687
-1
4688
99
4689
-1
4690
184
4691
-1
4692
33
4693
-1
4694
157
4695
-1
4696
165
4697
-1
4698
66
4699
-1
4700
95
4701
-1
4702
52
4703
-1
4704
48
4705
-1
4706
137
4707
-1
4708
106
4709
-1
4710
98
4711
-1
4712
58
4713
-1
4714
89
4715
-1
4716
147
4717
-1
4718
189
4719
-1
4720
47
4721
-1
4722
136
4723
-1
4724
30
4725
-1
4726
103
4727
-1
4728
57
4729
-1
4730
182
4731
-1
4732
0
4733
-1
4734
28
4735
-1
4736
163
4737
-1
4738
110
4739
-1
4740
129
4741
-1
4742
45
4743
-1
4744
39
4745
-1
4746
26
4747
-1
4748
151
4749
-1
4750
98
4751
-1
4752
95
4753
-1
4754
146
4755
-1
4756
67
4757
-1
4758
42
4759
-1
4760
57
4761
-1
4762
113
4763
-1
4764
66
4765
-1
4766
150
4767
-1
4768
178
4769
-1
4770
63
4771
-1
4772
60
4773
-1
4774
30
4775
-1
4776
14
4777
-1
4778
19
4779
-1
4780
140
4781
-1
4782
84
4783
-1
4784
22
4785
-1
4786
153
4787
-1
4788
146
4789
-1
4790
140
4791
-1
4792
179
4793
-1
4794
29
4795
-1
4796
54
4797
-1
4798
182
4799
-1
4800
62
4801
-1
4802
69
4803
-1
4804
172
4805
-1
4806
139
4807
-1
4808
118
4809
-1
4810
165
4811
-1
4812
148
4813
-1
4814
158
4815
-1
4816
63
4817
-1
4818
44
4819
-1
4820
81
4821
-1
4822
82
4823
-1
4824
103
4825
-1
4826
182
4827
-1
4828
103
4829
-1
4830
128
4831
-1
4832
56
4833
-1
4834
154
4835
-1
4836
131
4837
-1
4838
78
4839
-1
4840
42
4841
-1
4842
0
4843
-1
4844
39
4845
-1
4846
16
4847
-1
4848
138
4849
-1
4850
169
4851
-1
4852
98
4853
-1
4854
5
4855
-1
4856
0
4857
-1
4858
147
4859
-1
4860
45
4861
-1
4862
84
4863
-1
4864
110
4865
-1
4866
173
4867
-1
4868
161
4869
-1
4870
65
4871
-1
4872
10
4873
-1
4874
87
4875
-1
4876
17
4877
-1
4878
179
4879
-1
4880
75
4881
-1
4882
45
4883
-1
4884
46
4885
-1
4886
95
4887
-1
4888
144
4889
-1
4890
169
4891
-1
4892
85
4893
-1
4894
158
4895
-1
4896
35
4897
-1
4898
175
4899
-1
4900
160
4901
-1
4902
171
4903
-1
4904
185
4905
-1
4906
126
4907
-1
4908
40
4909
-1
4910
47
4911
-1
4912
20
4913
-1
4914
107
4915
-1
4916
63
4917
-1
4918
135
4919
-1
4920
154
4921
-1
4922
181
4923
-1
4924
86
4925
-1
4926
20
4927
-1
4928
175
4929
-1
4930
83
4931
-1
4932
135
4933
-1
4934
121
4935
-1
4936
111
4937
-1
4938
110
4939
-1
4940
108
4941
-1
4942
94
4943
-1
4944
89
4945
-1
4946
150
4947
-1
4948
129
4949
-1
4950
120
4951
-1
4952
101
4953
-1
4954
134
4955
-1
4956
75
4957
-1
4958
47
4959
-1
4960
124
4961
-1
4962
124
4963
-1
4964
79
4965
-1
4966
174
4967
-1
4968
43
4969
-1
4970
187
4971
-1
4972
54
4973
-1
4974
112
4975
-1
4976
85
4977
-1
4978
63
4979
-1
4980
57
4981
-1
4982
189
4983
-1
4984
49
4985
-1
4986
3
4987
-1
4988
185
4989
-1
4990
55
4991
-1
4992
139
4993
-1
4994
74
4995
-1
4996
84
4997
-1
4998
81
4999
-1
5000
161
5001
-1
5002
51
5003
-1
5004
173
5005
-1
5006
8
5007
-1
5008
147
5009
-1
5010
56
5011
-1
5012
146
5013
-1
5014
36
5015
-1
5016
174
5017
-1
5018
146
5019
-1
5020
84
5021
-1
5022
143
5023
-1
5024
9
5025
-1
5026
178
5027
-1
5028
155
5029
-1
5030
191
5031
-1
5032
173
5033
-1
5034
102
5035
-1
5036
124
5037
-1
5038
38
5039
-1
5040
116
5041
-1
5042
60
5043
-1
5044
187
5045
-1
5046
6
5047
-1
5048
52
5049
-1
5050
110
5051
-1
5052
124
5053
-1
5054
72
5055
-1
5056
85
5057
-1
5058
166
5059
-1
5060
163
5061
-1
5062
190
5063
-1
5064
61
5065
-1
5066
149
5067
-1
5068
9
5069
-1
5070
2
5071
-1
5072
57
5073
-1
5074
47
5075
-1
5076
160
5077
-1
5078
134
5079
-1
5080
36
5081
-1
5082
37
5083
-1
5084
87
5085
-1
5086
16
5087
-1
5088
21
5089
-1
5090
167
5091
-1
5092
40
5093
-1
5094
110
5095
-1
5096
182
5097
-1
5098
123
5099
-1
5100
128
5101
-1
5102
18
5103
-1
5104
55
5105
-1
5106
55
5107
-1
5108
6
5109
-1
5110
9
5111
-1
5112
46
5113
-1
5114
20
5115
-1
5116
54
5117
-1
5118
16
5119
-1
5120
55
5121
-1
5122
25
5123
-1
5124
70
5125
-1
5126
181
5127
-1
5128
43
5129
-1
5130
26
5131
-1
5132
91
5133
-1
5134
90
5135
-1
5136
175
5137
-1
5138
164
5139
-1
5140
47
5141
-1
5142
167
5143
-1
5144
88
5145
-1
5146
155
5147
-1
5148
43
5149
-1
5150
30
5151
-1
5152
187
5153
-1
5154
12
5155
-1
5156
119
5157
-1
5158
178
5159
-1
5160
100
5161
-1
5162
4
5163
-1
5164
58
5165
-1
5166
168
5167
-1
5168
17
5169
-1
5170
65
5171
-1
5172
89
5173
-1
5174
8
5175
-1
5176
105
5177
-1
5178
86
5179
-1
5180
22
5181
-1
5182
105
5183
-1
5184
122
5185
-1
5186
102
5187
-1
5188
114
5189
-1
5190
23
5191
-1
5192
148
5193
-1
5194
143
5195
-1
5196
159
5197
-1
5198
14
5199
-1
5200
141
5201
-1
5202
157
5203
-1
5204
126
5205
-1
5206
57
5207
-1
5208
147
5209
-1
5210
182
5211
-1
5212
169
5213
-1
5214
169
5215
-1
5216
125
5217
-1
5218
30
5219
-1
5220
159
5221
-1
5222
146
5223
-1
5224
141
5225
-1
5226
166
5227
-1
5228
111
5229
-1
5230
78
5231
-1
5232
146
5233
-1
5234
186
5235
-1
5236
112
5237
-1
5238
102
5239
-1
5240
27
5241
-1
5242
91
5243
-1
5244
183
5245
-1
5246
58
5247
-1
5248
89
5249
-1
5250
82
5251
-1
5252
85
5253
-1
5254
184
5255
-1
5256
50
5257
-1
5258
162
5259
-1
5260
86
5261
-1
5262
69
5263
-1
5264
90
5265
-1
5266
117
5267
-1
5268
165
5269
-1
5270
93
5271
-1
5272
43
5273
-1
5274
49
5275
-1
5276
36
5277
-1
5278
129
5279
-1
5280
19
5281
-1
5282
31
5283
-1
5284
43
5285
-1
5286
106
5287
-1
5288
154
5289
-1
5290
57
5291
-1
5292
7
5293
-1
5294
148
5295
-1
5296
143
5297
-1
5298
142
5299
-1
5300
163
5301
-1
5302
140
5303
-1
5304
53
5305
-1
5306
10
5307
-1
5308
150
5309
-1
5310
136
5311
-1
5312
65
5313
-1
5314
30
5315
-1
5316
185
5317
-1
5318
67
5319
-1
5320
47
5321
-1
5322
190
5323
-1
5324
150
5325
-1
5326
51
5327
-1
5328
74
5329
-1
5330
54
5331
-1
5332
188
5333
-1
5334
121
5335
-1
5336
150
5337
-1
5338
8
5339
-1
5340
92
5341
-1
5342
0
5343
-1
5344
148
5345
-1
5346
106
5347
-1
5348
67
5349
-1
5350
181
5351
-1
5352
53
5353
-1
5354
107
5355
-1
5356
124
5357
-1
5358
98
5359
-1
5360
72
5361
-1
5362
71
5363
-1
5364
191
5365
-1
5366
166
5367
-1
5368
154
5369
-1
5370
131
5371
-1
5372
61
5373
-1
5374
28
5375
-1
5376
38
5377
-1
5378
117
5379
-1
5380
140
5381
-1
5382
130
5383
-1
5384
71
5385
-1
5386
150
5387
-1
5388
125
5389
-1
5390
177
5391
-1
5392
156
5393
-1
5394
44
5395
-1
5396
90
5397
-1
5398
68
5399
-1
5400
117
5401
-1
5402
24
5403
-1
5404
6
5405
-1
5406
65
5407
-1
5408
72
5409
-1
5410
111
5411
-1
5412
78
5413
-1
5414
96
5415
-1
5416
148
5417
-1
5418
66
5419
-1
5420
140
5421
-1
5422
75
5423
-1
5424
0
5425
-1
5426
37
5427
-1
5428
32
5429
-1
5430
93
5431
-1
5432
113
5433
-1
5434
105
5435
-1
5436
50
5437
-1
5438
31
5439
-1
5440
112
5441
-1
5442
138
5443
-1
5444
80
5445
-1
5446
26
5447
-1
5448
91
5449
-1
5450
103
5451
-1
5452
116
5453
-1
5454
113
5455
-1
5456
71
5457
-1
5458
184
5459
-1
5460
172
5461
-1
5462
4
5463
-1
5464
134
5465
-1
5466
27
5467
-1
5468
185
5469
-1
5470
25
5471
-1
5472
190
5473
-1
5474
138
5475
-1
5476
150
5477
-1
5478
137
5479
-1
5480
43
5481
-1
5482
71
5483
-1
5484
32
5485
-1
5486
78
5487
-1
5488
48
5489
-1
5490
38
5491
-1
5492
106
5493
-1
5494
101
5495
-1
5496
56
5497
-1
5498
89
5499
-1
5500
169
5501
-1
5502
89
5503
-1
5504
8
5505
-1
5506
70
5507
-1
5508
82
5509
-1
5510
164
5511
-1
5512
11
5513
-1
5514
101
5515
-1
5516
78
5517
-1
5518
45
5519
-1
5520
99
5521
-1
5522
162
5523
-1
5524
88
5525
-1
5526
171
5527
-1
5528
93
5529
-1
5530
190
5531
-1
5532
130
5533
-1
5534
82
5535
-1
5536
156
5537
-1
5538
72
5539
-1
5540
78
5541
-1
5542
75
5543
-1
5544
120
5545
-1
5546
59
5547
-1
5548
72
5549
-1
5550
182
5551
-1
5552
70
5553
-1
5554
143
5555
-1
5556
133
5557
-1
5558
10
5559
-1
5560
66
5561
-1
5562
175
5563
-1
5564
10
5565
-1
5566
23
5567
-1
5568
120
5569
-1
5570
86
5571
-1
5572
137
5573
-1
5574
107
5575
-1
5576
82
5577
-1
5578
33
5579
-1
5580
134
5581
-1
5582
86
5583
-1
5584
145
5585
-1
5586
51
5587
-1
5588
158
5589
-1
5590
181
5591
-1
5592
191
5593
-1
5594
50
5595
-1
5596
101
5597
-1
5598
163
5599
-1
5600
38
5601
-1
5602
183
5603
-1
5604
191
5605
-1
5606
153
5607
-1
5608
164
5609
-1
5610
2
5611
-1
5612
2
5613
-1
5614
120
5615
-1
5616
167
5617
-1
5618
81
5619
-1
5620
26
5621
-1
5622
64
5623
-1
5624
186
5625
-1
5626
129
5627
-1
5628
34
5629
-1
5630
5
5631
-1
5632
67
5633
-1
5634
180
5635
-1
5636
4
5637
-1
5638
112
5639
-1
5640
132
5641
-1
5642
156
5643
-1
5644
173
5645
-1
5646
43
5647
-1
5648
58
5649
-1
5650
164
5651
-1
5652
14
5653
-1
5654
144
5655
-1
5656
163
5657
-1
5658
102
5659
-1
5660
68
5661
-1
5662
51
5663
-1
5664
80
5665
-1
5666
36
5667
-1
5668
179
5669
-1
5670
88
5671
-1
5672
84
5673
-1
5674
80
5675
-1
5676
45
5677
-1
5678
147
5679
-1
5680
35
5681
-1
5682
126
5683
-1
5684
87
5685
-1
5686
85
5687
-1
5688
98
5689
-1
5690
80
5691
-1
5692
59
5693
-1
5694
72
5695
-1
5696
66
5697
-1
5698
122
5699
-1
5700
14
5701
-1
5702
94
5703
-1
5704
81
5705
-1
5706
156
5707
-1
5708
177
5709
-1
5710
130
5711
-1
5712
6
5713
-1
5714
168
5715
-1
5716
156
5717
-1
5718
44
5719
-1
5720
19
5721
-1
5722
21
5723
-1
5724
111
5725
-1
5726
122
5727
-1
5728
171
5729
-1
5730
81
5731
-1
5732
111
5733
-1
5734
105
5735
-1
5736
153
5737
-1
5738
89
5739
-1
5740
108
5741
-1
5742
94
5743
-1
5744
60
5745
-1
5746
48
5747
-1
5748
9
5749
-1
5750
24
5751
-1
5752
12
5753
-1
5754
19
5755
-1
5756
38
5757
-1
5758
81
5759
-1
5760
30
5761
-1
5762
70
5763
-1
5764
60
5765
-1
5766
14
5767
-1
5768
33
5769
-1
5770
183
5771
-1
5772
49
5773
-1
5774
55
5775
-1
5776
3
5777
-1
5778
184
5779
-1
5780
94
5781
-1
5782
16
5783
-1
5784
129
5785
-1
5786
186
5787
-1
5788
67
5789
-1
5790
174
5791
-1
5792
103
5793
-1
5794
43
5795
-1
5796
123
5797
-1
5798
187
5799
-1
5800
134
5801
-1
5802
66
5803
-1
5804
113
5805
-1
5806
9
5807
-1
5808
191
5809
-1
5810
132
5811
-1
5812
162
5813
-1
5814
163
5815
-1
5816
136
5817
-1
5818
131
5819
-1
5820
28
5821
-1
5822
25
5823
-1
5824
125
5825
-1
5826
140
5827
-1
5828
124
5829
-1
5830
74
5831
-1
5832
191
5833
-1
5834
156
5835
-1
5836
93
5837
-1
5838
76
5839
-1
5840
70
5841
-1
5842
122
5843
-1
5844
28
5845
-1
5846
189
5847
-1
5848
63
5849
-1
5850
42
5851
-1
5852
26
5853
-1
5854
103
5855
-1
5856
31
5857
-1
5858
2
5859
-1
5860
90
5861
-1
5862
8
5863
-1
5864
118
5865
-1
5866
129
5867
-1
5868
173
5869
-1
5870
133
5871
-1
5872
164
5873
-1
5874
143
5875
-1
5876
135
5877
-1
5878
105
5879
-1
5880
76
5881
-1
5882
60
5883
-1
5884
94
5885
-1
5886
172
5887
-1
5888
135
5889
-1
5890
1
5891
-1
5892
62
5893
-1
5894
63
5895
-1
5896
30
5897
-1
5898
63
5899
-1
5900
179
5901
-1
5902
128
5903
-1
5904
100
5905
-1
5906
41
5907
-1
5908
61
5909
-1
5910
6
5911
-1
5912
94
5913
-1
5914
154
5915
-1
5916
164
5917
-1
5918
165
5919
-1
5920
142
5921
-1
5922
30
5923
-1
5924
167
5925
-1
5926
124
5927
-1
5928
110
5929
-1
5930
14
5931
-1
5932
87
5933
-1
5934
10
5935
-1
5936
149
5937
-1
5938
185
5939
-1
5940
66
5941
-1
5942
181
5943
-1
5944
140
5945
-1
5946
155
5947
-1
5948
44
5949
-1
5950
106
5951
-1
5952
191
5953
-1
5954
81
5955
-1
5956
130
5957
-1
5958
88
5959
-1
5960
136
5961
-1
5962
158
5963
-1
5964
32
5965
-1
5966
51
5967
-1
5968
118
5969
-1
5970
102
5971
-1
5972
120
5973
-1
5974
101
5975
-1
5976
180
5977
-1
5978
42
5979
-1
5980
17
5981
-1
5982
78
5983
-1
5984
123
5985
-1
5986
188
5987
-1
5988
110
5989
-1
5990
24
5991
-1
5992
118
5993
-1
5994
124
5995
-1
5996
34
5997
-1
5998
187
5999
-1
6000
131
6001
-1
6002
29
6003
-1
6004
142
6005
-1
6006
126
6007
-1
6008
155
6009
-1
6010
116
6011
-1
6012
39
6013
-1
6014
112
6015
-1
6016
43
6017
-1
6018
121
6019
-1
6020
172
6021
-1
6022
104
6023
-1
6024
70
6025
-1
6026
47
6027
-1
6028
183
6029
-1
6030
169
6031
-1
6032
75
6033
-1
6034
44
6035
-1
6036
47
6037
-1
6038
30
6039
-1
6040
78
6041
-1
6042
38
6043
-1
6044
51
6045
-1
6046
112
6047
-1
6048
30
6049
-1
6050
155
6051
-1
6052
130
6053
-1
6054
25
6055
-1
6056
125
6057
-1
6058
190
6059
-1
6060
23
6061
-1
6062
158
6063
-1
6064
174
6065
-1
6066
103
6067
-1
6068
27
6069
-1
6070
176
6071
-1
6072
0
6073
-1
6074
37
6075
-1
6076
150
6077
-1
6078
25
6079
-1
6080
173
6081
-1
6082
63
6083
-1
6084
50
6085
-1
6086
178
6087
-1
6088
153
6089
-1
6090
100
6091
-1
6092
56
6093
-1
6094
16
6095
-1
6096
134
6097
-1
6098
4
6099
-1
6100
45
6101
-1
6102
161
6103
-1
6104
72
6105
-1
6106
88
6107
-1
6108
130
6109
-1
6110
35
6111
-1
6112
80
6113
-1
6114
126
6115
-1
6116
84
6117
-1
6118
74
6119
-1
6120
47
6121
-1
6122
124
6123
-1
6124
55
6125
-1
6126
25
6127
-1
6128
93
6129
-1
6130
26
6131
-1
6132
82
6133
-1
6134
38
6135
-1
6136
35
6137
-1
6138
88
6139
-1
6140
173
6141
-1
6142
92
6143
-1
6144
187
6145
-1
6146
145
6147
-1
6148
53
6149
-1
6150
31
6151
-1
6152
138
6153
-1
6154
20
6155
-1
6156
5
6157
-1
6158
128
6159
-1
6160
105
6161
-1
6162
50
6163
-1
6164
45
6165
-1
6166
128
6167
-1
6168
107
6169
-1
6170
154
6171
-1
6172
87
6173
-1
6174
35
6175
-1
6176
9
6177
-1
6178
8
6179
-1
6180
22
6181
-1
6182
138
6183
-1
6184
47
6185
-1
6186
108
6187
-1
6188
160
6189
-1
6190
144
6191
-1
6192
151
6193
-1
6194
163
6195
-1
6196
138
6197
-1
6198
171
6199
-1
6200
121
6201
-1
6202
136
6203
-1
6204
83
6205
-1
6206
34
6207
-1
6208
102
6209
-1
6210
162
6211
-1
6212
176
6213
-1
6214
20
6215
-1
6216
4
6217
-1
6218
145
6219
-1
6220
57
6221
-1
6222
145
6223
-1
6224
47
6225
-1
6226
179
6227
-1
6228
21
6229
-1
6230
43
6231
-1
6232
64
6233
-1
6234
8
6235
-1
6236
56
6237
-1
6238
57
6239
-1
6240
86
6241
-1
6242
103
6243
-1
6244
47
6245
-1
6246
96
6247
-1
6248
137
6249
-1
6250
13
6251
-1
6252
52
6253
-1
6254
154
6255
-1
6256
42
6257
-1
6258
81
6259
-1
6260
60
6261
-1
6262
163
6263
-1
6264
72
6265
-1
6266
87
6267
-1
6268
25
6269
-1
6270
64
6271
-1
6272
21
6273
-1
6274
79
6275
-1
6276
183
6277
-1
6278
98
6279
-1
6280
141
6281
-1
6282
146
6283
-1
6284
125
6285
-1
6286
64
6287
-1
6288
171
6289
-1
6290
15
6291
-1
6292
146
6293
-1
6294
167
6295
-1
6296
104
6297
-1
6298
59
6299
-1
6300
93
6301
-1
6302
123
6303
-1
6304
111
6305
-1
6306
191
6307
-1
6308
17
6309
-1
6310
180
6311
-1
6312
152
6313
-1
6314
111
6315
-1
6316
189
6317
-1
6318
39
6319
-1
6320
177
6321
-1
6322
31
6323
-1
6324
66
6325
-1
6326
22
6327
-1
6328
8
6329
-1
6330
59
6331
-1
6332
38
6333
-1
6334
30
6335
-1
6336
60
6337
-1
6338
150
6339
-1
6340
121
6341
-1
6342
95
6343
-1
6344
138
6345
-1
6346
152
6347
-1
6348
163
6349
-1
6350
102
6351
-1
6352
159
6353
-1
6354
133
6355
-1
6356
53
6357
-1
6358
63
6359
-1
6360
73
6361
-1
6362
128
6363
-1
6364
38
6365
-1
6366
84
6367
-1
6368
178
6369
-1
6370
71
6371
-1
6372
12
6373
-1
6374
108
6375
-1
6376
76
6377
-1
6378
112
6379
-1
6380
172
6381
-1
6382
151
6383
-1
6384
173
6385
-1
6386
77
6387
-1
6388
4
6389
-1
6390
153
6391
-1
6392
173
6393
-1
6394
23
6395
-1
6396
29
6397
-1
6398
89
6399
-1
6400
142
6401
-1
6402
134
6403
-1
6404
71
6405
-1
6406
140
6407
-1
6408
6
6409
-1
6410
98
6411
-1
6412
149
6413
-1
6414
80
6415
-1
6416
153
6417
-1
6418
128
6419
-1
6420
53
6421
-1
6422
20
6423
-1
6424
70
6425
-1
6426
153
6427
-1
6428
75
6429
-1
6430
123
6431
-1
6432
169
6433
-1
6434
22
6435
-1
6436
102
6437
-1
6438
51
6439
-1
6440
72
6441
-1
6442
8
6443
-1
6444
28
6445
-1
6446
151
6447
-1
6448
102
6449
-1
6450
35
6451
-1
6452
164
6453
-1
6454
161
6455
-1
6456
116
6457
-1
6458
109
6459
-1
6460
143
6461
-1
6462
100
6463
-1
6464
118
6465
-1
6466
57
6467
-1
6468
138
6469
-1
6470
85
6471
-1
6472
42
6473
-1
6474
4
6475
-1
6476
173
6477
-1
6478
26
6479
-1
6480
74
6481
-1
6482
164
6483
-1
6484
42
6485
-1
6486
88
6487
-1
6488
110
6489
-1
6490
149
6491
-1
6492
51
6493
-1
6494
46
6495
-1
6496
48
6497
-1
6498
75
6499
-1
6500
149
6501
-1
6502
87
6503
-1
6504
129
6505
-1
6506
131
6507
-1
6508
26
6509
-1
6510
20
6511
-1
6512
185
6513
-1
6514
165
6515
-1
6516
68
6517
-1
6518
130
6519
-1
6520
99
6521
-1
6522
103
6523
-1
6524
163
6525
-1
6526
39
6527
-1
6528
114
6529
-1
6530
172
6531
-1
6532
177
6533
-1
6534
145
6535
-1
6536
163
6537
-1
6538
163
6539
-1
6540
103
6541
-1
6542
67
6543
-1
6544
18
6545
-1
6546
168
6547
-1
6548
146
6549
-1
6550
34
6551
-1
6552
191
6553
-1
6554
191
6555
-1
6556
14
6557
-1
6558
185
6559
-1
6560
153
6561
-1
6562
102
6563
-1
6564
92
6565
-1
6566
28
6567
-1
6568
117
6569
-1
6570
148
6571
-1
6572
165
6573
-1
6574
181
6575
-1
6576
45
6577
-1
6578
183
6579
-1
6580
158
6581
-1
6582
26
6583
-1
6584
92
6585
-1
6586
20
6587
-1
6588
81
6589
-1
6590
85
6591
-1
6592
59
6593
-1
6594
37
6595
-1
6596
96
6597
-1
6598
126
6599
-1
6600
10
6601
-1
6602
75
6603
-1
6604
156
6605
-1
6606
125
6607
-1
6608
27
6609
-1
6610
65
6611
-1
6612
175
6613
-1
6614
11
6615
-1
6616
102
6617
-1
6618
104
6619
-1
6620
115
6621
-1
6622
93
6623
-1
6624
36
6625
-1
6626
52
6627
-1
6628
57
6629
-1
6630
78
6631
-1
6632
95
6633
-1
6634
151
6635
-1
6636
166
6637
-1
6638
34
6639
-1
6640
37
6641
-1
6642
17
6643
-1
6644
0
6645
-1
6646
94
6647
-1
6648
68
6649
-1
6650
77
6651
-1
6652
26
6653
-1
6654
88
6655
-1
6656
154
6657
-1
6658
106
6659
-1
6660
57
6661
-1
6662
187
6663
-1
6664
54
6665
-1
6666
150
6667
-1
6668
84
6669
-1
6670
54
6671
-1
6672
112
6673
-1
6674
57
6675
-1
6676
190
6677
-1
6678
121
6679
-1
6680
5
6681
-1
6682
72
6683
-1
6684
134
6685
-1
6686
69
6687
-1
6688
103
6689
-1
6690
14
6691
-1
6692
141
6693
-1
6694
129
6695
-1
6696
16
6697
-1
6698
58
6699
-1
6700
60
6701
-1
6702
62
6703
-1
6704
2
6705
-1
6706
39
6707
-1
6708
11
6709
-1
6710
65
6711
-1
6712
116
6713
-1
6714
118
6715
-1
6716
58
6717
-1
6718
74
6719
-1
6720
48
6721
-1
6722
97
6723
-1
6724
170
6725
-1
6726
86
6727
-1
6728
101
6729
-1
6730
168
6731
-1
6732
139
6733
-1
6734
103
6735
-1
6736
164
6737
-1
6738
122
6739
-1
6740
179
6741
-1
6742
103
6743
-1
6744
60
6745
-1
6746
122
6747
-1
6748
133
6749
-1
6750
113
6751
-1
6752
177
6753
-1
6754
80
6755
-1
6756
2
6757
-1
6758
100
6759
-1
6760
101
6761
-1
6762
129
6763
-1
6764
184
6765
-1
6766
120
6767
-1
6768
81
6769
-1
6770
132
6771
-1
6772
97
6773
-1
6774
64
6775
-1
6776
143
6777
-1
6778
132
6779
-1
6780
48
6781
-1
6782
165
6783
-1
6784
47
6785
-1
6786
37
6787
-1
6788
146
6789
-1
6790
165
6791
-1
6792
94
6793
-1
6794
10
6795
-1
6796
28
6797
-1
6798
5
6799
-1
6800
110
6801
-1
6802
146
6803
-1
6804
59
6805
-1
6806
88
6807
-1
6808
9
6809
-1
6810
16
6811
-1
6812
87
6813
-1
6814
143
6815
-1
6816
40
6817
-1
6818
54
6819
-1
6820
162
6821
-1
6822
65
6823
-1
6824
103
6825
-1
6826
83
6827
-1
6828
100
6829
-1
6830
1
6831
-1
6832
153
6833
-1
6834
175
6835
-1
6836
113
6837
-1
6838
11
6839
-1
6840
159
6841
-1
6842
112
6843
-1
6844
57
6845
-1
6846
109
6847
-1
6848
87
6849
-1
6850
1
6851
-1
6852
161
6853
-1
6854
65
6855
-1
6856
165
6857
-1
6858
90
6859
-1
6860
176
6861
-1
6862
159
6863
-1
6864
18
6865
-1
6866
9
6867
-1
6868
103
6869
-1
6870
92
6871
-1
6872
180
6873
-1
6874
96
6875
-1
6876
77
6877
-1
6878
164
6879
-1
6880
104
6881
-1
6882
110
6883
-1
6884
176
6885
-1
6886
187
6887
-1
6888
30
6889
-1
6890
164
6891
-1
6892
157
6893
-1
6894
155
6895
-1
6896
56
6897
-1
6898
58
6899
-1
6900
46
6901
-1
6902
114
6903
-1
6904
156
6905
-1
6906
95
6907
-1
6908
112
6909
-1
6910
120
6911
-1
6912
151
6913
-1
6914
37
6915
-1
6916
102
6917
-1
6918
87
6919
-1
6920
97
6921
-1
6922
74
6923
-1
6924
181
6925
-1
6926
173
6927
-1
6928
109
6929
-1
6930
84
6931
-1
6932
127
6933
-1
6934
35
6935
-1
6936
7
6937
-1
6938
175
6939
-1
6940
134
6941
-1
6942
47
6943
-1
6944
3
6945
-1
6946
9
6947
-1
6948
125
6949
-1
6950
160
6951
-1
6952
3
6953
-1
6954
154
6955
-1
6956
170
6957
-1
6958
46
6959
-1
6960
134
6961
-1
6962
119
6963
-1
6964
25
6965
-1
6966
24
6967
-1
6968
161
6969
-1
6970
117
6971
-1
6972
35
6973
-1
6974
0
6975
-1
6976
147
6977
-1
6978
22
6979
-1
6980
120
6981
-1
6982
153
6983
-1
6984
39
6985
-1
6986
26
6987
-1
6988
102
6989
-1
6990
94
6991
-1
6992
39
6993
-1
6994
109
6995
-1
6996
4
6997
-1
6998
133
6999
-1
7000
172
7001
-1
7002
60
7003
-1
7004
180
7005
-1
7006
189
7007
-1
7008
35
7009
-1
7010
2
7011
-1
7012
44
7013
-1
7014
32
7015
-1
7016
142
7017
-1
7018
102
7019
-1
7020
141
7021
-1
7022
106
7023
-1
7024
38
7025
-1
7026
40
7027
-1
7028
59
7029
-1
7030
58
7031
-1
7032
184
7033
-1
7034
5
7035
-1
7036
95
7037
-1
7038
173
7039
-1
7040
91
7041
-1
7042
62
7043
-1
7044
174
7045
-1
7046
33
7047
-1
7048
109
7049
-1
7050
164
7051
-1
7052
1
7053
-1
7054
107
7055
-1
7056
125
7057
-1
7058
5
7059
-1
7060
20
7061
-1
7062
21
7063
-1
7064
153
7065
-1
7066
181
7067
-1
7068
148
7069
-1
7070
165
7071
-1
7072
33
7073
-1
7074
84
7075
-1
7076
182
7077
-1
7078
144
7079
-1
7080
18
7081
-1
7082
104
7083
-1
7084
40
7085
-1
7086
73
7087
-1
7088
78
7089
-1
7090
135
7091
-1
7092
154
7093
-1
7094
106
7095
-1
7096
65
7097
-1
7098
27
7099
-1
7100
110
7101
-1
7102
79
7103
-1
7104
117
7105
-1
7106
144
7107
-1
7108
191
7109
-1
7110
63
7111
-1
7112
123
7113
-1
7114
55
7115
-1
7116
113
7117
-1
7118
101
7119
-1
7120
121
7121
-1
7122
174
7123
-1
7124
22
7125
-1
7126
148
7127
-1
7128
150
7129
-1
7130
123
7131
-1
7132
109
7133
-1
7134
64
7135
-1
7136
147
7137
-1
7138
46
7139
-1
7140
62
7141
-1
7142
59
7143
-1
7144
156
7145
-1
7146
16
7147
-1
7148
165
7149
-1
7150
110
7151
-1
7152
175
7153
-1
7154
147
7155
-1
7156
73
7157
-1
7158
35
7159
-1
7160
42
7161
-1
7162
79
7163
-1
7164
7
7165
-1
7166
8
7167
-1
7168
7
7169
-1
7170
80
7171
-1
7172
132
7173
-1
7174
90
7175
-1
7176
81
7177
-1
7178
109
7179
-1
7180
7
7181
-1
7182
51
7183
-1
7184
56
7185
-1
7186
94
7187
-1
7188
10
7189
-1
7190
63
7191
-1
7192
175
7193
-1
7194
54
7195
-1
7196
47
7197
-1
7198
20
7199
-1
7200
44
7201
-1
7202
38
7203
-1
7204
57
7205
-1
7206
4
7207
-1
7208
87
7209
-1
7210
105
7211
-1
7212
185
7213
-1
7214
185
7215
-1
7216
136
7217
-1
7218
118
7219
-1
7220
129
7221
-1
7222
187
7223
-1
7224
51
7225
-1
7226
35
7227
-1
7228
114
7229
-1
7230
134
7231
-1
7232
34
7233
-1
7234
46
7235
-1
7236
144
7237
-1
7238
142
7239
-1
7240
169
7241
-1
7242
34
7243
-1
7244
91
7245
-1
7246
152
7247
-1
7248
138
7249
-1
7250
187
7251
-1
7252
178
7253
-1
7254
94
7255
-1
7256
133
7257
-1
7258
67
7259
-1
7260
75
7261
-1
7262
48
7263
-1
7264
191
7265
-1
7266
44
7267
-1
7268
11
7269
-1
7270
170
7271
-1
7272
0
7273
-1
7274
30
7275
-1
7276
180
7277
-1
7278
1
7279
-1
7280
148
7281
-1
7282
127
7283
-1
7284
29
7285
-1
7286
38
7287
-1
7288
6
7289
-1
7290
149
7291
-1
7292
189
7293
-1
7294
145
7295
-1
7296
60
7297
-1
7298
122
7299
-1
7300
169
7301
-1
7302
77
7303
-1
7304
24
7305
-1
7306
31
7307
-1
7308
144
7309
-1
7310
190
7311
-1
7312
35
7313
-1
7314
114
7315
-1
7316
101
7317
-1
7318
47
7319
-1
7320
47
7321
-1
7322
50
7323
-1
7324
176
7325
-1
7326
175
7327
-1
7328
189
7329
-1
7330
97
7331
-1
7332
11
7333
-1
7334
134
7335
-1
7336
179
7337
-1
7338
143
7339
-1
7340
52
7341
-1
7342
104
7343
-1
7344
180
7345
-1
7346
159
7347
-1
7348
124
7349
-1
7350
183
7351
-1
7352
28
7353
-1
7354
134
7355
-1
7356
76
7357
-1
7358
65
7359
-1
7360
64
7361
-1
7362
54
7363
-1
7364
20
7365
-1
7366
59
7367
-1
7368
99
7369
-1
7370
132
7371
-1
7372
121
7373
-1
7374
62
7375
-1
7376
107
7377
-1
7378
113
7379
-1
7380
108
7381
-1
7382
99
7383
-1
7384
59
7385
-1
7386
190
7387
-1
7388
174
7389
-1
7390
63
7391
-1
7392
60
7393
-1
7394
43
7395
-1
7396
96
7397
-1
7398
90
7399
-1
7400
166
7401
-1
7402
50
7403
-1
7404
26
7405
-1
7406
151
7407
-1
7408
65
7409
-1
7410
40
7411
-1
7412
187
7413
-1
7414
96
7415
-1
7416
125
7417
-1
7418
21
7419
-1
7420
35
7421
-1
7422
188
7423
-1
7424
133
7425
-1
7426
38
7427
-1
7428
50
7429
-1
7430
28
7431
-1
7432
49
7433
-1
7434
80
7435
-1
7436
0
7437
-1
7438
63
7439
-1
7440
156
7441
-1
7442
70
7443
-1
7444
120
7445
-1
7446
1
7447
-1
7448
110
7449
-1
7450
55
7451
-1
7452
130
7453
-1
7454
89
7455
-1
7456
94
7457
-1
7458
127
7459
-1
7460
78
7461
-1
7462
99
7463
-1
7464
62
7465
-1
7466
43
7467
-1
7468
35
7469
-1
7470
165
7471
-1
7472
57
7473
-1
7474
77
7475
-1
7476
46
7477
-1
7478
114
7479
-1
7480
156
7481
-1
7482
151
7483
-1
7484
55
7485
-1
7486
131
7487
-1
7488
119
7489
-1
7490
78
7491
-1
7492
109
7493
-1
7494
19
7495
-1
7496
150
7497
-1
7498
94
7499
-1
7500
13
7501
-1
7502
99
7503
-1
7504
75
7505
-1
7506
61
7507
-1
7508
191
7509
-1
7510
140
7511
-1
7512
157
7513
-1
7514
17
7515
-1
7516
103
7517
-1
7518
6
7519
-1
7520
152
7521
-1
7522
71
7523
-1
7524
97
7525
-1
7526
30
7527
-1
7528
58
7529
-1
7530
15
7531
-1
7532
120
7533
-1
7534
127
7535
-1
7536
180
7537
-1
7538
154
7539
-1
7540
124
7541
-1
7542
40
7543
-1
7544
36
7545
-1
7546
85
7547
-1
7548
89
7549
-1
7550
57
7551
-1
7552
138
7553
-1
7554
63
7555
-1
7556
126
7557
-1
7558
141
7559
-1
7560
175
7561
-1
7562
69
7563
-1
7564
94
7565
-1
7566
99
7567
-1
7568
28
7569
-1
7570
152
7571
-1
7572
140
7573
-1
7574
9
7575
-1
7576
62
7577
-1
7578
4
7579
-1
7580
51
7581
-1
7582
119
7583
-1
7584
153
7585
-1
7586
56
7587
-1
7588
75
7589
-1
7590
56
7591
-1
7592
90
7593
-1
7594
162
7595
-1
7596
57
7597
-1
7598
46
7599
-1
7600
96
7601
-1
7602
144
7603
-1
7604
163
7605
-1
7606
49
7607
-1
7608
137
7609
-1
7610
99
7611
-1
7612
68
7613
-1
7614
93
7615
-1
7616
134
7617
-1
7618
44
7619
-1
7620
54
7621
-1
7622
80
7623
-1
7624
181
7625
-1
7626
51
7627
-1
7628
24
7629
-1
7630
163
7631
-1
7632
119
7633
-1
7634
83
7635
-1
7636
98
7637
-1
7638
138
7639
-1
7640
159
7641
-1
7642
20
7643
-1
7644
10
7645
-1
7646
91
7647
-1
7648
110
7649
-1
7650
107
7651
-1
7652
10
7653
-1
7654
26
7655
-1
7656
138
7657
-1
7658
19
7659
-1
7660
179
7661
-1
7662
98
7663
-1
7664
65
7665
-1
7666
185
7667
-1
7668
15
7669
-1
7670
113
7671
-1
7672
137
7673
-1
7674
44
7675
-1
7676
172
7677
-1
7678
89
7679
-1
7680
122
7681
-1
7682
140
7683
-1
7684
74
7685
-1
7686
102
7687
-1
7688
42
7689
-1
7690
1
7691
-1
7692
166
7693
-1
7694
75
7695
-1
7696
14
7697
-1
7698
155
7699
-1
7700
191
7701
-1
7702
46
7703
-1
7704
78
7705
-1
7706
12
7707
-1
7708
152
7709
-1
7710
128
7711
-1
7712
74
7713
-1
7714
19
7715
-1
7716
176
7717
-1
7718
117
7719
-1
7720
65
7721
-1
7722
151
7723
-1
7724
41
7725
-1
7726
61
7727
-1
7728
145
7729
-1
7730
135
7731
-1
7732
35
7733
-1
7734
53
7735
-1
7736
175
7737
-1
7738
83
7739
-1
7740
46
7741
-1
7742
182
7743
-1
7744
176
7745
-1
7746
20
7747
-1
7748
136
7749
-1
7750
184
7751
-1
7752
70
7753
-1
7754
117
7755
-1
7756
137
7757
-1
7758
173
7759
-1
7760
130
7761
-1
7762
169
7763
-1
7764
42
7765
-1
7766
170
7767
-1
7768
178
7769
-1
7770
39
7771
-1
7772
31
7773
-1
7774
127
7775
-1
7776
28
7777
-1
7778
108
7779
-1
7780
162
7781
-1
7782
123
7783
-1
7784
187
7785
-1
7786
39
7787
-1
7788
86
7789
-1
7790
67
7791
-1
7792
7
7793
-1
7794
94
7795
-1
7796
94
7797
-1
7798
85
7799
-1
7800
51
7801
-1
7802
19
7803
-1
7804
154
7805
-1
7806
124
7807
-1
7808
116
7809
-1
7810
49
7811
-1
7812
159
7813
-1
7814
75
7815
-1
7816
186
7817
-1
7818
65
7819
-1
7820
3
7821
-1
7822
149
7823
-1
7824
135
7825
-1
7826
165
7827
-1
7828
112
7829
-1
7830
155
7831
-1
7832
15
7833
-1
7834
171
7835
-1
7836
86
7837
-1
7838
125
7839
-1
7840
36
7841
-1
7842
52
7843
-1
7844
153
7845
-1
7846
56
7847
-1
7848
9
7849
-1
7850
29
7851
-1
7852
144
7853
-1
7854
167
7855
-1
7856
132
7857
-1
7858
15
7859
-1
7860
49
7861
-1
7862
158
7863
-1
7864
142
7865
-1
7866
136
7867
-1
7868
157
7869
-1
7870
5
7871
-1
7872
56
7873
-1
7874
180
7875
-1
7876
169
7877
-1
7878
128
7879
-1
7880
4
7881
-1
7882
79
7883
-1
7884
44
7885
-1
7886
22
7887
-1
7888
127
7889
-1
7890
36
7891
-1
7892
20
7893
-1
7894
111
7895
-1
7896
148
7897
-1
7898
129
7899
-1
7900
123
7901
-1
7902
35
7903
-1
7904
27
7905
-1
7906
40
7907
-1
7908
157
7909
-1
7910
95
7911
-1
7912
19
7913
-1
7914
137
7915
-1
7916
38
7917
-1
7918
101
7919
-1
7920
154
7921
-1
7922
41
7923
-1
7924
160
7925
-1
7926
20
7927
-1
7928
4
7929
-1
7930
117
7931
-1
7932
27
7933
-1
7934
52
7935
-1
7936
34
7937
-1
7938
119
7939
-1
7940
57
7941
-1
7942
80
7943
-1
7944
20
7945
-1
7946
53
7947
-1
7948
67
7949
-1
7950
24
7951
-1
7952
140
7953
-1
7954
183
7955
-1
7956
31
7957
-1
7958
112
7959
-1
7960
22
7961
-1
7962
58
7963
-1
7964
125
7965
-1
7966
142
7967
-1
7968
64
7969
-1
7970
124
7971
-1
7972
4
7973
-1
7974
87
7975
-1
7976
189
7977
-1
7978
8
7979
-1
7980
12
7981
-1
7982
82
7983
-1
7984
40
7985
-1
7986
92
7987
-1
7988
100
7989
-1
7990
170
7991
-1
7992
20
7993
-1
7994
161
7995
-1
7996
51
7997
-1
7998
116
7999
-1
