********************************************************************************
The planted motif0 is:
CGGGATGCG
0
157
1
-1
2
153
3
-1
4
15
5
-1
6
175
7
-1
8
78
9
-1
10
127
11
-1
12
31
13
-1
14
175
15
-1
16
176
17
-1
18
177
19
-1
20
36
21
-1
22
64
23
-1
24
175
25
-1
26
152
27
-1
28
48
29
-1
30
86
31
-1
32
172
33
-1
34
161
35
-1
36
186
37
-1
38
83
39
-1
40
16
41
-1
42
80
43
-1
44
165
45
-1
46
81
47
-1
48
1
49
-1
50
167
51
-1
52
81
53
-1
54
26
55
-1
56
87
57
-1
58
139
59
-1
60
89
61
-1
62
82
63
-1
64
135
65
-1
66
146
67
-1
68
97
69
-1
70
165
71
-1
72
107
73
-1
74
5
75
-1
76
29
77
-1
78
145
79
-1
80
35
81
-1
82
62
83
-1
84
161
85
-1
86
104
87
-1
88
173
89
-1
90
111
91
-1
92
45
93
-1
94
81
95
-1
96
21
97
-1
98
116
99
-1
100
130
101
-1
102
159
103
-1
104
178
105
-1
106
4
107
-1
108
67
109
-1
110
83
111
-1
112
120
113
-1
114
87
115
-1
116
94
117
-1
118
158
119
-1
120
106
121
-1
122
3
123
-1
124
120
125
-1
126
48
127
-1
128
18
129
-1
130
97
131
-1
132
27
133
-1
134
91
135
-1
136
7
137
-1
138
179
139
-1
140
73
141
-1
142
68
143
-1
144
110
145
-1
146
112
147
-1
148
110
149
-1
150
133
151
-1
152
127
153
-1
154
28
155
-1
156
138
157
-1
158
41
159
-1
160
42
161
-1
162
73
163
-1
164
24
165
-1
166
42
167
-1
168
161
169
-1
170
133
171
-1
172
156
173
-1
174
148
175
-1
176
152
177
-1
178
51
179
-1
180
60
181
-1
182
39
183
-1
184
74
185
-1
186
135
187
-1
188
4
189
-1
190
40
191
-1
192
185
193
-1
194
165
195
-1
196
175
197
-1
198
108
199
-1
200
44
201
-1
202
123
203
-1
204
55
205
-1
206
141
207
-1
208
162
209
-1
210
64
211
-1
212
68
213
-1
214
38
215
-1
216
174
217
-1
218
35
219
-1
220
5
221
-1
222
148
223
-1
224
41
225
-1
226
146
227
-1
228
65
229
-1
230
125
231
-1
232
16
233
-1
234
150
235
-1
236
5
237
-1
238
146
239
-1
240
63
241
-1
242
80
243
-1
244
47
245
-1
246
166
247
-1
248
57
249
-1
250
176
251
-1
252
74
253
-1
254
153
255
-1
256
90
257
-1
258
26
259
-1
260
129
261
-1
262
20
263
-1
264
118
265
-1
266
128
267
-1
268
111
269
-1
270
59
271
-1
272
142
273
-1
274
141
275
-1
276
54
277
-1
278
106
279
-1
280
129
281
-1
282
102
283
-1
284
69
285
-1
286
70
287
-1
288
135
289
-1
290
152
291
-1
292
22
293
-1
294
131
295
-1
296
121
297
-1
298
133
299
-1
300
138
301
-1
302
130
303
-1
304
142
305
-1
306
37
307
-1
308
97
309
-1
310
172
311
-1
312
132
313
-1
314
18
315
-1
316
28
317
-1
318
51
319
-1
320
33
321
-1
322
113
323
-1
324
30
325
-1
326
18
327
-1
328
21
329
-1
330
187
331
-1
332
129
333
-1
334
7
335
-1
336
144
337
-1
338
69
339
-1
340
1
341
-1
342
11
343
-1
344
65
345
-1
346
35
347
-1
348
49
349
-1
350
12
351
-1
352
100
353
-1
354
25
355
-1
356
126
357
-1
358
150
359
-1
360
100
361
-1
362
76
363
-1
364
51
365
-1
366
99
367
-1
368
95
369
-1
370
20
371
-1
372
186
373
-1
374
51
375
-1
376
23
377
-1
378
188
379
-1
380
153
381
-1
382
152
383
-1
384
183
385
-1
386
41
387
-1
388
84
389
-1
390
19
391
-1
392
143
393
-1
394
85
395
-1
396
72
397
-1
398
93
399
-1
400
172
401
-1
402
63
403
-1
404
147
405
-1
406
134
407
-1
408
85
409
-1
410
8
411
-1
412
50
413
-1
414
124
415
-1
416
83
417
-1
418
85
419
-1
420
94
421
-1
422
34
423
-1
424
157
425
-1
426
12
427
-1
428
16
429
-1
430
91
431
-1
432
126
433
-1
434
140
435
-1
436
41
437
-1
438
104
439
-1
440
150
441
-1
442
38
443
-1
444
131
445
-1
446
67
447
-1
448
38
449
-1
450
132
451
-1
452
87
453
-1
454
159
455
-1
456
123
457
-1
458
162
459
-1
460
191
461
-1
462
161
463
-1
464
165
465
-1
466
107
467
-1
468
128
469
-1
470
15
471
-1
472
1
473
-1
474
85
475
-1
476
94
477
-1
478
144
479
-1
480
100
481
-1
482
12
483
-1
484
3
485
-1
486
185
487
-1
488
55
489
-1
490
20
491
-1
492
112
493
-1
494
7
495
-1
496
53
497
-1
498
142
499
-1
500
52
501
-1
502
182
503
-1
504
127
505
-1
506
183
507
-1
508
117
509
-1
510
152
511
-1
512
159
513
-1
514
16
515
-1
516
23
517
-1
518
89
519
-1
520
1
521
-1
522
99
523
-1
524
117
525
-1
526
170
527
-1
528
38
529
-1
530
35
531
-1
532
47
533
-1
534
58
535
-1
536
105
537
-1
538
19
539
-1
540
57
541
-1
542
132
543
-1
544
14
545
-1
546
93
547
-1
548
81
549
-1
550
69
551
-1
552
52
553
-1
554
140
555
-1
556
42
557
-1
558
127
559
-1
560
39
561
-1
562
34
563
-1
564
133
565
-1
566
143
567
-1
568
129
569
-1
570
140
571
-1
572
167
573
-1
574
102
575
-1
576
92
577
-1
578
154
579
-1
580
143
581
-1
582
175
583
-1
584
120
585
-1
586
86
587
-1
588
125
589
-1
590
68
591
-1
592
78
593
-1
594
116
595
-1
596
69
597
-1
598
118
599
-1
600
28
601
-1
602
74
603
-1
604
46
605
-1
606
170
607
-1
608
160
609
-1
610
152
611
-1
612
45
613
-1
614
8
615
-1
616
83
617
-1
618
90
619
-1
620
83
621
-1
622
115
623
-1
624
14
625
-1
626
44
627
-1
628
129
629
-1
630
34
631
-1
632
9
633
-1
634
35
635
-1
636
50
637
-1
638
79
639
-1
640
30
641
-1
642
161
643
-1
644
71
645
-1
646
169
647
-1
648
100
649
-1
650
72
651
-1
652
167
653
-1
654
140
655
-1
656
81
657
-1
658
77
659
-1
660
61
661
-1
662
16
663
-1
664
158
665
-1
666
111
667
-1
668
18
669
-1
670
8
671
-1
672
177
673
-1
674
165
675
-1
676
125
677
-1
678
0
679
-1
680
70
681
-1
682
72
683
-1
684
68
685
-1
686
147
687
-1
688
129
689
-1
690
7
691
-1
692
151
693
-1
694
103
695
-1
696
117
697
-1
698
45
699
-1
700
143
701
-1
702
72
703
-1
704
43
705
-1
706
189
707
-1
708
139
709
-1
710
123
711
-1
712
112
713
-1
714
17
715
-1
716
91
717
-1
718
129
719
-1
720
168
721
-1
722
90
723
-1
724
64
725
-1
726
58
727
-1
728
190
729
-1
730
172
731
-1
732
63
733
-1
734
63
735
-1
736
77
737
-1
738
131
739
-1
740
177
741
-1
742
116
743
-1
744
132
745
-1
746
75
747
-1
748
86
749
-1
750
39
751
-1
752
66
753
-1
754
98
755
-1
756
99
757
-1
758
78
759
-1
760
24
761
-1
762
191
763
-1
764
26
765
-1
766
32
767
-1
768
137
769
-1
770
165
771
-1
772
71
773
-1
774
61
775
-1
776
148
777
-1
778
131
779
-1
780
101
781
-1
782
41
783
-1
784
133
785
-1
786
28
787
-1
788
123
789
-1
790
131
791
-1
792
17
793
-1
794
129
795
-1
796
107
797
-1
798
6
799
-1
800
126
801
-1
802
12
803
-1
804
158
805
-1
806
20
807
-1
808
9
809
-1
810
28
811
-1
812
24
813
-1
814
68
815
-1
816
146
817
-1
818
143
819
-1
820
123
821
-1
822
23
823
-1
824
12
825
-1
826
99
827
-1
828
13
829
-1
830
115
831
-1
832
123
833
-1
834
175
835
-1
836
189
837
-1
838
108
839
-1
840
143
841
-1
842
127
843
-1
844
13
845
-1
846
170
847
-1
848
103
849
-1
850
20
851
-1
852
128
853
-1
854
100
855
-1
856
111
857
-1
858
173
859
-1
860
189
861
-1
862
63
863
-1
864
168
865
-1
866
3
867
-1
868
104
869
-1
870
17
871
-1
872
65
873
-1
874
123
875
-1
876
29
877
-1
878
144
879
-1
880
161
881
-1
882
15
883
-1
884
158
885
-1
886
57
887
-1
888
97
889
-1
890
3
891
-1
892
83
893
-1
894
30
895
-1
896
1
897
-1
898
115
899
-1
900
118
901
-1
902
27
903
-1
904
153
905
-1
906
22
907
-1
908
109
909
-1
910
118
911
-1
912
171
913
-1
914
173
915
-1
916
125
917
-1
918
118
919
-1
920
169
921
-1
922
95
923
-1
924
91
925
-1
926
11
927
-1
928
185
929
-1
930
95
931
-1
932
180
933
-1
934
128
935
-1
936
22
937
-1
938
141
939
-1
940
104
941
-1
942
160
943
-1
944
160
945
-1
946
7
947
-1
948
57
949
-1
950
55
951
-1
952
79
953
-1
954
32
955
-1
956
1
957
-1
958
97
959
-1
960
18
961
-1
962
60
963
-1
964
80
965
-1
966
101
967
-1
968
79
969
-1
970
159
971
-1
972
32
973
-1
974
12
975
-1
976
100
977
-1
978
26
979
-1
980
166
981
-1
982
154
983
-1
984
27
985
-1
986
100
987
-1
988
58
989
-1
990
77
991
-1
992
139
993
-1
994
16
995
-1
996
34
997
-1
998
167
999
-1
1000
65
1001
-1
1002
156
1003
-1
1004
145
1005
-1
1006
53
1007
-1
1008
138
1009
-1
1010
0
1011
-1
1012
161
1013
-1
1014
93
1015
-1
1016
54
1017
-1
1018
177
1019
-1
1020
128
1021
-1
1022
37
1023
-1
1024
43
1025
-1
1026
135
1027
-1
1028
164
1029
-1
1030
128
1031
-1
1032
106
1033
-1
1034
127
1035
-1
1036
41
1037
-1
1038
38
1039
-1
1040
95
1041
-1
1042
120
1043
-1
1044
104
1045
-1
1046
60
1047
-1
1048
63
1049
-1
1050
176
1051
-1
1052
168
1053
-1
1054
182
1055
-1
1056
21
1057
-1
1058
141
1059
-1
1060
189
1061
-1
1062
0
1063
-1
1064
115
1065
-1
1066
142
1067
-1
1068
45
1069
-1
1070
162
1071
-1
1072
53
1073
-1
1074
164
1075
-1
1076
163
1077
-1
1078
44
1079
-1
1080
106
1081
-1
1082
144
1083
-1
1084
145
1085
-1
1086
127
1087
-1
1088
85
1089
-1
1090
141
1091
-1
1092
83
1093
-1
1094
57
1095
-1
1096
15
1097
-1
1098
12
1099
-1
1100
90
1101
-1
1102
163
1103
-1
1104
14
1105
-1
1106
112
1107
-1
1108
178
1109
-1
1110
64
1111
-1
1112
70
1113
-1
1114
10
1115
-1
1116
85
1117
-1
1118
94
1119
-1
1120
186
1121
-1
1122
66
1123
-1
1124
172
1125
-1
1126
126
1127
-1
1128
96
1129
-1
1130
80
1131
-1
1132
131
1133
-1
1134
96
1135
-1
1136
32
1137
-1
1138
133
1139
-1
1140
7
1141
-1
1142
31
1143
-1
1144
87
1145
-1
1146
115
1147
-1
1148
99
1149
-1
1150
145
1151
-1
1152
43
1153
-1
1154
155
1155
-1
1156
19
1157
-1
1158
183
1159
-1
1160
119
1161
-1
1162
115
1163
-1
1164
69
1165
-1
1166
76
1167
-1
1168
22
1169
-1
1170
60
1171
-1
1172
150
1173
-1
1174
171
1175
-1
1176
36
1177
-1
1178
81
1179
-1
1180
49
1181
-1
1182
35
1183
-1
1184
10
1185
-1
1186
31
1187
-1
1188
71
1189
-1
1190
59
1191
-1
1192
92
1193
-1
1194
120
1195
-1
1196
186
1197
-1
1198
139
1199
-1
1200
89
1201
-1
1202
184
1203
-1
1204
112
1205
-1
1206
111
1207
-1
1208
130
1209
-1
1210
163
1211
-1
1212
111
1213
-1
1214
138
1215
-1
1216
146
1217
-1
1218
81
1219
-1
1220
170
1221
-1
1222
122
1223
-1
1224
151
1225
-1
1226
182
1227
-1
1228
120
1229
-1
1230
95
1231
-1
1232
116
1233
-1
1234
164
1235
-1
1236
53
1237
-1
1238
85
1239
-1
1240
24
1241
-1
1242
179
1243
-1
1244
73
1245
-1
1246
186
1247
-1
1248
18
1249
-1
1250
152
1251
-1
1252
177
1253
-1
1254
174
1255
-1
1256
17
1257
-1
1258
30
1259
-1
1260
101
1261
-1
1262
51
1263
-1
1264
107
1265
-1
1266
21
1267
-1
1268
109
1269
-1
1270
122
1271
-1
1272
151
1273
-1
1274
133
1275
-1
1276
176
1277
-1
1278
68
1279
-1
1280
134
1281
-1
1282
163
1283
-1
1284
99
1285
-1
1286
3
1287
-1
1288
65
1289
-1
1290
145
1291
-1
1292
27
1293
-1
1294
159
1295
-1
1296
20
1297
-1
1298
131
1299
-1
1300
61
1301
-1
1302
188
1303
-1
1304
175
1305
-1
1306
120
1307
-1
1308
153
1309
-1
1310
148
1311
-1
1312
159
1313
-1
1314
146
1315
-1
1316
185
1317
-1
1318
18
1319
-1
1320
157
1321
-1
1322
23
1323
-1
1324
123
1325
-1
1326
107
1327
-1
1328
17
1329
-1
1330
87
1331
-1
1332
53
1333
-1
1334
114
1335
-1
1336
75
1337
-1
1338
43
1339
-1
1340
156
1341
-1
1342
96
1343
-1
1344
70
1345
-1
1346
74
1347
-1
1348
62
1349
-1
1350
156
1351
-1
1352
92
1353
-1
1354
30
1355
-1
1356
85
1357
-1
1358
142
1359
-1
1360
71
1361
-1
1362
174
1363
-1
1364
53
1365
-1
1366
53
1367
-1
1368
36
1369
-1
1370
69
1371
-1
1372
53
1373
-1
1374
83
1375
-1
1376
8
1377
-1
1378
116
1379
-1
1380
125
1381
-1
1382
0
1383
-1
1384
162
1385
-1
1386
93
1387
-1
1388
162
1389
-1
1390
15
1391
-1
1392
77
1393
-1
1394
65
1395
-1
1396
190
1397
-1
1398
0
1399
-1
1400
107
1401
-1
1402
44
1403
-1
1404
80
1405
-1
1406
145
1407
-1
1408
102
1409
-1
1410
187
1411
-1
1412
169
1413
-1
1414
169
1415
-1
1416
111
1417
-1
1418
29
1419
-1
1420
182
1421
-1
1422
33
1423
-1
1424
190
1425
-1
1426
40
1427
-1
1428
78
1429
-1
1430
50
1431
-1
1432
67
1433
-1
1434
152
1435
-1
1436
45
1437
-1
1438
161
1439
-1
1440
129
1441
-1
1442
179
1443
-1
1444
173
1445
-1
1446
23
1447
-1
1448
167
1449
-1
1450
99
1451
-1
1452
79
1453
-1
1454
3
1455
-1
1456
72
1457
-1
1458
156
1459
-1
1460
71
1461
-1
1462
58
1463
-1
1464
158
1465
-1
1466
103
1467
-1
1468
141
1469
-1
1470
0
1471
-1
1472
94
1473
-1
1474
118
1475
-1
1476
64
1477
-1
1478
177
1479
-1
1480
169
1481
-1
1482
66
1483
-1
1484
38
1485
-1
1486
23
1487
-1
1488
42
1489
-1
1490
79
1491
-1
1492
125
1493
-1
1494
6
1495
-1
1496
183
1497
-1
1498
139
1499
-1
1500
86
1501
-1
1502
180
1503
-1
1504
74
1505
-1
1506
83
1507
-1
1508
21
1509
-1
1510
18
1511
-1
1512
52
1513
-1
1514
159
1515
-1
1516
76
1517
-1
1518
116
1519
-1
1520
159
1521
-1
1522
21
1523
-1
1524
128
1525
-1
1526
124
1527
-1
1528
30
1529
-1
1530
53
1531
-1
1532
23
1533
-1
1534
185
1535
-1
1536
72
1537
-1
1538
16
1539
-1
1540
41
1541
-1
1542
147
1543
-1
1544
184
1545
-1
1546
65
1547
-1
1548
177
1549
-1
1550
41
1551
-1
1552
70
1553
-1
1554
83
1555
-1
1556
53
1557
-1
1558
55
1559
-1
1560
163
1561
-1
1562
126
1563
-1
1564
187
1565
-1
1566
178
1567
-1
1568
134
1569
-1
1570
99
1571
-1
1572
117
1573
-1
1574
48
1575
-1
1576
84
1577
-1
1578
165
1579
-1
1580
132
1581
-1
1582
94
1583
-1
1584
120
1585
-1
1586
163
1587
-1
1588
45
1589
-1
1590
121
1591
-1
1592
20
1593
-1
1594
13
1595
-1
1596
98
1597
-1
1598
185
1599
-1
1600
58
1601
-1
1602
79
1603
-1
1604
123
1605
-1
1606
109
1607
-1
1608
179
1609
-1
1610
97
1611
-1
1612
131
1613
-1
1614
78
1615
-1
1616
108
1617
-1
1618
133
1619
-1
1620
60
1621
-1
1622
131
1623
-1
1624
126
1625
-1
1626
56
1627
-1
1628
38
1629
-1
1630
94
1631
-1
1632
175
1633
-1
1634
67
1635
-1
1636
176
1637
-1
1638
133
1639
-1
1640
45
1641
-1
1642
169
1643
-1
1644
131
1645
-1
1646
16
1647
-1
1648
151
1649
-1
1650
70
1651
-1
1652
63
1653
-1
1654
34
1655
-1
1656
167
1657
-1
1658
47
1659
-1
1660
133
1661
-1
1662
79
1663
-1
1664
136
1665
-1
1666
104
1667
-1
1668
100
1669
-1
1670
63
1671
-1
1672
153
1673
-1
1674
114
1675
-1
1676
40
1677
-1
1678
184
1679
-1
1680
48
1681
-1
1682
187
1683
-1
1684
77
1685
-1
1686
19
1687
-1
1688
160
1689
-1
1690
68
1691
-1
1692
75
1693
-1
1694
165
1695
-1
1696
49
1697
-1
1698
17
1699
-1
1700
146
1701
-1
1702
142
1703
-1
1704
162
1705
-1
1706
97
1707
-1
1708
187
1709
-1
1710
131
1711
-1
1712
73
1713
-1
1714
164
1715
-1
1716
175
1717
-1
1718
82
1719
-1
1720
44
1721
-1
1722
184
1723
-1
1724
23
1725
-1
1726
81
1727
-1
1728
168
1729
-1
1730
18
1731
-1
1732
171
1733
-1
1734
176
1735
-1
1736
169
1737
-1
1738
83
1739
-1
1740
101
1741
-1
1742
146
1743
-1
1744
60
1745
-1
1746
40
1747
-1
1748
13
1749
-1
1750
156
1751
-1
1752
85
1753
-1
1754
179
1755
-1
1756
69
1757
-1
1758
101
1759
-1
1760
68
1761
-1
1762
47
1763
-1
1764
39
1765
-1
1766
86
1767
-1
1768
44
1769
-1
1770
139
1771
-1
1772
125
1773
-1
1774
78
1775
-1
1776
172
1777
-1
1778
154
1779
-1
1780
102
1781
-1
1782
16
1783
-1
1784
2
1785
-1
1786
22
1787
-1
1788
93
1789
-1
1790
114
1791
-1
1792
27
1793
-1
1794
83
1795
-1
1796
181
1797
-1
1798
149
1799
-1
1800
177
1801
-1
1802
111
1803
-1
1804
47
1805
-1
1806
158
1807
-1
1808
15
1809
-1
1810
11
1811
-1
1812
32
1813
-1
1814
91
1815
-1
1816
124
1817
-1
1818
124
1819
-1
1820
76
1821
-1
1822
88
1823
-1
1824
10
1825
-1
1826
57
1827
-1
1828
104
1829
-1
1830
142
1831
-1
1832
96
1833
-1
1834
6
1835
-1
1836
151
1837
-1
1838
47
1839
-1
1840
180
1841
-1
1842
64
1843
-1
1844
74
1845
-1
1846
118
1847
-1
1848
115
1849
-1
1850
13
1851
-1
1852
150
1853
-1
1854
45
1855
-1
1856
83
1857
-1
1858
77
1859
-1
1860
20
1861
-1
1862
13
1863
-1
1864
161
1865
-1
1866
98
1867
-1
1868
1
1869
-1
1870
115
1871
-1
1872
40
1873
-1
1874
124
1875
-1
1876
94
1877
-1
1878
180
1879
-1
1880
35
1881
-1
1882
17
1883
-1
1884
146
1885
-1
1886
31
1887
-1
1888
54
1889
-1
1890
8
1891
-1
1892
165
1893
-1
1894
128
1895
-1
1896
80
1897
-1
1898
135
1899
-1
1900
90
1901
-1
1902
107
1903
-1
1904
128
1905
-1
1906
126
1907
-1
1908
131
1909
-1
1910
163
1911
-1
1912
89
1913
-1
1914
189
1915
-1
1916
61
1917
-1
1918
115
1919
-1
1920
48
1921
-1
1922
108
1923
-1
1924
90
1925
-1
1926
172
1927
-1
1928
70
1929
-1
1930
4
1931
-1
1932
15
1933
-1
1934
141
1935
-1
1936
41
1937
-1
1938
66
1939
-1
1940
127
1941
-1
1942
155
1943
-1
1944
53
1945
-1
1946
132
1947
-1
1948
67
1949
-1
1950
186
1951
-1
1952
54
1953
-1
1954
138
1955
-1
1956
87
1957
-1
1958
38
1959
-1
1960
20
1961
-1
1962
150
1963
-1
1964
151
1965
-1
1966
6
1967
-1
1968
68
1969
-1
1970
13
1971
-1
1972
95
1973
-1
1974
56
1975
-1
1976
35
1977
-1
1978
171
1979
-1
1980
47
1981
-1
1982
169
1983
-1
1984
128
1985
-1
1986
47
1987
-1
1988
174
1989
-1
1990
180
1991
-1
1992
71
1993
-1
1994
84
1995
-1
1996
142
1997
-1
1998
152
1999
-1
2000
89
2001
-1
2002
171
2003
-1
2004
40
2005
-1
2006
175
2007
-1
2008
89
2009
-1
2010
83
2011
-1
2012
34
2013
-1
2014
156
2015
-1
2016
17
2017
-1
2018
187
2019
-1
2020
86
2021
-1
2022
2
2023
-1
2024
165
2025
-1
2026
21
2027
-1
2028
93
2029
-1
2030
191
2031
-1
2032
103
2033
-1
2034
105
2035
-1
2036
101
2037
-1
2038
60
2039
-1
2040
20
2041
-1
2042
62
2043
-1
2044
107
2045
-1
2046
41
2047
-1
2048
70
2049
-1
2050
48
2051
-1
2052
61
2053
-1
2054
125
2055
-1
2056
56
2057
-1
2058
132
2059
-1
2060
25
2061
-1
2062
67
2063
-1
2064
84
2065
-1
2066
114
2067
-1
2068
158
2069
-1
2070
162
2071
-1
2072
123
2073
-1
2074
109
2075
-1
2076
110
2077
-1
2078
22
2079
-1
2080
96
2081
-1
2082
165
2083
-1
2084
55
2085
-1
2086
3
2087
-1
2088
38
2089
-1
2090
190
2091
-1
2092
26
2093
-1
2094
37
2095
-1
2096
34
2097
-1
2098
34
2099
-1
2100
60
2101
-1
2102
31
2103
-1
2104
56
2105
-1
2106
106
2107
-1
2108
188
2109
-1
2110
117
2111
-1
2112
50
2113
-1
2114
126
2115
-1
2116
132
2117
-1
2118
86
2119
-1
2120
183
2121
-1
2122
71
2123
-1
2124
32
2125
-1
2126
97
2127
-1
2128
23
2129
-1
2130
47
2131
-1
2132
160
2133
-1
2134
42
2135
-1
2136
63
2137
-1
2138
103
2139
-1
2140
24
2141
-1
2142
6
2143
-1
2144
68
2145
-1
2146
141
2147
-1
2148
180
2149
-1
2150
156
2151
-1
2152
89
2153
-1
2154
70
2155
-1
2156
99
2157
-1
2158
152
2159
-1
2160
132
2161
-1
2162
26
2163
-1
2164
173
2165
-1
2166
62
2167
-1
2168
31
2169
-1
2170
35
2171
-1
2172
142
2173
-1
2174
88
2175
-1
2176
173
2177
-1
2178
115
2179
-1
2180
180
2181
-1
2182
3
2183
-1
2184
18
2185
-1
2186
113
2187
-1
2188
152
2189
-1
2190
118
2191
-1
2192
158
2193
-1
2194
185
2195
-1
2196
57
2197
-1
2198
47
2199
-1
2200
106
2201
-1
2202
77
2203
-1
2204
6
2205
-1
2206
97
2207
-1
2208
1
2209
-1
2210
1
2211
-1
2212
132
2213
-1
2214
126
2215
-1
2216
33
2217
-1
2218
188
2219
-1
2220
117
2221
-1
2222
81
2223
-1
2224
49
2225
-1
2226
84
2227
-1
2228
184
2229
-1
2230
45
2231
-1
2232
124
2233
-1
2234
25
2235
-1
2236
41
2237
-1
2238
85
2239
-1
2240
47
2241
-1
2242
175
2243
-1
2244
79
2245
-1
2246
118
2247
-1
2248
178
2249
-1
2250
138
2251
-1
2252
118
2253
-1
2254
149
2255
-1
2256
154
2257
-1
2258
90
2259
-1
2260
91
2261
-1
2262
141
2263
-1
2264
162
2265
-1
2266
139
2267
-1
2268
188
2269
-1
2270
118
2271
-1
2272
135
2273
-1
2274
36
2275
-1
2276
166
2277
-1
2278
83
2279
-1
2280
140
2281
-1
2282
67
2283
-1
2284
108
2285
-1
2286
4
2287
-1
2288
56
2289
-1
2290
124
2291
-1
2292
63
2293
-1
2294
85
2295
-1
2296
146
2297
-1
2298
122
2299
-1
2300
42
2301
-1
2302
94
2303
-1
2304
86
2305
-1
2306
142
2307
-1
2308
2
2309
-1
2310
185
2311
-1
2312
29
2313
-1
2314
154
2315
-1
2316
172
2317
-1
2318
91
2319
-1
2320
165
2321
-1
2322
105
2323
-1
2324
161
2325
-1
2326
56
2327
-1
2328
74
2329
-1
2330
10
2331
-1
2332
49
2333
-1
2334
85
2335
-1
2336
7
2337
-1
2338
125
2339
-1
2340
172
2341
-1
2342
148
2343
-1
2344
131
2345
-1
2346
51
2347
-1
2348
129
2349
-1
2350
119
2351
-1
2352
78
2353
-1
2354
92
2355
-1
2356
101
2357
-1
2358
91
2359
-1
2360
75
2361
-1
2362
142
2363
-1
2364
4
2365
-1
2366
27
2367
-1
2368
174
2369
-1
2370
44
2371
-1
2372
57
2373
-1
2374
150
2375
-1
2376
162
2377
-1
2378
191
2379
-1
2380
70
2381
-1
2382
84
2383
-1
2384
70
2385
-1
2386
160
2387
-1
2388
62
2389
-1
2390
47
2391
-1
2392
152
2393
-1
2394
7
2395
-1
2396
107
2397
-1
2398
91
2399
-1
2400
130
2401
-1
2402
22
2403
-1
2404
45
2405
-1
2406
29
2407
-1
2408
148
2409
-1
2410
65
2411
-1
2412
148
2413
-1
2414
88
2415
-1
2416
138
2417
-1
2418
115
2419
-1
2420
7
2421
-1
2422
133
2423
-1
2424
29
2425
-1
2426
48
2427
-1
2428
97
2429
-1
2430
40
2431
-1
2432
0
2433
-1
2434
6
2435
-1
2436
169
2437
-1
2438
181
2439
-1
2440
50
2441
-1
2442
46
2443
-1
2444
73
2445
-1
2446
0
2447
-1
2448
48
2449
-1
2450
8
2451
-1
2452
157
2453
-1
2454
138
2455
-1
2456
97
2457
-1
2458
84
2459
-1
2460
118
2461
-1
2462
123
2463
-1
2464
95
2465
-1
2466
93
2467
-1
2468
141
2469
-1
2470
61
2471
-1
2472
90
2473
-1
2474
100
2475
-1
2476
35
2477
-1
2478
143
2479
-1
2480
63
2481
-1
2482
18
2483
-1
2484
39
2485
-1
2486
12
2487
-1
2488
0
2489
-1
2490
191
2491
-1
2492
184
2493
-1
2494
63
2495
-1
2496
88
2497
-1
2498
79
2499
-1
2500
122
2501
-1
2502
39
2503
-1
2504
90
2505
-1
2506
36
2507
-1
2508
139
2509
-1
2510
165
2511
-1
2512
134
2513
-1
2514
131
2515
-1
2516
98
2517
-1
2518
191
2519
-1
2520
98
2521
-1
2522
124
2523
-1
2524
111
2525
-1
2526
98
2527
-1
2528
80
2529
-1
2530
53
2531
-1
2532
166
2533
-1
2534
98
2535
-1
2536
80
2537
-1
2538
87
2539
-1
2540
113
2541
-1
2542
17
2543
-1
2544
93
2545
-1
2546
43
2547
-1
2548
120
2549
-1
2550
45
2551
-1
2552
113
2553
-1
2554
161
2555
-1
2556
144
2557
-1
2558
37
2559
-1
2560
31
2561
-1
2562
154
2563
-1
2564
9
2565
-1
2566
185
2567
-1
2568
172
2569
-1
2570
171
2571
-1
2572
41
2573
-1
2574
94
2575
-1
2576
135
2577
-1
2578
182
2579
-1
2580
177
2581
-1
2582
53
2583
-1
2584
94
2585
-1
2586
19
2587
-1
2588
29
2589
-1
2590
28
2591
-1
2592
110
2593
-1
2594
146
2595
-1
2596
54
2597
-1
2598
126
2599
-1
2600
41
2601
-1
2602
44
2603
-1
2604
11
2605
-1
2606
29
2607
-1
2608
151
2609
-1
2610
55
2611
-1
2612
191
2613
-1
2614
131
2615
-1
2616
165
2617
-1
2618
22
2619
-1
2620
41
2621
-1
2622
183
2623
-1
2624
129
2625
-1
2626
52
2627
-1
2628
164
2629
-1
2630
148
2631
-1
2632
186
2633
-1
2634
31
2635
-1
2636
117
2637
-1
2638
96
2639
-1
2640
80
2641
-1
2642
8
2643
-1
2644
188
2645
-1
2646
171
2647
-1
2648
142
2649
-1
2650
10
2651
-1
2652
180
2653
-1
2654
171
2655
-1
2656
58
2657
-1
2658
129
2659
-1
2660
22
2661
-1
2662
144
2663
-1
2664
60
2665
-1
2666
104
2667
-1
2668
151
2669
-1
2670
142
2671
-1
2672
103
2673
-1
2674
19
2675
-1
2676
63
2677
-1
2678
178
2679
-1
2680
187
2681
-1
2682
102
2683
-1
2684
75
2685
-1
2686
169
2687
-1
2688
160
2689
-1
2690
174
2691
-1
2692
45
2693
-1
2694
145
2695
-1
2696
126
2697
-1
2698
7
2699
-1
2700
112
2701
-1
2702
140
2703
-1
2704
153
2705
-1
2706
28
2707
-1
2708
113
2709
-1
2710
121
2711
-1
2712
107
2713
-1
2714
61
2715
-1
2716
179
2717
-1
2718
179
2719
-1
2720
159
2721
-1
2722
13
2723
-1
2724
66
2725
-1
2726
37
2727
-1
2728
39
2729
-1
2730
77
2731
-1
2732
147
2733
-1
2734
35
2735
-1
2736
32
2737
-1
2738
97
2739
-1
2740
38
2741
-1
2742
182
2743
-1
2744
145
2745
-1
2746
29
2747
-1
2748
74
2749
-1
2750
25
2751
-1
2752
14
2753
-1
2754
167
2755
-1
2756
64
2757
-1
2758
56
2759
-1
2760
150
2761
-1
2762
89
2763
-1
2764
110
2765
-1
2766
83
2767
-1
2768
76
2769
-1
2770
55
2771
-1
2772
78
2773
-1
2774
120
2775
-1
2776
114
2777
-1
2778
48
2779
-1
2780
49
2781
-1
2782
105
2783
-1
2784
58
2785
-1
2786
174
2787
-1
2788
18
2789
-1
2790
176
2791
-1
2792
67
2793
-1
2794
88
2795
-1
2796
6
2797
-1
2798
102
2799
-1
2800
47
2801
-1
2802
25
2803
-1
2804
121
2805
-1
2806
168
2807
-1
2808
108
2809
-1
2810
26
2811
-1
2812
175
2813
-1
2814
50
2815
-1
2816
134
2817
-1
2818
128
2819
-1
2820
116
2821
-1
2822
161
2823
-1
2824
91
2825
-1
2826
23
2827
-1
2828
174
2829
-1
2830
24
2831
-1
2832
13
2833
-1
2834
123
2835
-1
2836
173
2837
-1
2838
36
2839
-1
2840
93
2841
-1
2842
82
2843
-1
2844
44
2845
-1
2846
185
2847
-1
2848
48
2849
-1
2850
172
2851
-1
2852
20
2853
-1
2854
82
2855
-1
2856
162
2857
-1
2858
122
2859
-1
2860
100
2861
-1
2862
34
2863
-1
2864
182
2865
-1
2866
39
2867
-1
2868
142
2869
-1
2870
91
2871
-1
2872
134
2873
-1
2874
172
2875
-1
2876
140
2877
-1
2878
91
2879
-1
2880
17
2881
-1
2882
133
2883
-1
2884
186
2885
-1
2886
171
2887
-1
2888
133
2889
-1
2890
12
2891
-1
2892
166
2893
-1
2894
139
2895
-1
2896
83
2897
-1
2898
44
2899
-1
2900
101
2901
-1
2902
168
2903
-1
2904
78
2905
-1
2906
137
2907
-1
2908
129
2909
-1
2910
26
2911
-1
2912
140
2913
-1
2914
105
2915
-1
2916
1
2917
-1
2918
115
2919
-1
2920
168
2921
-1
2922
74
2923
-1
2924
157
2925
-1
2926
118
2927
-1
2928
140
2929
-1
2930
129
2931
-1
2932
89
2933
-1
2934
119
2935
-1
2936
42
2937
-1
2938
165
2939
-1
2940
43
2941
-1
2942
45
2943
-1
2944
131
2945
-1
2946
127
2947
-1
2948
61
2949
-1
2950
44
2951
-1
2952
55
2953
-1
2954
141
2955
-1
2956
62
2957
-1
2958
63
2959
-1
2960
75
2961
-1
2962
50
2963
-1
2964
65
2965
-1
2966
149
2967
-1
2968
102
2969
-1
2970
102
2971
-1
2972
129
2973
-1
2974
54
2975
-1
2976
175
2977
-1
2978
144
2979
-1
2980
184
2981
-1
2982
189
2983
-1
2984
54
2985
-1
2986
88
2987
-1
2988
131
2989
-1
2990
160
2991
-1
2992
187
2993
-1
2994
69
2995
-1
2996
184
2997
-1
2998
103
2999
-1
3000
44
3001
-1
3002
174
3003
-1
3004
133
3005
-1
3006
87
3007
-1
3008
83
3009
-1
3010
20
3011
-1
3012
76
3013
-1
3014
17
3015
-1
3016
6
3017
-1
3018
53
3019
-1
3020
165
3021
-1
3022
78
3023
-1
3024
12
3025
-1
3026
156
3027
-1
3028
137
3029
-1
3030
13
3031
-1
3032
134
3033
-1
3034
150
3035
-1
3036
87
3037
-1
3038
103
3039
-1
3040
97
3041
-1
3042
146
3043
-1
3044
112
3045
-1
3046
33
3047
-1
3048
160
3049
-1
3050
137
3051
-1
3052
106
3053
-1
3054
30
3055
-1
3056
49
3057
-1
3058
147
3059
-1
3060
20
3061
-1
3062
157
3063
-1
3064
153
3065
-1
3066
144
3067
-1
3068
97
3069
-1
3070
40
3071
-1
3072
3
3073
-1
3074
142
3075
-1
3076
103
3077
-1
3078
19
3079
-1
3080
169
3081
-1
3082
90
3083
-1
3084
79
3085
-1
3086
177
3087
-1
3088
133
3089
-1
3090
29
3091
-1
3092
51
3093
-1
3094
178
3095
-1
3096
116
3097
-1
3098
147
3099
-1
3100
160
3101
-1
3102
74
3103
-1
3104
68
3105
-1
3106
14
3107
-1
3108
60
3109
-1
3110
168
3111
-1
3112
132
3113
-1
3114
177
3115
-1
3116
130
3117
-1
3118
40
3119
-1
3120
1
3121
-1
3122
165
3123
-1
3124
23
3125
-1
3126
106
3127
-1
3128
51
3129
-1
3130
122
3131
-1
3132
175
3133
-1
3134
19
3135
-1
3136
18
3137
-1
3138
13
3139
-1
3140
47
3141
-1
3142
183
3143
-1
3144
19
3145
-1
3146
126
3147
-1
3148
104
3149
-1
3150
168
3151
-1
3152
106
3153
-1
3154
136
3155
-1
3156
32
3157
-1
3158
153
3159
-1
3160
35
3161
-1
3162
63
3163
-1
3164
144
3165
-1
3166
42
3167
-1
3168
71
3169
-1
3170
78
3171
-1
3172
93
3173
-1
3174
42
3175
-1
3176
121
3177
-1
3178
163
3179
-1
3180
99
3181
-1
3182
130
3183
-1
3184
173
3185
-1
3186
180
3187
-1
3188
160
3189
-1
3190
85
3191
-1
3192
82
3193
-1
3194
137
3195
-1
3196
117
3197
-1
3198
21
3199
-1
3200
43
3201
-1
3202
49
3203
-1
3204
187
3205
-1
3206
65
3207
-1
3208
184
3209
-1
3210
151
3211
-1
3212
83
3213
-1
3214
103
3215
-1
3216
30
3217
-1
3218
7
3219
-1
3220
121
3221
-1
3222
27
3223
-1
3224
155
3225
-1
3226
12
3227
-1
3228
76
3229
-1
3230
6
3231
-1
3232
76
3233
-1
3234
129
3235
-1
3236
182
3237
-1
3238
96
3239
-1
3240
33
3241
-1
3242
26
3243
-1
3244
36
3245
-1
3246
45
3247
-1
3248
159
3249
-1
3250
190
3251
-1
3252
125
3253
-1
3254
74
3255
-1
3256
110
3257
-1
3258
91
3259
-1
3260
106
3261
-1
3262
83
3263
-1
3264
9
3265
-1
3266
29
3267
-1
3268
174
3269
-1
3270
73
3271
-1
3272
75
3273
-1
3274
112
3275
-1
3276
101
3277
-1
3278
153
3279
-1
3280
118
3281
-1
3282
150
3283
-1
3284
56
3285
-1
3286
19
3287
-1
3288
81
3289
-1
3290
34
3291
-1
3292
102
3293
-1
3294
138
3295
-1
3296
162
3297
-1
3298
26
3299
-1
3300
39
3301
-1
3302
66
3303
-1
3304
171
3305
-1
3306
21
3307
-1
3308
34
3309
-1
3310
167
3311
-1
3312
57
3313
-1
3314
29
3315
-1
3316
43
3317
-1
3318
26
3319
-1
3320
5
3321
-1
3322
122
3323
-1
3324
46
3325
-1
3326
94
3327
-1
3328
150
3329
-1
3330
128
3331
-1
3332
64
3333
-1
3334
155
3335
-1
3336
14
3337
-1
3338
7
3339
-1
3340
125
3341
-1
3342
156
3343
-1
3344
183
3345
-1
3346
79
3347
-1
3348
91
3349
-1
3350
154
3351
-1
3352
39
3353
-1
3354
17
3355
-1
3356
101
3357
-1
3358
86
3359
-1
3360
148
3361
-1
3362
7
3363
-1
3364
143
3365
-1
3366
162
3367
-1
3368
142
3369
-1
3370
65
3371
-1
3372
91
3373
-1
3374
31
3375
-1
3376
63
3377
-1
3378
63
3379
-1
3380
184
3381
-1
3382
131
3383
-1
3384
143
3385
-1
3386
70
3387
-1
3388
139
3389
-1
3390
67
3391
-1
3392
22
3393
-1
3394
43
3395
-1
3396
165
3397
-1
3398
74
3399
-1
3400
38
3401
-1
3402
136
3403
-1
3404
86
3405
-1
3406
19
3407
-1
3408
130
3409
-1
3410
107
3411
-1
3412
73
3413
-1
3414
108
3415
-1
3416
1
3417
-1
3418
5
3419
-1
3420
7
3421
-1
3422
101
3423
-1
3424
161
3425
-1
3426
166
3427
-1
3428
49
3429
-1
3430
129
3431
-1
3432
185
3433
-1
3434
144
3435
-1
3436
23
3437
-1
3438
50
3439
-1
3440
34
3441
-1
3442
191
3443
-1
3444
76
3445
-1
3446
141
3447
-1
3448
179
3449
-1
3450
131
3451
-1
3452
36
3453
-1
3454
143
3455
-1
3456
172
3457
-1
3458
115
3459
-1
3460
92
3461
-1
3462
69
3463
-1
3464
70
3465
-1
3466
153
3467
-1
3468
134
3469
-1
3470
84
3471
-1
3472
87
3473
-1
3474
140
3475
-1
3476
120
3477
-1
3478
7
3479
-1
3480
58
3481
-1
3482
13
3483
-1
3484
191
3485
-1
3486
171
3487
-1
3488
148
3489
-1
3490
122
3491
-1
3492
100
3493
-1
3494
26
3495
-1
3496
109
3497
-1
3498
74
3499
-1
3500
87
3501
-1
3502
107
3503
-1
3504
121
3505
-1
3506
172
3507
-1
3508
112
3509
-1
3510
127
3511
-1
3512
190
3513
-1
3514
75
3515
-1
3516
134
3517
-1
3518
57
3519
-1
3520
84
3521
-1
3522
140
3523
-1
3524
152
3525
-1
3526
18
3527
-1
3528
83
3529
-1
3530
97
3531
-1
3532
89
3533
-1
3534
108
3535
-1
3536
7
3537
-1
3538
138
3539
-1
3540
179
3541
-1
3542
186
3543
-1
3544
1
3545
-1
3546
166
3547
-1
3548
121
3549
-1
3550
29
3551
-1
3552
191
3553
-1
3554
168
3555
-1
3556
141
3557
-1
3558
58
3559
-1
3560
152
3561
-1
3562
30
3563
-1
3564
138
3565
-1
3566
122
3567
-1
3568
145
3569
-1
3570
125
3571
-1
3572
147
3573
-1
3574
154
3575
-1
3576
86
3577
-1
3578
27
3579
-1
3580
43
3581
-1
3582
2
3583
-1
3584
43
3585
-1
3586
100
3587
-1
3588
57
3589
-1
3590
56
3591
-1
3592
66
3593
-1
3594
42
3595
-1
3596
95
3597
-1
3598
166
3599
-1
3600
130
3601
-1
3602
177
3603
-1
3604
180
3605
-1
3606
25
3607
-1
3608
115
3609
-1
3610
0
3611
-1
3612
63
3613
-1
3614
24
3615
-1
3616
21
3617
-1
3618
24
3619
-1
3620
61
3621
-1
3622
183
3623
-1
3624
141
3625
-1
3626
44
3627
-1
3628
97
3629
-1
3630
100
3631
-1
3632
158
3633
-1
3634
103
3635
-1
3636
116
3637
-1
3638
5
3639
-1
3640
45
3641
-1
3642
118
3643
-1
3644
158
3645
-1
3646
155
3647
-1
3648
95
3649
-1
3650
130
3651
-1
3652
59
3653
-1
3654
188
3655
-1
3656
12
3657
-1
3658
117
3659
-1
3660
105
3661
-1
3662
87
3663
-1
3664
104
3665
-1
3666
55
3667
-1
3668
187
3669
-1
3670
71
3671
-1
3672
129
3673
-1
3674
87
3675
-1
3676
88
3677
-1
3678
83
3679
-1
3680
58
3681
-1
3682
158
3683
-1
3684
110
3685
-1
3686
26
3687
-1
3688
156
3689
-1
3690
116
3691
-1
3692
80
3693
-1
3694
108
3695
-1
3696
150
3697
-1
3698
172
3699
-1
3700
84
3701
-1
3702
169
3703
-1
3704
94
3705
-1
3706
131
3707
-1
3708
159
3709
-1
3710
88
3711
-1
3712
79
3713
-1
3714
45
3715
-1
3716
36
3717
-1
3718
160
3719
-1
3720
16
3721
-1
3722
169
3723
-1
3724
56
3725
-1
3726
24
3727
-1
3728
144
3729
-1
3730
141
3731
-1
3732
149
3733
-1
3734
71
3735
-1
3736
24
3737
-1
3738
134
3739
-1
3740
28
3741
-1
3742
64
3743
-1
3744
179
3745
-1
3746
123
3747
-1
3748
156
3749
-1
3750
30
3751
-1
3752
7
3753
-1
3754
172
3755
-1
3756
113
3757
-1
3758
113
3759
-1
3760
136
3761
-1
3762
42
3763
-1
3764
150
3765
-1
3766
136
3767
-1
3768
107
3769
-1
3770
91
3771
-1
3772
98
3773
-1
3774
46
3775
-1
3776
31
3777
-1
3778
7
3779
-1
3780
94
3781
-1
3782
124
3783
-1
3784
4
3785
-1
3786
63
3787
-1
3788
185
3789
-1
3790
108
3791
-1
3792
103
3793
-1
3794
184
3795
-1
3796
159
3797
-1
3798
175
3799
-1
3800
10
3801
-1
3802
26
3803
-1
3804
141
3805
-1
3806
146
3807
-1
3808
141
3809
-1
3810
22
3811
-1
3812
169
3813
-1
3814
36
3815
-1
3816
160
3817
-1
3818
10
3819
-1
3820
17
3821
-1
3822
139
3823
-1
3824
31
3825
-1
3826
122
3827
-1
3828
179
3829
-1
3830
3
3831
-1
3832
180
3833
-1
3834
88
3835
-1
3836
37
3837
-1
3838
44
3839
-1
3840
7
3841
-1
3842
100
3843
-1
3844
33
3845
-1
3846
41
3847
-1
3848
110
3849
-1
3850
75
3851
-1
3852
56
3853
-1
3854
155
3855
-1
3856
66
3857
-1
3858
157
3859
-1
3860
11
3861
-1
3862
160
3863
-1
3864
83
3865
-1
3866
57
3867
-1
3868
147
3869
-1
3870
37
3871
-1
3872
108
3873
-1
3874
135
3875
-1
3876
81
3877
-1
3878
92
3879
-1
3880
28
3881
-1
3882
101
3883
-1
3884
55
3885
-1
3886
88
3887
-1
3888
127
3889
-1
3890
103
3891
-1
3892
180
3893
-1
3894
128
3895
-1
3896
169
3897
-1
3898
24
3899
-1
3900
38
3901
-1
3902
175
3903
-1
3904
123
3905
-1
3906
180
3907
-1
3908
110
3909
-1
3910
190
3911
-1
3912
154
3913
-1
3914
130
3915
-1
3916
19
3917
-1
3918
24
3919
-1
3920
116
3921
-1
3922
67
3923
-1
3924
134
3925
-1
3926
165
3927
-1
3928
58
3929
-1
3930
131
3931
-1
3932
175
3933
-1
3934
11
3935
-1
3936
162
3937
-1
3938
53
3939
-1
3940
103
3941
-1
3942
110
3943
-1
3944
33
3945
-1
3946
110
3947
-1
3948
65
3949
-1
3950
32
3951
-1
3952
107
3953
-1
3954
13
3955
-1
3956
3
3957
-1
3958
176
3959
-1
3960
97
3961
-1
3962
68
3963
-1
3964
9
3965
-1
3966
163
3967
-1
3968
190
3969
-1
3970
53
3971
-1
3972
124
3973
-1
3974
0
3975
-1
3976
163
3977
-1
3978
17
3979
-1
3980
51
3981
-1
3982
130
3983
-1
3984
84
3985
-1
3986
12
3987
-1
3988
104
3989
-1
3990
153
3991
-1
3992
156
3993
-1
3994
118
3995
-1
3996
144
3997
-1
3998
72
3999
-1
4000
135
4001
-1
4002
175
4003
-1
4004
25
4005
-1
4006
69
4007
-1
4008
5
4009
-1
4010
90
4011
-1
4012
80
4013
-1
4014
17
4015
-1
4016
13
4017
-1
4018
114
4019
-1
4020
61
4021
-1
4022
131
4023
-1
4024
109
4025
-1
4026
103
4027
-1
4028
51
4029
-1
4030
113
4031
-1
4032
66
4033
-1
4034
80
4035
-1
4036
20
4037
-1
4038
101
4039
-1
4040
90
4041
-1
4042
35
4043
-1
4044
79
4045
-1
4046
40
4047
-1
4048
63
4049
-1
4050
40
4051
-1
4052
185
4053
-1
4054
59
4055
-1
4056
118
4057
-1
4058
14
4059
-1
4060
178
4061
-1
4062
40
4063
-1
4064
57
4065
-1
4066
114
4067
-1
4068
144
4069
-1
4070
65
4071
-1
4072
24
4073
-1
4074
89
4075
-1
4076
20
4077
-1
4078
179
4079
-1
4080
164
4081
-1
4082
160
4083
-1
4084
83
4085
-1
4086
107
4087
-1
4088
105
4089
-1
4090
74
4091
-1
4092
69
4093
-1
4094
57
4095
-1
4096
33
4097
-1
4098
112
4099
-1
4100
191
4101
-1
4102
153
4103
-1
4104
20
4105
-1
4106
136
4107
-1
4108
8
4109
-1
4110
137
4111
-1
4112
34
4113
-1
4114
177
4115
-1
4116
183
4117
-1
4118
66
4119
-1
4120
150
4121
-1
4122
31
4123
-1
4124
35
4125
-1
4126
131
4127
-1
4128
84
4129
-1
4130
30
4131
-1
4132
139
4133
-1
4134
47
4135
-1
4136
14
4137
-1
4138
42
4139
-1
4140
157
4141
-1
4142
100
4143
-1
4144
163
4145
-1
4146
93
4147
-1
4148
140
4149
-1
4150
52
4151
-1
4152
156
4153
-1
4154
85
4155
-1
4156
18
4157
-1
4158
131
4159
-1
4160
167
4161
-1
4162
119
4163
-1
4164
162
4165
-1
4166
127
4167
-1
4168
159
4169
-1
4170
184
4171
-1
4172
56
4173
-1
4174
77
4175
-1
4176
181
4177
-1
4178
81
4179
-1
4180
157
4181
-1
4182
114
4183
-1
4184
160
4185
-1
4186
28
4187
-1
4188
66
4189
-1
4190
47
4191
-1
4192
163
4193
-1
4194
31
4195
-1
4196
82
4197
-1
4198
186
4199
-1
4200
155
4201
-1
4202
121
4203
-1
4204
97
4205
-1
4206
48
4207
-1
4208
71
4209
-1
4210
172
4211
-1
4212
176
4213
-1
4214
136
4215
-1
4216
83
4217
-1
4218
171
4219
-1
4220
44
4221
-1
4222
9
4223
-1
4224
122
4225
-1
4226
112
4227
-1
4228
114
4229
-1
4230
76
4231
-1
4232
124
4233
-1
4234
148
4235
-1
4236
190
4237
-1
4238
156
4239
-1
4240
35
4241
-1
4242
46
4243
-1
4244
54
4245
-1
4246
120
4247
-1
4248
158
4249
-1
4250
168
4251
-1
4252
1
4253
-1
4254
5
4255
-1
4256
60
4257
-1
4258
117
4259
-1
4260
33
4261
-1
4262
168
4263
-1
4264
58
4265
-1
4266
67
4267
-1
4268
62
4269
-1
4270
110
4271
-1
4272
138
4273
-1
4274
190
4275
-1
4276
50
4277
-1
4278
189
4279
-1
4280
52
4281
-1
4282
181
4283
-1
4284
21
4285
-1
4286
169
4287
-1
4288
84
4289
-1
4290
82
4291
-1
4292
55
4293
-1
4294
90
4295
-1
4296
184
4297
-1
4298
39
4299
-1
4300
71
4301
-1
4302
19
4303
-1
4304
122
4305
-1
4306
141
4307
-1
4308
135
4309
-1
4310
55
4311
-1
4312
172
4313
-1
4314
191
4315
-1
4316
184
4317
-1
4318
120
4319
-1
4320
4
4321
-1
4322
136
4323
-1
4324
72
4325
-1
4326
162
4327
-1
4328
98
4329
-1
4330
20
4331
-1
4332
119
4333
-1
4334
126
4335
-1
4336
145
4337
-1
4338
123
4339
-1
4340
1
4341
-1
4342
170
4343
-1
4344
161
4345
-1
4346
10
4347
-1
4348
22
4349
-1
4350
58
4351
-1
4352
45
4353
-1
4354
35
4355
-1
4356
150
4357
-1
4358
95
4359
-1
4360
128
4361
-1
4362
3
4363
-1
4364
24
4365
-1
4366
138
4367
-1
4368
13
4369
-1
4370
144
4371
-1
4372
9
4373
-1
4374
135
4375
-1
4376
158
4377
-1
4378
81
4379
-1
4380
62
4381
-1
4382
145
4383
-1
4384
49
4385
-1
4386
113
4387
-1
4388
184
4389
-1
4390
67
4391
-1
4392
76
4393
-1
4394
140
4395
-1
4396
110
4397
-1
4398
171
4399
-1
4400
24
4401
-1
4402
102
4403
-1
4404
51
4405
-1
4406
183
4407
-1
4408
36
4409
-1
4410
115
4411
-1
4412
14
4413
-1
4414
36
4415
-1
4416
84
4417
-1
4418
105
4419
-1
4420
173
4421
-1
4422
3
4423
-1
4424
3
4425
-1
4426
136
4427
-1
4428
88
4429
-1
4430
140
4431
-1
4432
16
4433
-1
4434
34
4435
-1
4436
123
4437
-1
4438
108
4439
-1
4440
148
4441
-1
4442
132
4443
-1
4444
154
4445
-1
4446
58
4447
-1
4448
89
4449
-1
4450
21
4451
-1
4452
94
4453
-1
4454
54
4455
-1
4456
188
4457
-1
4458
34
4459
-1
4460
82
4461
-1
4462
103
4463
-1
4464
130
4465
-1
4466
126
4467
-1
4468
21
4469
-1
4470
149
4471
-1
4472
176
4473
-1
4474
93
4475
-1
4476
56
4477
-1
4478
98
4479
-1
4480
60
4481
-1
4482
90
4483
-1
4484
163
4485
-1
4486
33
4487
-1
4488
69
4489
-1
4490
175
4491
-1
4492
136
4493
-1
4494
58
4495
-1
4496
109
4497
-1
4498
144
4499
-1
4500
28
4501
-1
4502
95
4503
-1
4504
190
4505
-1
4506
74
4507
-1
4508
122
4509
-1
4510
23
4511
-1
4512
32
4513
-1
4514
56
4515
-1
4516
144
4517
-1
4518
38
4519
-1
4520
45
4521
-1
4522
115
4523
-1
4524
129
4525
-1
4526
128
4527
-1
4528
54
4529
-1
4530
108
4531
-1
4532
162
4533
-1
4534
31
4535
-1
4536
154
4537
-1
4538
149
4539
-1
4540
28
4541
-1
4542
127
4543
-1
4544
76
4545
-1
4546
18
4547
-1
4548
153
4549
-1
4550
190
4551
-1
4552
3
4553
-1
4554
185
4555
-1
4556
69
4557
-1
4558
184
4559
-1
4560
18
4561
-1
4562
51
4563
-1
4564
153
4565
-1
4566
132
4567
-1
4568
65
4569
-1
4570
122
4571
-1
4572
43
4573
-1
4574
39
4575
-1
4576
117
4577
-1
4578
69
4579
-1
4580
106
4581
-1
4582
67
4583
-1
4584
177
4585
-1
4586
113
4587
-1
4588
156
4589
-1
4590
127
4591
-1
4592
76
4593
-1
4594
89
4595
-1
4596
171
4597
-1
4598
125
4599
-1
4600
158
4601
-1
4602
24
4603
-1
4604
167
4605
-1
4606
178
4607
-1
4608
15
4609
-1
4610
112
4611
-1
4612
178
4613
-1
4614
58
4615
-1
4616
73
4617
-1
4618
157
4619
-1
4620
71
4621
-1
4622
166
4623
-1
4624
86
4625
-1
4626
183
4627
-1
4628
62
4629
-1
4630
97
4631
-1
4632
106
4633
-1
4634
79
4635
-1
4636
173
4637
-1
4638
6
4639
-1
4640
105
4641
-1
4642
187
4643
-1
4644
188
4645
-1
4646
157
4647
-1
4648
34
4649
-1
4650
39
4651
-1
4652
24
4653
-1
4654
113
4655
-1
4656
2
4657
-1
4658
107
4659
-1
4660
56
4661
-1
4662
84
4663
-1
4664
178
4665
-1
4666
125
4667
-1
4668
106
4669
-1
4670
83
4671
-1
4672
179
4673
-1
4674
141
4675
-1
4676
77
4677
-1
4678
181
4679
-1
4680
168
4681
-1
4682
107
4683
-1
4684
47
4685
-1
4686
69
4687
-1
4688
185
4689
-1
4690
58
4691
-1
4692
8
4693
-1
4694
69
4695
-1
4696
26
4697
-1
4698
27
4699
-1
4700
135
4701
-1
4702
42
4703
-1
4704
21
4705
-1
4706
168
4707
-1
4708
135
4709
-1
4710
141
4711
-1
4712
155
4713
-1
4714
79
4715
-1
4716
62
4717
-1
4718
11
4719
-1
4720
74
4721
-1
4722
156
4723
-1
4724
57
4725
-1
4726
19
4727
-1
4728
180
4729
-1
4730
92
4731
-1
4732
106
4733
-1
4734
90
4735
-1
4736
143
4737
-1
4738
72
4739
-1
4740
188
4741
-1
4742
158
4743
-1
4744
26
4745
-1
4746
119
4747
-1
4748
156
4749
-1
4750
146
4751
-1
4752
11
4753
-1
4754
82
4755
-1
4756
160
4757
-1
4758
103
4759
-1
4760
21
4761
-1
4762
55
4763
-1
4764
139
4765
-1
4766
6
4767
-1
4768
25
4769
-1
4770
55
4771
-1
4772
146
4773
-1
4774
23
4775
-1
4776
7
4777
-1
4778
5
4779
-1
4780
96
4781
-1
4782
176
4783
-1
4784
111
4785
-1
4786
25
4787
-1
4788
150
4789
-1
4790
190
4791
-1
4792
2
4793
-1
4794
89
4795
-1
4796
50
4797
-1
4798
37
4799
-1
4800
2
4801
-1
4802
50
4803
-1
4804
60
4805
-1
4806
102
4807
-1
4808
122
4809
-1
4810
128
4811
-1
4812
89
4813
-1
4814
185
4815
-1
4816
32
4817
-1
4818
80
4819
-1
4820
60
4821
-1
4822
124
4823
-1
4824
71
4825
-1
4826
156
4827
-1
4828
99
4829
-1
4830
184
4831
-1
4832
33
4833
-1
4834
157
4835
-1
4836
165
4837
-1
4838
66
4839
-1
4840
95
4841
-1
4842
52
4843
-1
4844
48
4845
-1
4846
137
4847
-1
4848
106
4849
-1
4850
98
4851
-1
4852
58
4853
-1
4854
89
4855
-1
4856
147
4857
-1
4858
189
4859
-1
4860
47
4861
-1
4862
136
4863
-1
4864
30
4865
-1
4866
103
4867
-1
4868
57
4869
-1
4870
182
4871
-1
4872
0
4873
-1
4874
28
4875
-1
4876
163
4877
-1
4878
110
4879
-1
4880
129
4881
-1
4882
45
4883
-1
4884
39
4885
-1
4886
26
4887
-1
4888
151
4889
-1
4890
98
4891
-1
4892
95
4893
-1
4894
146
4895
-1
4896
67
4897
-1
4898
42
4899
-1
4900
57
4901
-1
4902
113
4903
-1
4904
66
4905
-1
4906
150
4907
-1
4908
178
4909
-1
4910
63
4911
-1
4912
60
4913
-1
4914
30
4915
-1
4916
14
4917
-1
4918
19
4919
-1
4920
140
4921
-1
4922
84
4923
-1
4924
22
4925
-1
4926
153
4927
-1
4928
146
4929
-1
4930
140
4931
-1
4932
179
4933
-1
4934
29
4935
-1
4936
54
4937
-1
4938
182
4939
-1
4940
62
4941
-1
4942
69
4943
-1
4944
172
4945
-1
4946
139
4947
-1
4948
118
4949
-1
4950
165
4951
-1
4952
148
4953
-1
4954
158
4955
-1
4956
63
4957
-1
4958
44
4959
-1
4960
81
4961
-1
4962
82
4963
-1
4964
103
4965
-1
4966
182
4967
-1
4968
103
4969
-1
4970
128
4971
-1
4972
56
4973
-1
4974
154
4975
-1
4976
131
4977
-1
4978
78
4979
-1
4980
42
4981
-1
4982
0
4983
-1
4984
39
4985
-1
4986
16
4987
-1
4988
138
4989
-1
4990
169
4991
-1
4992
98
4993
-1
4994
5
4995
-1
4996
0
4997
-1
4998
147
4999
-1
