********************************************************************************
The planted motif0 is:
GCCTTGGCC
0
36
1
64
2
175
3
152
4
-1
5
48
6
86
7
172
8
161
9
-1
10
186
11
83
12
16
13
80
14
-1
15
165
16
81
17
1
18
167
19
-1
20
81
21
26
22
87
23
139
24
-1
25
89
26
82
27
135
28
146
29
-1
30
97
31
165
32
107
33
5
34
-1
35
29
36
145
37
35
38
62
39
-1
40
161
41
104
42
173
43
111
44
-1
45
45
46
81
47
21
48
116
49
-1
50
130
51
159
52
178
53
4
54
-1
55
67
56
83
57
120
58
87
59
-1
60
94
61
158
62
106
63
3
64
-1
65
120
66
48
67
18
68
97
69
-1
70
27
71
91
72
7
73
179
74
-1
75
73
76
68
77
110
78
112
79
-1
80
110
81
133
82
127
83
28
84
-1
85
138
86
41
87
42
88
73
89
-1
90
24
91
42
92
161
93
133
94
-1
95
156
96
148
97
152
98
51
99
-1
100
60
101
39
102
74
103
135
104
-1
105
4
106
40
107
185
108
165
109
-1
110
175
111
108
112
44
113
123
114
-1
115
55
116
141
117
162
118
64
119
-1
120
68
121
38
122
174
123
35
124
-1
125
5
126
148
127
41
128
146
129
-1
130
65
131
125
132
16
133
150
134
-1
135
5
136
146
137
63
138
80
139
-1
140
47
141
166
142
57
143
176
144
-1
145
74
146
153
147
90
148
26
149
-1
150
129
151
20
152
118
153
128
154
-1
155
111
156
59
157
142
158
141
159
-1
160
54
161
106
162
129
163
102
164
-1
165
69
166
70
167
135
168
152
169
-1
170
22
171
131
172
121
173
133
174
-1
175
138
176
130
177
142
178
37
179
-1
180
97
181
172
182
132
183
18
184
-1
185
28
186
51
187
33
188
113
189
-1
190
30
191
18
192
21
193
187
194
-1
195
129
196
7
197
144
198
69
199
-1
200
1
201
11
202
65
203
35
204
-1
205
49
206
12
207
100
208
25
209
-1
210
126
211
150
212
100
213
76
214
-1
215
51
216
99
217
95
218
20
219
-1
220
186
221
51
222
23
223
188
224
-1
225
153
226
152
227
183
228
41
229
-1
230
84
231
19
232
143
233
85
234
-1
235
72
236
93
237
172
238
63
239
-1
240
147
241
134
242
85
243
8
244
-1
245
50
246
124
247
83
248
85
249
-1
250
94
251
34
252
157
253
12
254
-1
255
16
256
91
257
126
258
140
259
-1
260
41
261
104
262
150
263
38
264
-1
265
131
266
67
267
38
268
132
269
-1
270
87
271
159
272
123
273
162
274
-1
275
191
276
161
277
165
278
107
279
-1
280
128
281
15
282
1
283
85
284
-1
285
94
286
144
287
100
288
12
289
-1
290
3
291
185
292
55
293
20
294
-1
295
112
296
7
297
53
298
142
299
-1
300
52
301
182
302
127
303
183
304
-1
305
117
306
152
307
159
308
16
309
-1
310
23
311
89
312
1
313
99
314
-1
315
117
316
170
317
38
318
35
319
-1
320
47
321
58
322
105
323
19
324
-1
325
57
326
132
327
14
328
93
329
-1
330
81
331
69
332
52
333
140
334
-1
335
42
336
127
337
39
338
34
339
-1
340
133
341
143
342
129
343
140
344
-1
345
167
346
102
347
92
348
154
349
-1
350
143
351
175
352
120
353
86
354
-1
355
125
356
68
357
78
358
116
359
-1
360
69
361
118
362
28
363
74
364
-1
365
46
366
170
367
160
368
152
369
-1
370
45
371
8
372
83
373
90
374
-1
375
83
376
115
377
14
378
44
379
-1
380
129
381
34
382
9
383
35
384
-1
385
50
386
79
387
30
388
161
389
-1
390
71
391
169
392
100
393
72
394
-1
395
167
396
140
397
81
398
77
399
-1
400
61
401
16
402
158
403
111
404
-1
405
18
406
8
407
177
408
165
409
-1
410
125
411
0
412
70
413
72
414
-1
415
68
416
147
417
129
418
7
419
-1
420
151
421
103
422
117
423
45
424
-1
425
143
426
72
427
43
428
189
429
-1
430
139
431
123
432
112
433
17
434
-1
435
91
436
129
437
168
438
90
439
-1
440
64
441
58
442
190
443
172
444
-1
445
63
446
63
447
77
448
131
449
-1
450
177
451
116
452
132
453
75
454
-1
455
86
456
39
457
66
458
98
459
-1
460
99
461
78
462
24
463
191
464
-1
465
26
466
32
467
137
468
165
469
-1
470
71
471
61
472
148
473
131
474
-1
475
101
476
41
477
133
478
28
479
-1
480
123
481
131
482
17
483
129
484
-1
485
107
486
6
487
126
488
12
489
-1
490
158
491
20
492
9
493
28
494
-1
495
24
496
68
497
146
498
143
499
-1
500
123
501
23
502
12
503
99
504
-1
505
13
506
115
507
123
508
175
509
-1
510
189
511
108
512
143
513
127
514
-1
515
13
516
170
517
103
518
20
519
-1
520
128
521
100
522
111
523
173
524
-1
525
189
526
63
527
168
528
3
529
-1
530
104
531
17
532
65
533
123
534
-1
535
29
536
144
537
161
538
15
539
-1
540
158
541
57
542
97
543
3
544
-1
545
83
546
30
547
1
548
115
549
-1
550
118
551
27
552
153
553
22
554
-1
555
109
556
118
557
171
558
173
559
-1
560
125
561
118
562
169
563
95
564
-1
565
91
566
11
567
185
568
95
569
-1
570
180
571
128
572
22
573
141
574
-1
575
104
576
160
577
160
578
7
579
-1
580
57
581
55
582
79
583
32
584
-1
585
1
586
97
587
18
588
60
589
-1
590
80
591
101
592
79
593
159
594
-1
595
32
596
12
597
100
598
26
599
-1
600
166
601
154
602
27
603
100
604
-1
605
58
606
77
607
139
608
16
609
-1
610
34
611
167
612
65
613
156
614
-1
615
145
616
53
617
138
618
0
619
-1
620
161
621
93
622
54
623
177
624
-1
625
128
626
37
627
43
628
135
629
-1
630
164
631
128
632
106
633
127
634
-1
635
41
636
38
637
95
638
120
639
-1
640
104
641
60
642
63
643
176
644
-1
645
168
646
182
647
21
648
141
649
-1
650
189
651
0
652
115
653
142
654
-1
655
45
656
162
657
53
658
164
659
-1
660
163
661
44
662
106
663
144
664
-1
665
145
666
127
667
85
668
141
669
-1
670
83
671
57
672
15
673
12
674
-1
675
90
676
163
677
14
678
112
679
-1
680
178
681
64
682
70
683
10
684
-1
685
85
686
94
687
186
688
66
689
-1
690
172
691
126
692
96
693
80
694
-1
695
131
696
96
697
32
698
133
699
-1
700
7
701
31
702
87
703
115
704
-1
705
99
706
145
707
43
708
155
709
-1
710
19
711
183
712
119
713
115
714
-1
715
69
716
76
717
22
718
60
719
-1
720
150
721
171
722
36
723
81
724
-1
725
49
726
35
727
10
728
31
729
-1
730
71
731
59
732
92
733
120
734
-1
735
186
736
139
737
89
738
184
739
-1
740
112
741
111
742
130
743
163
744
-1
745
111
746
138
747
146
748
81
749
-1
750
170
751
122
752
151
753
182
754
-1
755
120
756
95
757
116
758
164
759
-1
760
53
761
85
762
24
763
179
764
-1
765
73
766
186
767
18
768
152
769
-1
770
177
771
174
772
17
773
30
774
-1
775
101
776
51
777
107
778
21
779
-1
780
109
781
122
782
151
783
133
784
-1
785
176
786
68
787
134
788
163
789
-1
790
99
791
3
792
65
793
145
794
-1
795
27
796
159
797
20
798
131
799
-1
800
61
801
188
802
175
803
120
804
-1
805
153
806
148
807
159
808
146
809
-1
810
185
811
18
812
157
813
23
814
-1
815
123
816
107
817
17
818
87
819
-1
820
53
821
114
822
75
823
43
824
-1
825
156
826
96
827
70
828
74
829
-1
830
62
831
156
832
92
833
30
834
-1
835
85
836
142
837
71
838
174
839
-1
840
53
841
53
842
36
843
69
844
-1
845
53
846
83
847
8
848
116
849
-1
850
125
851
0
852
162
853
93
854
-1
855
162
856
15
857
77
858
65
859
-1
860
190
861
0
862
107
863
44
864
-1
865
80
866
145
867
102
868
187
869
-1
870
169
871
169
872
111
873
29
874
-1
875
182
876
33
877
190
878
40
879
-1
880
78
881
50
882
67
883
152
884
-1
885
45
886
161
887
129
888
179
889
-1
890
173
891
23
892
167
893
99
894
-1
895
79
896
3
897
72
898
156
899
-1
900
71
901
58
902
158
903
103
904
-1
905
141
906
0
907
94
908
118
909
-1
910
64
911
177
912
169
913
66
914
-1
915
38
916
23
917
42
918
79
919
-1
920
125
921
6
922
183
923
139
924
-1
925
86
926
180
927
74
928
83
929
-1
930
21
931
18
932
52
933
159
934
-1
935
76
936
116
937
159
938
21
939
-1
940
128
941
124
942
30
943
53
944
-1
945
23
946
185
947
72
948
16
949
-1
950
41
951
147
952
184
953
65
954
-1
955
177
956
41
957
70
958
83
959
-1
960
53
961
55
962
163
963
126
964
-1
965
187
966
178
967
134
968
99
969
-1
970
117
971
48
972
84
973
165
974
-1
975
132
976
94
977
120
978
163
979
-1
980
45
981
121
982
20
983
13
984
-1
985
98
986
185
987
58
988
79
989
-1
990
123
991
109
992
179
993
97
994
-1
995
131
996
78
997
108
998
133
999
-1
1000
60
1001
131
1002
126
1003
56
1004
-1
1005
38
1006
94
1007
175
1008
67
1009
-1
1010
176
1011
133
1012
45
1013
169
1014
-1
1015
131
1016
16
1017
151
1018
70
1019
-1
1020
63
1021
34
1022
167
1023
47
1024
-1
1025
133
1026
79
1027
136
1028
104
1029
-1
1030
100
1031
63
1032
153
1033
114
1034
-1
1035
40
1036
184
1037
48
1038
187
1039
-1
1040
77
1041
19
1042
160
1043
68
1044
-1
1045
75
1046
165
1047
49
1048
17
1049
-1
1050
146
1051
142
1052
162
1053
97
1054
-1
1055
187
1056
131
1057
73
1058
164
1059
-1
1060
175
1061
82
1062
44
1063
184
1064
-1
1065
23
1066
81
1067
168
1068
18
1069
-1
1070
171
1071
176
1072
169
1073
83
1074
-1
1075
101
1076
146
1077
60
1078
40
1079
-1
1080
13
1081
156
1082
85
1083
179
1084
-1
1085
69
1086
101
1087
68
1088
47
1089
-1
1090
39
1091
86
1092
44
1093
139
1094
-1
1095
125
1096
78
1097
172
1098
154
1099
-1
1100
102
1101
16
1102
2
1103
22
1104
-1
1105
93
1106
114
1107
27
1108
83
1109
-1
1110
181
1111
149
1112
177
1113
111
1114
-1
1115
47
1116
158
1117
15
1118
11
1119
-1
1120
32
1121
91
1122
124
1123
124
1124
-1
1125
76
1126
88
1127
10
1128
57
1129
-1
1130
104
1131
142
1132
96
1133
6
1134
-1
1135
151
1136
47
1137
180
1138
64
1139
-1
1140
74
1141
118
1142
115
1143
13
1144
-1
1145
150
1146
45
1147
83
1148
77
1149
-1
1150
20
1151
13
1152
161
1153
98
1154
-1
1155
1
1156
115
1157
40
1158
124
1159
-1
1160
94
1161
180
1162
35
1163
17
1164
-1
1165
146
1166
31
1167
54
1168
8
1169
-1
1170
165
1171
128
1172
80
1173
135
1174
-1
1175
90
1176
107
1177
128
1178
126
1179
-1
1180
131
1181
163
1182
89
1183
189
1184
-1
1185
61
1186
115
1187
48
1188
108
1189
-1
1190
90
1191
172
1192
70
1193
4
1194
-1
1195
15
1196
141
1197
41
1198
66
1199
-1
1200
127
1201
155
1202
53
1203
132
1204
-1
1205
67
1206
186
1207
54
1208
138
1209
-1
1210
87
1211
38
1212
20
1213
150
1214
-1
1215
151
1216
6
1217
68
1218
13
1219
-1
1220
95
1221
56
1222
35
1223
171
1224
-1
1225
47
1226
169
1227
128
1228
47
1229
-1
1230
174
1231
180
1232
71
1233
84
1234
-1
1235
142
1236
152
1237
89
1238
171
1239
-1
1240
40
1241
175
1242
89
1243
83
1244
-1
1245
34
1246
156
1247
17
1248
187
1249
-1
1250
86
1251
2
1252
165
1253
21
1254
-1
1255
93
1256
191
1257
103
1258
105
1259
-1
1260
101
1261
60
1262
20
1263
62
1264
-1
1265
107
1266
41
1267
70
1268
48
1269
-1
1270
61
1271
125
1272
56
1273
132
1274
-1
1275
25
1276
67
1277
84
1278
114
1279
-1
1280
158
1281
162
1282
123
1283
109
1284
-1
1285
110
1286
22
1287
96
1288
165
1289
-1
1290
55
1291
3
1292
38
1293
190
1294
-1
1295
26
1296
37
1297
34
1298
34
1299
-1
1300
60
1301
31
1302
56
1303
106
1304
-1
1305
188
1306
117
1307
50
1308
126
1309
-1
1310
132
1311
86
1312
183
1313
71
1314
-1
1315
32
1316
97
1317
23
1318
47
1319
-1
1320
160
1321
42
1322
63
1323
103
1324
-1
1325
24
1326
6
1327
68
1328
141
1329
-1
1330
180
1331
156
1332
89
1333
70
1334
-1
1335
99
1336
152
1337
132
1338
26
1339
-1
1340
173
1341
62
1342
31
1343
35
1344
-1
1345
142
1346
88
1347
173
1348
115
1349
-1
1350
180
1351
3
1352
18
1353
113
1354
-1
1355
152
1356
118
1357
158
1358
185
1359
-1
1360
57
1361
47
1362
106
1363
77
1364
-1
1365
6
1366
97
1367
1
1368
1
1369
-1
1370
132
1371
126
1372
33
1373
188
1374
-1
1375
117
1376
81
1377
49
1378
84
1379
-1
1380
184
1381
45
1382
124
1383
25
1384
-1
1385
41
1386
85
1387
47
1388
175
1389
-1
1390
79
1391
118
1392
178
1393
138
1394
-1
1395
118
1396
149
1397
154
1398
90
1399
-1
1400
91
1401
141
1402
162
1403
139
1404
-1
1405
188
1406
118
1407
135
1408
36
1409
-1
1410
166
1411
83
1412
140
1413
67
1414
-1
1415
108
1416
4
1417
56
1418
124
1419
-1
1420
63
1421
85
1422
146
1423
122
1424
-1
1425
42
1426
94
1427
86
1428
142
1429
-1
1430
2
1431
185
1432
29
1433
154
1434
-1
1435
172
1436
91
1437
165
1438
105
1439
-1
1440
161
1441
56
1442
74
1443
10
1444
-1
1445
49
1446
85
1447
7
1448
125
1449
-1
1450
172
1451
148
1452
131
1453
51
1454
-1
1455
129
1456
119
1457
78
1458
92
1459
-1
1460
101
1461
91
1462
75
1463
142
1464
-1
1465
4
1466
27
1467
174
1468
44
1469
-1
1470
57
1471
150
1472
162
1473
191
1474
-1
1475
70
1476
84
1477
70
1478
160
1479
-1
1480
62
1481
47
1482
152
1483
7
1484
-1
1485
107
1486
91
1487
130
1488
22
1489
-1
1490
45
1491
29
1492
148
1493
65
1494
-1
1495
148
1496
88
1497
138
1498
115
1499
-1
1500
7
1501
133
1502
29
1503
48
1504
-1
1505
97
1506
40
1507
0
1508
6
1509
-1
1510
169
1511
181
1512
50
1513
46
1514
-1
1515
73
1516
0
1517
48
1518
8
1519
-1
1520
157
1521
138
1522
97
1523
84
1524
-1
1525
118
1526
123
1527
95
1528
93
1529
-1
1530
141
1531
61
1532
90
1533
100
1534
-1
1535
35
1536
143
1537
63
1538
18
1539
-1
1540
39
1541
12
1542
0
1543
191
1544
-1
1545
184
1546
63
1547
88
1548
79
1549
-1
1550
122
1551
39
1552
90
1553
36
1554
-1
1555
139
1556
165
1557
134
1558
131
1559
-1
1560
98
1561
191
1562
98
1563
124
1564
-1
1565
111
1566
98
1567
80
1568
53
1569
-1
1570
166
1571
98
1572
80
1573
87
1574
-1
1575
113
1576
17
1577
93
1578
43
1579
-1
1580
120
1581
45
1582
113
1583
161
1584
-1
1585
144
1586
37
1587
31
1588
154
1589
-1
1590
9
1591
185
1592
172
1593
171
1594
-1
1595
41
1596
94
1597
135
1598
182
1599
-1
1600
177
1601
53
1602
94
1603
19
1604
-1
1605
29
1606
28
1607
110
1608
146
1609
-1
1610
54
1611
126
1612
41
1613
44
1614
-1
1615
11
1616
29
1617
151
1618
55
1619
-1
1620
191
1621
131
1622
165
1623
22
1624
-1
1625
41
1626
183
1627
129
1628
52
1629
-1
1630
164
1631
148
1632
186
1633
31
1634
-1
1635
117
1636
96
1637
80
1638
8
1639
-1
1640
188
1641
171
1642
142
1643
10
1644
-1
1645
180
1646
171
1647
58
1648
129
1649
-1
1650
22
1651
144
1652
60
1653
104
1654
-1
1655
151
1656
142
1657
103
1658
19
1659
-1
1660
63
1661
178
1662
187
1663
102
1664
-1
1665
75
1666
169
1667
160
1668
174
1669
-1
1670
45
1671
145
1672
126
1673
7
1674
-1
1675
112
1676
140
1677
153
1678
28
1679
-1
1680
113
1681
121
1682
107
1683
61
1684
-1
1685
179
1686
179
1687
159
1688
13
1689
-1
1690
66
1691
37
1692
39
1693
77
1694
-1
1695
147
1696
35
1697
32
1698
97
1699
-1
1700
38
1701
182
1702
145
1703
29
1704
-1
1705
74
1706
25
1707
14
1708
167
1709
-1
1710
64
1711
56
1712
150
1713
89
1714
-1
1715
110
1716
83
1717
76
1718
55
1719
-1
1720
78
1721
120
1722
114
1723
48
1724
-1
1725
49
1726
105
1727
58
1728
174
1729
-1
1730
18
1731
176
1732
67
1733
88
1734
-1
1735
6
1736
102
1737
47
1738
25
1739
-1
1740
121
1741
168
1742
108
1743
26
1744
-1
1745
175
1746
50
1747
134
1748
128
1749
-1
1750
116
1751
161
1752
91
1753
23
1754
-1
1755
174
1756
24
1757
13
1758
123
1759
-1
1760
173
1761
36
1762
93
1763
82
1764
-1
1765
44
1766
185
1767
48
1768
172
1769
-1
1770
20
1771
82
1772
162
1773
122
1774
-1
1775
100
1776
34
1777
182
1778
39
1779
-1
1780
142
1781
91
1782
134
1783
172
1784
-1
1785
140
1786
91
1787
17
1788
133
1789
-1
1790
186
1791
171
1792
133
1793
12
1794
-1
1795
166
1796
139
1797
83
1798
44
1799
-1
1800
101
1801
168
1802
78
1803
137
1804
-1
1805
129
1806
26
1807
140
1808
105
1809
-1
1810
1
1811
115
1812
168
1813
74
1814
-1
1815
157
1816
118
1817
140
1818
129
1819
-1
1820
89
1821
119
1822
42
1823
165
1824
-1
1825
43
1826
45
1827
131
1828
127
1829
-1
1830
61
1831
44
1832
55
1833
141
1834
-1
1835
62
1836
63
1837
75
1838
50
1839
-1
1840
65
1841
149
1842
102
1843
102
1844
-1
1845
129
1846
54
1847
175
1848
144
1849
-1
1850
184
1851
189
1852
54
1853
88
1854
-1
1855
131
1856
160
1857
187
1858
69
1859
-1
1860
184
1861
103
1862
44
1863
174
1864
-1
1865
133
1866
87
1867
83
1868
20
1869
-1
1870
76
1871
17
1872
6
1873
53
1874
-1
1875
165
1876
78
1877
12
1878
156
1879
-1
1880
137
1881
13
1882
134
1883
150
1884
-1
1885
87
1886
103
1887
97
1888
146
1889
-1
1890
112
1891
33
1892
160
1893
137
1894
-1
1895
106
1896
30
1897
49
1898
147
1899
-1
1900
20
1901
157
1902
153
1903
144
1904
-1
1905
97
1906
40
1907
3
1908
142
1909
-1
1910
103
1911
19
1912
169
1913
90
1914
-1
1915
79
1916
177
1917
133
1918
29
1919
-1
1920
51
1921
178
1922
116
1923
147
1924
-1
1925
160
1926
74
1927
68
1928
14
1929
-1
1930
60
1931
168
1932
132
1933
177
1934
-1
1935
130
1936
40
1937
1
1938
165
1939
-1
1940
23
1941
106
1942
51
1943
122
1944
-1
1945
175
1946
19
1947
18
1948
13
1949
-1
1950
47
1951
183
1952
19
1953
126
1954
-1
1955
104
1956
168
1957
106
1958
136
1959
-1
1960
32
1961
153
1962
35
1963
63
1964
-1
1965
144
1966
42
1967
71
1968
78
1969
-1
1970
93
1971
42
1972
121
1973
163
1974
-1
1975
99
1976
130
1977
173
1978
180
1979
-1
1980
160
1981
85
1982
82
1983
137
1984
-1
1985
117
1986
21
1987
43
1988
49
1989
-1
1990
187
1991
65
1992
184
1993
151
1994
-1
1995
83
1996
103
1997
30
1998
7
1999
-1
2000
121
2001
27
2002
155
2003
12
2004
-1
2005
76
2006
6
2007
76
2008
129
2009
-1
2010
182
2011
96
2012
33
2013
26
2014
-1
2015
36
2016
45
2017
159
2018
190
2019
-1
2020
125
2021
74
2022
110
2023
91
2024
-1
2025
106
2026
83
2027
9
2028
29
2029
-1
2030
174
2031
73
2032
75
2033
112
2034
-1
2035
101
2036
153
2037
118
2038
150
2039
-1
2040
56
2041
19
2042
81
2043
34
2044
-1
2045
102
2046
138
2047
162
2048
26
2049
-1
2050
39
2051
66
2052
171
2053
21
2054
-1
2055
34
2056
167
2057
57
2058
29
2059
-1
2060
43
2061
26
2062
5
2063
122
2064
-1
2065
46
2066
94
2067
150
2068
128
2069
-1
2070
64
2071
155
2072
14
2073
7
2074
-1
2075
125
2076
156
2077
183
2078
79
2079
-1
2080
91
2081
154
2082
39
2083
17
2084
-1
2085
101
2086
86
2087
148
2088
7
2089
-1
2090
143
2091
162
2092
142
2093
65
2094
-1
2095
91
2096
31
2097
63
2098
63
2099
-1
2100
184
2101
131
2102
143
2103
70
2104
-1
2105
139
2106
67
2107
22
2108
43
2109
-1
2110
165
2111
74
2112
38
2113
136
2114
-1
2115
86
2116
19
2117
130
2118
107
2119
-1
2120
73
2121
108
2122
1
2123
5
2124
-1
2125
7
2126
101
2127
161
2128
166
2129
-1
2130
49
2131
129
2132
185
2133
144
2134
-1
2135
23
2136
50
2137
34
2138
191
2139
-1
2140
76
2141
141
2142
179
2143
131
2144
-1
2145
36
2146
143
2147
172
2148
115
2149
-1
2150
92
2151
69
2152
70
2153
153
2154
-1
2155
134
2156
84
2157
87
2158
140
2159
-1
2160
120
2161
7
2162
58
2163
13
2164
-1
2165
191
2166
171
2167
148
2168
122
2169
-1
2170
100
2171
26
2172
109
2173
74
2174
-1
2175
87
2176
107
2177
121
2178
172
2179
-1
2180
112
2181
127
2182
190
2183
75
2184
-1
2185
134
2186
57
2187
84
2188
140
2189
-1
2190
152
2191
18
2192
83
2193
97
2194
-1
2195
89
2196
108
2197
7
2198
138
2199
-1
2200
179
2201
186
2202
1
2203
166
2204
-1
2205
121
2206
29
2207
191
2208
168
2209
-1
2210
141
2211
58
2212
152
2213
30
2214
-1
2215
138
2216
122
2217
145
2218
125
2219
-1
2220
147
2221
154
2222
86
2223
27
2224
-1
2225
43
2226
2
2227
43
2228
100
2229
-1
2230
57
2231
56
2232
66
2233
42
2234
-1
2235
95
2236
166
2237
130
2238
177
2239
-1
2240
180
2241
25
2242
115
2243
0
2244
-1
2245
63
2246
24
2247
21
2248
24
2249
-1
2250
61
2251
183
2252
141
2253
44
2254
-1
2255
97
2256
100
2257
158
2258
103
2259
-1
2260
116
2261
5
2262
45
2263
118
2264
-1
2265
158
2266
155
2267
95
2268
130
2269
-1
2270
59
2271
188
2272
12
2273
117
2274
-1
2275
105
2276
87
2277
104
2278
55
2279
-1
2280
187
2281
71
2282
129
2283
87
2284
-1
2285
88
2286
83
2287
58
2288
158
2289
-1
2290
110
2291
26
2292
156
2293
116
2294
-1
2295
80
2296
108
2297
150
2298
172
2299
-1
2300
84
2301
169
2302
94
2303
131
2304
-1
2305
159
2306
88
2307
79
2308
45
2309
-1
2310
36
2311
160
2312
16
2313
169
2314
-1
2315
56
2316
24
2317
144
2318
141
2319
-1
2320
149
2321
71
2322
24
2323
134
2324
-1
2325
28
2326
64
2327
179
2328
123
2329
-1
2330
156
2331
30
2332
7
2333
172
2334
-1
2335
113
2336
113
2337
136
2338
42
2339
-1
2340
150
2341
136
2342
107
2343
91
2344
-1
2345
98
2346
46
2347
31
2348
7
2349
-1
2350
94
2351
124
2352
4
2353
63
2354
-1
2355
185
2356
108
2357
103
2358
184
2359
-1
2360
159
2361
175
2362
10
2363
26
2364
-1
2365
141
2366
146
2367
141
2368
22
2369
-1
2370
169
2371
36
2372
160
2373
10
2374
-1
2375
17
2376
139
2377
31
2378
122
2379
-1
2380
179
2381
3
2382
180
2383
88
2384
-1
2385
37
2386
44
2387
7
2388
100
2389
-1
2390
33
2391
41
2392
110
2393
75
2394
-1
2395
56
2396
155
2397
66
2398
157
2399
-1
2400
11
2401
160
2402
83
2403
57
2404
-1
2405
147
2406
37
2407
108
2408
135
2409
-1
2410
81
2411
92
2412
28
2413
101
2414
-1
2415
55
2416
88
2417
127
2418
103
2419
-1
2420
180
2421
128
2422
169
2423
24
2424
-1
2425
38
2426
175
2427
123
2428
180
2429
-1
2430
110
2431
190
2432
154
2433
130
2434
-1
2435
19
2436
24
2437
116
2438
67
2439
-1
2440
134
2441
165
2442
58
2443
131
2444
-1
2445
175
2446
11
2447
162
2448
53
2449
-1
2450
103
2451
110
2452
33
2453
110
2454
-1
2455
65
2456
32
2457
107
2458
13
2459
-1
2460
3
2461
176
2462
97
2463
68
2464
-1
2465
9
2466
163
2467
190
2468
53
2469
-1
2470
124
2471
0
2472
163
2473
17
2474
-1
2475
51
2476
130
2477
84
2478
12
2479
-1
2480
104
2481
153
2482
156
2483
118
2484
-1
2485
144
2486
72
2487
135
2488
175
2489
-1
2490
25
2491
69
2492
5
2493
90
2494
-1
2495
80
2496
17
2497
13
2498
114
2499
-1
2500
61
2501
131
2502
109
2503
103
2504
-1
2505
51
2506
113
2507
66
2508
80
2509
-1
2510
20
2511
101
2512
90
2513
35
2514
-1
2515
79
2516
40
2517
63
2518
40
2519
-1
2520
185
2521
59
2522
118
2523
14
2524
-1
2525
178
2526
40
2527
57
2528
114
2529
-1
2530
144
2531
65
2532
24
2533
89
2534
-1
2535
20
2536
179
2537
164
2538
160
2539
-1
2540
83
2541
107
2542
105
2543
74
2544
-1
2545
69
2546
57
2547
33
2548
112
2549
-1
2550
191
2551
153
2552
20
2553
136
2554
-1
2555
8
2556
137
2557
34
2558
177
2559
-1
2560
183
2561
66
2562
150
2563
31
2564
-1
2565
35
2566
131
2567
84
2568
30
2569
-1
2570
139
2571
47
2572
14
2573
42
2574
-1
2575
157
2576
100
2577
163
2578
93
2579
-1
2580
140
2581
52
2582
156
2583
85
2584
-1
2585
18
2586
131
2587
167
2588
119
2589
-1
2590
162
2591
127
2592
159
2593
184
2594
-1
2595
56
2596
77
2597
181
2598
81
2599
-1
2600
157
2601
114
2602
160
2603
28
2604
-1
2605
66
2606
47
2607
163
2608
31
2609
-1
2610
82
2611
186
2612
155
2613
121
2614
-1
2615
97
2616
48
2617
71
2618
172
2619
-1
2620
176
2621
136
2622
83
2623
171
2624
-1
2625
44
2626
9
2627
122
2628
112
2629
-1
2630
114
2631
76
2632
124
2633
148
2634
-1
2635
190
2636
156
2637
35
2638
46
2639
-1
2640
54
2641
120
2642
158
2643
168
2644
-1
2645
1
2646
5
2647
60
2648
117
2649
-1
2650
33
2651
168
2652
58
2653
67
2654
-1
2655
62
2656
110
2657
138
2658
190
2659
-1
2660
50
2661
189
2662
52
2663
181
2664
-1
2665
21
2666
169
2667
84
2668
82
2669
-1
2670
55
2671
90
2672
184
2673
39
2674
-1
2675
71
2676
19
2677
122
2678
141
2679
-1
2680
135
2681
55
2682
172
2683
191
2684
-1
2685
184
2686
120
2687
4
2688
136
2689
-1
2690
72
2691
162
2692
98
2693
20
2694
-1
2695
119
2696
126
2697
145
2698
123
2699
-1
2700
1
2701
170
2702
161
2703
10
2704
-1
2705
22
2706
58
2707
45
2708
35
2709
-1
2710
150
2711
95
2712
128
2713
3
2714
-1
2715
24
2716
138
2717
13
2718
144
2719
-1
2720
9
2721
135
2722
158
2723
81
2724
-1
2725
62
2726
145
2727
49
2728
113
2729
-1
2730
184
2731
67
2732
76
2733
140
2734
-1
2735
110
2736
171
2737
24
2738
102
2739
-1
2740
51
2741
183
2742
36
2743
115
2744
-1
2745
14
2746
36
2747
84
2748
105
2749
-1
2750
173
2751
3
2752
3
2753
136
2754
-1
2755
88
2756
140
2757
16
2758
34
2759
-1
2760
123
2761
108
2762
148
2763
132
2764
-1
2765
154
2766
58
2767
89
2768
21
2769
-1
2770
94
2771
54
2772
188
2773
34
2774
-1
2775
82
2776
103
2777
130
2778
126
2779
-1
2780
21
2781
149
2782
176
2783
93
2784
-1
2785
56
2786
98
2787
60
2788
90
2789
-1
2790
163
2791
33
2792
69
2793
175
2794
-1
2795
136
2796
58
2797
109
2798
144
2799
-1
2800
28
2801
95
2802
190
2803
74
2804
-1
2805
122
2806
23
2807
32
2808
56
2809
-1
2810
144
2811
38
2812
45
2813
115
2814
-1
2815
129
2816
128
2817
54
2818
108
2819
-1
2820
162
2821
31
2822
154
2823
149
2824
-1
2825
28
2826
127
2827
76
2828
18
2829
-1
2830
153
2831
190
2832
3
2833
185
2834
-1
2835
69
2836
184
2837
18
2838
51
2839
-1
2840
153
2841
132
2842
65
2843
122
2844
-1
2845
43
2846
39
2847
117
2848
69
2849
-1
2850
106
2851
67
2852
177
2853
113
2854
-1
2855
156
2856
127
2857
76
2858
89
2859
-1
2860
171
2861
125
2862
158
2863
24
2864
-1
2865
167
2866
178
2867
15
2868
112
2869
-1
2870
178
2871
58
2872
73
2873
157
2874
-1
2875
71
2876
166
2877
86
2878
183
2879
-1
2880
62
2881
97
2882
106
2883
79
2884
-1
2885
173
2886
6
2887
105
2888
187
2889
-1
2890
188
2891
157
2892
34
2893
39
2894
-1
2895
24
2896
113
2897
2
2898
107
2899
-1
2900
56
2901
84
2902
178
2903
125
2904
-1
2905
106
2906
83
2907
179
2908
141
2909
-1
2910
77
2911
181
2912
168
2913
107
2914
-1
2915
47
2916
69
2917
185
2918
58
2919
-1
2920
8
2921
69
2922
26
2923
27
2924
-1
2925
135
2926
42
2927
21
2928
168
2929
-1
2930
135
2931
141
2932
155
2933
79
2934
-1
2935
62
2936
11
2937
74
2938
156
2939
-1
2940
57
2941
19
2942
180
2943
92
2944
-1
2945
106
2946
90
2947
143
2948
72
2949
-1
2950
188
2951
158
2952
26
2953
119
2954
-1
2955
156
2956
146
2957
11
2958
82
2959
-1
2960
160
2961
103
2962
21
2963
55
2964
-1
2965
139
2966
6
2967
25
2968
55
2969
-1
2970
146
2971
23
2972
7
2973
5
2974
-1
2975
96
2976
176
2977
111
2978
25
2979
-1
2980
150
2981
190
2982
2
2983
89
2984
-1
2985
50
2986
37
2987
2
2988
50
2989
-1
2990
60
2991
102
2992
122
2993
128
2994
-1
2995
89
2996
185
2997
32
2998
80
2999
-1
