********************************************************************************
The planted motif0 is:
AGTCTTTAGTACGGGCATGCC
0
100
1
74
2
7
3
142
4
-1
5
124
6
82
7
94
8
125
9
-1
10
31
11
77
12
26
13
177
14
-1
15
5
16
108
17
7
18
35
19
-1
20
127
21
149
22
73
23
24
24
-1
25
60
26
93
27
132
28
13
29
-1
30
33
31
159
32
29
33
36
34
-1
35
118
36
163
37
56
38
19
39
-1
40
150
41
87
42
38
43
105
44
-1
45
32
46
129
47
156
48
120
49
-1
50
129
51
32
52
6
53
54
54
-1
55
62
56
100
57
133
58
42
59
-1
60
127
61
13
62
79
63
98
64
-1
65
140
66
164
67
70
68
51
69
-1
70
42
71
10
72
13
73
171
74
-1
75
94
76
69
77
44
78
34
79
-1
80
127
81
15
82
29
83
158
84
-1
85
38
86
68
87
49
88
176
89
-1
90
50
91
104
92
63
93
38
94
-1
95
73
96
151
97
112
98
179
99
-1
100
107
101
112
102
148
103
13
104
-1
105
40
106
117
107
145
108
112
109
-1
110
106
111
143
112
172
113
163
114
-1
115
149
116
11
117
70
118
63
119
-1
120
137
121
100
122
147
123
58
124
-1
125
83
126
103
127
88
128
107
129
-1
130
137
131
96
132
90
133
9
134
-1
135
89
136
35
137
138
138
60
139
-1
140
170
141
150
142
69
143
146
144
-1
145
73
146
112
147
20
148
51
149
-1
150
141
151
58
152
177
153
100
154
-1
155
75
156
144
157
166
158
144
159
-1
160
41
161
44
162
137
163
60
164
-1
165
42
166
26
167
108
168
123
169
-1
170
87
171
158
172
134
173
49
174
-1
175
97
176
179
177
142
178
81
179
-1
180
121
181
119
182
166
183
52
184
-1
185
64
186
79
187
104
188
114
189
-1
190
57
191
59
192
30
193
96
194
-1
195
130
196
170
197
7
198
145
199
-1
200
31
201
18
202
172
203
169
204
-1
205
50
206
17
207
150
208
167
209
-1
210
137
211
30
212
66
213
80
214
-1
215
129
216
51
217
58
218
116
219
-1
220
64
221
87
222
115
223
41
224
-1
225
81
226
7
227
30
228
151
229
-1
230
139
231
61
232
45
233
95
234
-1
235
152
236
22
237
149
238
64
239
-1
240
31
241
132
242
78
243
155
244
-1
245
24
246
98
247
114
248
49
249
-1
250
92
251
27
252
118
253
68
254
-1
255
15
256
62
257
23
258
14
259
-1
260
7
261
51
262
127
263
46
264
-1
265
64
266
55
267
44
268
95
269
-1
270
164
271
96
272
97
273
58
274
-1
275
61
276
67
277
77
278
167
279
-1
280
161
281
40
282
141
283
100
284
-1
285
30
286
55
287
106
288
40
289
-1
290
34
291
146
292
178
293
177
294
-1
295
51
296
175
297
65
298
114
299
-1
300
47
301
40
302
70
303
11
304
-1
305
3
306
22
307
149
308
11
309
-1
310
111
311
144
312
115
313
98
314
-1
315
142
316
27
317
70
318
10
319
-1
320
143
321
2
322
61
323
167
324
-1
325
1
326
128
327
16
328
58
329
-1
330
16
331
77
332
93
333
77
334
-1
335
165
336
67
337
94
338
16
339
-1
340
89
341
52
342
17
343
73
344
-1
345
63
346
63
347
80
348
179
349
-1
350
96
351
122
352
60
353
155
354
-1
355
154
356
88
357
158
358
90
359
-1
360
32
361
151
362
7
363
45
364
-1
365
16
366
64
367
154
368
122
369
-1
370
0
371
95
372
96
373
46
374
-1
375
25
376
64
377
135
378
111
379
-1
380
123
381
94
382
22
383
59
384
-1
385
120
386
141
387
106
388
69
389
-1
390
85
391
56
392
68
393
93
394
-1
395
64
396
12
397
129
398
68
399
-1
400
17
401
83
402
170
403
43
404
-1
405
175
406
26
407
29
408
88
409
-1
410
142
411
66
412
49
413
115
414
-1
415
67
416
117
417
73
418
169
419
-1
420
123
421
72
422
131
423
97
424
-1
425
4
426
92
427
118
428
119
429
-1
430
54
431
146
432
17
433
62
434
-1
435
20
436
18
437
86
438
49
439
-1
440
17
441
176
442
136
443
161
444
-1
445
51
446
3
447
138
448
67
449
-1
450
82
451
160
452
50
453
36
454
-1
455
118
456
1
457
167
458
85
459
-1
460
83
461
78
462
169
463
162
464
-1
465
177
466
85
467
15
468
130
469
-1
470
6
471
119
472
27
473
30
474
-1
475
169
476
51
477
94
478
64
479
-1
480
26
481
67
482
134
483
34
484
-1
485
19
486
36
487
1
488
4
489
-1
490
176
491
116
492
133
493
134
494
-1
495
156
496
152
497
79
498
163
499
-1
500
100
501
84
502
97
503
161
504
-1
505
87
506
168
507
129
508
47
509
-1
510
97
511
40
512
95
513
162
514
-1
515
83
516
25
517
38
518
38
519
-1
520
71
521
108
522
179
523
33
524
-1
525
5
526
140
527
47
528
126
529
-1
530
160
531
71
532
154
533
76
534
-1
535
56
536
68
537
147
538
76
539
-1
540
171
541
15
542
172
543
96
544
-1
545
12
546
45
547
174
548
64
549
-1
550
86
551
15
552
103
553
160
554
-1
555
114
556
86
557
37
558
155
559
-1
560
113
561
133
562
26
563
77
564
-1
565
134
566
69
567
68
568
89
569
-1
570
23
571
176
572
66
573
96
574
-1
575
14
576
33
577
84
578
176
579
-1
580
178
581
147
582
124
583
16
584
-1
585
30
586
165
587
163
588
166
589
-1
590
52
591
77
592
27
593
20
594
-1
595
127
596
71
597
132
598
112
599
-1
600
54
601
139
602
100
603
144
604
-1
605
151
606
22
607
10
608
70
609
-1
610
96
611
117
612
23
613
46
614
-1
615
141
616
14
617
46
618
141
619
-1
620
46
621
113
622
0
623
0
624
-1
625
159
626
42
627
58
628
17
629
-1
630
136
631
91
632
174
633
177
634
-1
635
21
636
115
637
176
638
5
639
-1
640
80
641
131
642
29
643
30
644
-1
645
131
646
93
647
57
648
14
649
-1
650
27
651
24
652
88
653
137
654
-1
655
72
656
148
657
126
658
99
659
-1
660
159
661
163
662
21
663
49
664
-1
665
36
666
69
667
113
668
165
669
-1
670
91
671
131
672
129
673
94
674
-1
675
146
676
95
677
114
678
51
679
-1
680
109
681
162
682
112
683
96
684
-1
685
161
686
101
687
99
688
23
689
-1
690
161
691
22
692
60
693
81
694
-1
695
93
696
152
697
80
698
104
699
-1
700
67
701
41
702
129
703
103
704
-1
705
45
706
121
707
52
708
13
709
-1
710
145
711
87
712
55
713
72
714
-1
715
47
716
34
717
46
718
146
719
-1
720
18
721
0
722
77
723
120
724
-1
725
129
726
153
727
124
728
172
729
-1
730
3
731
116
732
111
733
98
734
-1
735
49
736
125
737
166
738
150
739
-1
740
157
741
3
742
30
743
4
744
-1
745
142
746
103
747
57
748
169
749
-1
750
1
751
140
752
96
753
13
754
-1
755
127
756
70
757
173
758
78
759
-1
760
82
761
159
762
96
763
4
764
-1
765
26
766
139
767
97
768
116
769
-1
770
117
771
150
772
35
773
37
774
-1
775
17
776
44
777
67
778
74
779
-1
780
129
781
37
782
21
783
174
784
-1
785
144
786
47
787
73
788
163
789
-1
790
174
791
178
792
171
793
102
794
-1
795
155
796
119
797
135
798
50
799
-1
800
110
801
138
802
82
803
38
804
-1
805
173
806
88
807
10
808
74
809
-1
810
36
811
21
812
22
813
81
814
-1
815
115
816
14
817
80
818
11
819
-1
820
168
821
89
822
82
823
28
824
-1
825
24
826
111
827
21
828
48
829
-1
830
132
831
103
832
26
833
43
834
-1
835
136
836
11
837
8
838
75
839
-1
840
13
841
165
842
88
843
106
844
-1
845
140
846
100
847
41
848
134
849
-1
850
23
851
143
852
97
853
135
854
-1
855
25
856
72
857
30
858
23
859
-1
860
161
861
43
862
87
863
118
864
-1
865
168
866
143
867
83
868
56
869
-1
870
136
871
108
872
69
873
115
874
-1
875
107
876
141
877
171
878
14
879
-1
880
15
881
139
882
141
883
19
884
-1
885
90
886
13
887
173
888
46
889
-1
890
81
891
26
892
19
893
146
894
-1
895
58
896
163
897
154
898
28
899
-1
900
50
901
27
902
26
903
155
904
-1
905
68
906
120
907
32
908
20
909
-1
910
1
911
56
912
80
913
28
914
-1
915
44
916
179
917
113
918
146
919
-1
920
111
921
45
922
15
923
117
924
-1
925
89
926
151
927
97
928
166
929
-1
930
72
931
54
932
106
933
6
934
-1
935
143
936
36
937
93
938
58
939
-1
940
108
941
10
942
150
943
49
944
-1
945
56
946
125
947
99
948
121
949
-1
950
42
951
77
952
72
953
125
954
-1
955
111
956
138
957
114
958
126
959
-1
960
17
961
111
962
172
963
31
964
-1
965
71
966
159
967
141
968
112
969
-1
970
42
971
94
972
0
973
41
974
-1
975
140
976
75
977
155
978
7
979
-1
980
65
981
47
982
167
983
174
984
-1
985
75
986
176
987
172
988
74
989
-1
990
163
991
64
992
105
993
104
994
-1
995
32
996
132
997
33
998
146
999
-1
1000
153
1001
140
1002
34
1003
145
1004
-1
1005
106
1006
144
1007
176
1008
133
1009
-1
1010
23
1011
129
1012
168
1013
81
1014
-1
1015
113
1016
108
1017
154
1018
171
1019
-1
1020
173
1021
118
1022
152
1023
59
1024
-1
1025
16
1026
156
1027
57
1028
85
1029
-1
1030
28
1031
48
1032
137
1033
50
1034
-1
1035
169
1036
174
1037
176
1038
78
1039
-1
1040
138
1041
54
1042
41
1043
154
1044
-1
1045
122
1046
58
1047
143
1048
43
1049
-1
1050
67
1051
130
1052
141
1053
74
1054
-1
1055
87
1056
50
1057
161
1058
147
1059
-1
1060
140
1061
25
1062
167
1063
106
1064
-1
1065
9
1066
157
1067
101
1068
42
1069
-1
1070
62
1071
52
1072
67
1073
167
1074
-1
1075
19
1076
175
1077
125
1078
40
1079
-1
1080
81
1081
50
1082
146
1083
26
1084
-1
1085
20
1086
53
1087
28
1088
28
1089
-1
1090
59
1091
0
1092
147
1093
27
1094
-1
1095
143
1096
138
1097
116
1098
73
1099
-1
1100
131
1101
81
1102
18
1103
3
1104
-1
1105
154
1106
17
1107
134
1108
166
1109
-1
1110
6
1111
44
1112
49
1113
144
1114
-1
1115
129
1116
20
1117
98
1118
11
1119
-1
1120
114
1121
65
1122
20
1123
25
1124
-1
1125
39
1126
3
1127
52
1128
154
1129
-1
1130
16
1131
88
1132
175
1133
165
1134
-1
1135
29
1136
76
1137
87
1138
137
1139
-1
1140
57
1141
32
1142
178
1143
126
1144
-1
1145
9
1146
12
1147
42
1148
177
1149
-1
1150
74
1151
119
1152
62
1153
31
1154
-1
1155
58
1156
80
1157
105
1158
99
1159
-1
1160
125
1161
62
1162
90
1163
129
1164
-1
1165
81
1166
63
1167
33
1168
19
1169
-1
1170
67
1171
46
1172
123
1173
159
1174
-1
1175
51
1176
58
1177
54
1178
179
1179
-1
1180
4
1181
89
1182
13
1183
35
1184
-1
1185
156
1186
40
1187
47
1188
135
1189
-1
1190
54
1191
83
1192
90
1193
71
1194
-1
1195
112
1196
164
1197
97
1198
140
1199
-1
1200
135
1201
128
1202
77
1203
65
1204
-1
1205
126
1206
92
1207
57
1208
103
1209
-1
1210
85
1211
106
1212
58
1213
70
1214
-1
1215
179
1216
111
1217
76
1218
38
1219
-1
1220
150
1221
34
1222
151
1223
161
1224
-1
1225
104
1226
23
1227
156
1228
30
1229
-1
1230
146
1231
100
1232
66
1233
36
1234
-1
1235
165
1236
90
1237
69
1238
43
1239
-1
1240
177
1241
73
1242
66
1243
67
1244
-1
1245
119
1246
156
1247
142
1248
99
1249
-1
1250
97
1251
91
1252
35
1253
13
1254
-1
1255
66
1256
113
1257
137
1258
114
1259
-1
1260
159
1261
172
1262
17
1263
178
1264
-1
1265
106
1266
49
1267
171
1268
126
1269
-1
1270
175
1271
151
1272
95
1273
148
1274
-1
1275
96
1276
59
1277
119
1278
32
1279
-1
1280
141
1281
163
1282
63
1283
48
1284
-1
1285
27
1286
58
1287
178
1288
18
1289
-1
1290
150
1291
32
1292
107
1293
13
1294
-1
1295
64
1296
162
1297
85
1298
26
1299
-1
1300
151
1301
27
1302
77
1303
119
1304
-1
1305
128
1306
26
1307
33
1308
78
1309
-1
1310
85
1311
93
1312
116
1313
4
1314
-1
1315
47
1316
43
1317
92
1318
28
1319
-1
1320
119
1321
17
1322
38
1323
171
1324
-1
1325
60
1326
36
1327
168
1328
78
1329
-1
1330
27
1331
40
1332
166
1333
70
1334
-1
1335
172
1336
108
1337
18
1338
164
1339
-1
1340
70
1341
158
1342
84
1343
68
1344
-1
1345
114
1346
155
1347
63
1348
87
1349
-1
1350
131
1351
29
1352
177
1353
23
1354
-1
1355
86
1356
17
1357
117
1358
141
1359
-1
1360
46
1361
81
1362
153
1363
130
1364
-1
1365
23
1366
103
1367
42
1368
119
1369
-1
1370
41
1371
82
1372
93
1373
90
1374
-1
1375
158
1376
148
1377
170
1378
139
1379
-1
1380
90
1381
61
1382
1
1383
153
1384
-1
1385
107
1386
31
1387
35
1388
13
1389
-1
1390
44
1391
38
1392
41
1393
98
1394
-1
1395
153
1396
154
1397
160
1398
80
1399
-1
1400
160
1401
109
1402
77
1403
60
1404
-1
1405
138
1406
87
1407
134
1408
2
1409
-1
1410
170
1411
173
1412
1
1413
160
1414
-1
1415
143
1416
75
1417
34
1418
98
1419
-1
1420
141
1421
133
1422
107
1423
158
1424
-1
1425
25
1426
99
1427
106
1428
64
1429
-1
1430
135
1431
129
1432
107
1433
167
1434
-1
1435
90
1436
107
1437
140
1438
43
1439
-1
1440
179
1441
76
1442
87
1443
173
1444
-1
1445
93
1446
41
1447
47
1448
130
1449
-1
1450
134
1451
62
1452
20
1453
14
1454
-1
1455
80
1456
21
1457
117
1458
147
1459
-1
1460
66
1461
50
1462
96
1463
96
1464
-1
1465
128
1466
144
1467
147
1468
48
1469
-1
1470
162
1471
145
1472
155
1473
156
1474
-1
1475
0
1476
132
1477
136
1478
138
1479
-1
1480
81
1481
132
1482
162
1483
155
1484
-1
1485
37
1486
131
1487
106
1488
10
1489
-1
1490
90
1491
165
1492
14
1493
113
1494
-1
1495
83
1496
163
1497
69
1498
115
1499
-1
1500
174
1501
168
1502
47
1503
128
1504
-1
1505
7
1506
104
1507
75
1508
13
1509
-1
1510
163
1511
57
1512
174
1513
93
1514
-1
1515
34
1516
127
1517
17
1518
25
1519
-1
1520
179
1521
133
1522
62
1523
139
1524
-1
1525
61
1526
28
1527
86
1528
71
1529
-1
1530
157
1531
112
1532
43
1533
8
1534
-1
1535
8
1536
118
1537
141
1538
120
1539
-1
1540
10
1541
20
1542
140
1543
168
1544
-1
1545
54
1546
135
1547
161
1548
148
1549
-1
1550
104
1551
74
1552
25
1553
104
1554
-1
1555
167
1556
139
1557
7
1558
52
1559
-1
1560
110
1561
155
1562
177
1563
14
1564
-1
1565
14
1566
127
1567
145
1568
3
1569
-1
1570
39
1571
8
1572
154
1573
65
1574
-1
1575
14
1576
75
1577
3
1578
143
1579
-1
1580
149
1581
46
1582
131
1583
8
1584
-1
1585
175
1586
28
1587
86
1588
22
1589
-1
1590
38
1591
105
1592
111
1593
34
1594
-1
1595
24
1596
4
1597
160
1598
10
1599
-1
1600
1
1601
179
1602
17
1603
18
1604
-1
1605
49
1606
161
1607
148
1608
95
1609
-1
1610
24
1611
66
1612
124
1613
39
1614
-1
1615
143
1616
147
1617
105
1618
43
1619
-1
1620
137
1621
105
1622
123
1623
157
1624
-1
1625
156
1626
116
1627
87
1628
70
1629
-1
1630
24
1631
99
1632
63
1633
80
1634
-1
1635
82
1636
52
1637
122
1638
116
1639
-1
1640
0
1641
149
1642
114
1643
101
1644
-1
1645
173
1646
175
1647
66
1648
81
1649
-1
1650
126
1651
55
1652
110
1653
133
1654
-1
1655
149
1656
112
1657
84
1658
127
1659
-1
1660
31
1661
12
1662
50
1663
157
1664
-1
1665
36
1666
67
1667
59
1668
116
1669
-1
1670
76
1671
99
1672
80
1673
175
1674
-1
1675
17
1676
110
1677
123
1678
111
1679
-1
1680
96
1681
141
1682
120
1683
132
1684
-1
1685
172
1686
125
1687
75
1688
141
1689
-1
1690
112
1691
21
1692
80
1693
123
1694
-1
1695
51
1696
179
1697
36
1698
144
1699
-1
1700
0
1701
54
1702
49
1703
123
1704
-1
1705
49
1706
43
1707
16
1708
46
1709
-1
1710
44
1711
21
1712
59
1713
123
1714
-1
1715
0
1716
30
1717
61
1718
50
1719
-1
1720
90
1721
10
1722
77
1723
106
1724
-1
1725
164
1726
24
1727
146
1728
106
1729
-1
1730
41
1731
105
1732
73
1733
146
1734
-1
1735
137
1736
79
1737
103
1738
107
1739
-1
1740
153
1741
127
1742
146
1743
178
1744
-1
1745
45
1746
20
1747
66
1748
33
1749
-1
1750
121
1751
6
1752
66
1753
83
1754
-1
1755
9
1756
89
1757
142
1758
2
1759
-1
1760
108
1761
39
1762
8
1763
76
1764
-1
1765
109
1766
10
1767
124
1768
132
1769
-1
1770
93
1771
144
1772
49
1773
162
1774
-1
1775
179
1776
22
1777
16
1778
104
1779
-1
1780
155
1781
129
1782
142
1783
21
1784
-1
1785
94
1786
41
1787
171
1788
30
1789
-1
1790
178
1791
99
1792
94
1793
175
1794
-1
1795
127
1796
25
1797
85
1798
32
1799
-1
1800
14
1801
63
1802
75
1803
148
1804
-1
1805
3
1806
147
1807
60
1808
56
1809
-1
1810
58
1811
3
1812
56
1813
41
1814
-1
1815
176
1816
21
1817
34
1818
20
1819
-1
1820
39
1821
10
1822
99
1823
150
1824
-1
1825
43
1826
149
1827
58
1828
38
1829
-1
1830
116
1831
123
1832
158
1833
106
1834
-1
1835
63
1836
6
1837
150
1838
20
1839
-1
1840
150
1841
127
1842
51
1843
79
1844
-1
1845
147
1846
24
1847
97
1848
176
1849
-1
1850
160
1851
92
1852
68
1853
41
1854
-1
1855
39
1856
0
1857
37
1858
166
1859
-1
1860
6
1861
88
1862
84
1863
12
1864
-1
1865
68
1866
1
1867
23
1868
135
1869
-1
1870
81
1871
84
1872
45
1873
123
1874
-1
1875
160
1876
78
1877
158
1878
97
1879
-1
1880
77
1881
34
1882
85
1883
140
1884
-1
1885
1
1886
94
1887
43
1888
150
1889
-1
1890
156
1891
138
1892
4
1893
137
1894
-1
1895
80
1896
96
1897
106
1898
59
1899
-1
1900
161
1901
97
1902
85
1903
3
1904
-1
1905
129
1906
57
1907
54
1908
83
1909
-1
1910
91
1911
81
1912
63
1913
16
1914
-1
1915
168
1916
125
1917
116
1918
148
1919
-1
1920
124
1921
5
1922
7
1923
120
1924
-1
1925
129
1926
11
1927
171
1928
70
1929
-1
1930
45
1931
24
1932
57
1933
97
1934
-1
1935
29
1936
74
1937
138
1938
164
1939
-1
1940
30
1941
29
1942
140
1943
94
1944
-1
1945
130
1946
33
1947
144
1948
117
1949
-1
1950
80
1951
140
1952
51
1953
77
1954
-1
1955
171
1956
99
1957
123
1958
156
1959
-1
1960
133
1961
125
1962
54
1963
38
1964
-1
1965
111
1966
86
1967
4
1968
31
1969
-1
1970
156
1971
64
1972
85
1973
54
1974
-1
1975
58
1976
31
1977
167
1978
158
1979
-1
1980
61
1981
139
1982
69
1983
5
1984
-1
1985
113
1986
136
1987
74
1988
135
1989
-1
1990
96
1991
121
1992
104
1993
122
1994
-1
1995
124
1996
59
1997
51
1998
76
1999
-1
2000
129
2001
76
2002
113
2003
39
2004
-1
2005
165
2006
117
2007
49
2008
79
2009
-1
2010
153
2011
1
2012
82
2013
113
2014
-1
2015
107
2016
52
2017
122
2018
129
2019
-1
2020
145
2021
122
2022
133
2023
23
2024
-1
2025
155
2026
171
2027
136
2028
20
2029
-1
2030
173
2031
55
2032
123
2033
50
2034
-1
2035
66
2036
7
2037
51
2038
21
2039
-1
2040
161
2041
127
2042
140
2043
62
2044
-1
2045
163
2046
14
2047
51
2048
167
2049
-1
2050
57
2051
107
2052
152
2053
93
2054
-1
2055
15
2056
175
2057
79
2058
20
2059
-1
2060
65
2061
107
2062
143
2063
57
2064
-1
2065
177
2066
11
2067
57
2068
118
2069
-1
2070
145
2071
79
2072
164
2073
103
2074
-1
2075
9
2076
89
2077
101
2078
84
2079
-1
2080
42
2081
168
2082
86
2083
147
2084
-1
2085
158
2086
116
2087
11
2088
60
2089
-1
2090
124
2091
80
2092
84
2093
47
2094
-1
2095
61
2096
137
2097
143
2098
14
2099
-1
2100
118
2101
65
2102
77
2103
162
2104
-1
2105
143
2106
14
2107
9
2108
154
2109
-1
2110
130
2111
119
2112
112
2113
79
2114
-1
2115
54
2116
115
2117
142
2118
24
2119
-1
2120
63
2121
173
2122
42
2123
47
2124
-1
2125
121
2126
122
2127
1
2128
146
2129
-1
2130
61
2131
138
2132
121
2133
103
2134
-1
2135
113
2136
0
2137
134
2138
92
2139
-1
2140
63
2141
131
2142
49
2143
67
2144
-1
2145
172
2146
30
2147
22
2148
28
2149
-1
2150
141
2151
77
2152
36
2153
116
2154
-1
2155
66
2156
159
2157
81
2158
125
2159
-1
2160
57
2161
72
2162
131
2163
84
2164
-1
2165
86
2166
11
2167
96
2168
154
2169
-1
2170
41
2171
64
2172
75
2173
93
2174
-1
2175
13
2176
108
2177
62
2178
13
2179
-1
2180
161
2181
7
2182
157
2183
177
2184
-1
2185
13
2186
141
2187
74
2188
88
2189
-1
2190
64
2191
141
2192
9
2193
11
2194
-1
2195
119
2196
125
2197
100
2198
42
2199
-1
2200
144
2201
129
2202
12
2203
127
2204
-1
2205
120
2206
46
2207
72
2208
30
2209
-1
2210
7
2211
34
2212
106
2213
60
2214
-1
2215
14
2216
55
2217
123
2218
178
2219
-1
2220
26
2221
118
2222
167
2223
7
2224
-1
2225
113
2226
167
2227
89
2228
89
2229
-1
2230
10
2231
102
2232
22
2233
100
2234
-1
2235
163
2236
148
2237
75
2238
21
2239
-1
2240
23
2241
148
2242
43
2243
176
2244
-1
2245
29
2246
137
2247
163
2248
175
2249
-1
2250
157
2251
126
2252
70
2253
40
2254
-1
2255
138
2256
63
2257
2
2258
126
2259
-1
2260
60
2261
47
2262
5
2263
151
2264
-1
2265
32
2266
75
2267
10
2268
162
2269
-1
2270
116
2271
164
2272
96
2273
16
2274
-1
2275
168
2276
132
2277
166
2278
86
2279
-1
2280
71
2281
132
2282
43
2283
122
2284
-1
2285
92
2286
101
2287
61
2288
6
2289
-1
2290
27
2291
51
2292
122
2293
56
2294
-1
2295
128
2296
68
2297
117
2298
63
2299
-1
2300
92
2301
89
2302
105
2303
97
2304
-1
2305
131
2306
75
2307
99
2308
35
2309
-1
2310
98
2311
146
2312
31
2313
44
2314
-1
2315
30
2316
111
2317
92
2318
91
2319
-1
2320
99
2321
53
2322
25
2323
118
2324
-1
2325
73
2326
22
2327
59
2328
48
2329
-1
2330
114
2331
176
2332
5
2333
8
2334
-1
2335
153
2336
87
2337
49
2338
137
2339
-1
2340
85
2341
126
2342
164
2343
114
2344
-1
2345
142
2346
87
2347
62
2348
172
2349
-1
2350
20
2351
43
2352
13
2353
100
2354
-1
2355
77
2356
57
2357
66
2358
5
2359
-1
2360
128
2361
149
2362
124
2363
61
2364
-1
2365
150
2366
102
2367
127
2368
100
2369
-1
2370
10
2371
2
2372
26
2373
63
2374
-1
2375
128
2376
123
2377
3
2378
126
2379
-1
2380
64
2381
156
2382
108
2383
139
2384
-1
2385
159
2386
97
2387
90
2388
91
2389
-1
2390
47
2391
101
2392
101
2393
129
2394
-1
2395
108
2396
70
2397
33
2398
127
2399
-1
2400
154
2401
77
2402
173
2403
111
2404
-1
2405
173
2406
81
2407
38
2408
39
2409
-1
2410
55
2411
76
2412
91
2413
80
2414
-1
2415
88
2416
101
2417
174
2418
109
2419
-1
2420
172
2421
132
2422
130
2423
76
2424
-1
2425
165
2426
35
2427
170
2428
2
2429
-1
2430
84
2431
177
2432
32
2433
169
2434
-1
2435
53
2436
30
2437
18
2438
16
2439
-1
2440
136
2441
126
2442
95
2443
96
2444
-1
2445
132
2446
19
2447
99
2448
168
2449
-1
2450
130
2451
14
2452
81
2453
112
2454
-1
2455
176
2456
42
2457
177
2458
174
2459
-1
2460
89
2461
30
2462
3
2463
1
2464
-1
2465
92
2466
33
2467
88
2468
46
2469
-1
2470
50
2471
177
2472
125
2473
135
2474
-1
2475
32
2476
115
2477
176
2478
8
2479
-1
2480
65
2481
119
2482
7
2483
161
2484
-1
2485
80
2486
88
2487
81
2488
108
2489
-1
2490
116
2491
120
2492
80
2493
70
2494
-1
2495
137
2496
154
2497
128
2498
137
2499
-1
2500
29
2501
28
2502
169
2503
34
2504
-1
2505
136
2506
148
2507
104
2508
47
2509
-1
2510
4
2511
34
2512
104
2513
52
2514
-1
2515
80
2516
17
2517
40
2518
163
2519
-1
2520
93
2521
3
2522
75
2523
101
2524
-1
2525
29
2526
162
2527
39
2528
165
2529
-1
2530
47
2531
7
2532
9
2533
30
2534
-1
2535
62
2536
105
2537
46
2538
58
2539
-1
2540
86
2541
174
2542
54
2543
93
2544
-1
2545
149
2546
23
2547
167
2548
81
2549
-1
2550
111
2551
115
2552
116
2553
136
2554
-1
2555
62
2556
66
2557
28
2558
114
2559
-1
2560
93
2561
164
2562
14
2563
21
2564
-1
2565
131
2566
21
2567
27
2568
53
2569
-1
2570
57
2571
125
2572
36
2573
60
2574
-1
2575
144
2576
119
2577
26
2578
28
2579
-1
2580
68
2581
113
2582
109
2583
70
2584
-1
2585
124
2586
73
2587
56
2588
9
2589
-1
2590
86
2591
14
2592
170
2593
59
2594
-1
2595
66
2596
113
2597
23
2598
171
2599
-1
2600
72
2601
115
2602
84
2603
96
2604
-1
2605
26
2606
78
2607
70
2608
52
2609
-1
2610
0
2611
161
2612
93
2613
55
2614
-1
2615
31
2616
129
2617
107
2618
121
2619
-1
2620
106
2621
146
2622
6
2623
118
2624
-1
2625
24
2626
138
2627
5
2628
135
2629
-1
2630
177
2631
176
2632
115
2633
143
2634
-1
2635
93
2636
13
2637
46
2638
55
2639
-1
2640
3
2641
86
2642
143
2643
20
2644
-1
2645
12
2646
110
2647
176
2648
96
2649
-1
2650
141
2651
97
2652
34
2653
95
2654
-1
2655
147
2656
60
2657
133
2658
144
2659
-1
2660
25
2661
92
2662
29
2663
119
2664
-1
2665
17
2666
46
2667
53
2668
171
2669
-1
2670
11
2671
88
2672
133
2673
36
2674
-1
2675
165
2676
102
2677
84
2678
88
2679
-1
2680
127
2681
55
2682
136
2683
7
2684
-1
2685
84
2686
72
2687
128
2688
80
2689
-1
2690
93
2691
170
2692
166
2693
115
2694
-1
2695
61
2696
132
2697
171
2698
157
2699
-1
2700
7
2701
30
2702
57
2703
115
2704
-1
2705
114
2706
42
2707
148
2708
158
2709
-1
2710
157
2711
169
2712
176
2713
152
2714
-1
2715
58
2716
80
2717
5
2718
13
2719
-1
2720
162
2721
122
2722
114
2723
29
2724
-1
2725
5
2726
80
2727
10
2728
59
2729
-1
2730
111
2731
22
2732
29
2733
89
2734
-1
2735
51
2736
65
2737
3
2738
154
2739
-1
2740
146
2741
160
2742
22
2743
16
2744
-1
2745
97
2746
18
2747
33
2748
165
2749
-1
2750
40
2751
178
2752
63
2753
92
2754
-1
2755
89
2756
30
2757
144
2758
14
2759
-1
2760
47
2761
23
2762
49
2763
133
2764
-1
2765
83
2766
76
2767
76
2768
72
2769
-1
2770
79
2771
130
2772
153
2773
160
2774
-1
2775
76
2776
123
2777
66
2778
69
2779
-1
2780
63
2781
149
2782
158
2783
86
2784
-1
2785
123
2786
98
2787
93
2788
160
2789
-1
2790
155
2791
145
2792
164
2793
130
2794
-1
2795
164
2796
129
2797
169
2798
64
2799
-1
2800
138
2801
92
2802
25
2803
81
2804
-1
2805
175
2806
70
2807
118
2808
137
2809
-1
2810
9
2811
76
2812
104
2813
150
2814
-1
2815
87
2816
170
2817
80
2818
145
2819
-1
2820
122
2821
103
2822
120
2823
35
2824
-1
2825
5
2826
115
2827
8
2828
29
2829
-1
2830
173
2831
24
2832
114
2833
143
2834
-1
2835
59
2836
103
2837
127
2838
139
2839
-1
2840
156
2841
173
2842
147
2843
170
2844
-1
2845
147
2846
52
2847
177
2848
34
2849
-1
2850
150
2851
77
2852
7
2853
36
2854
-1
2855
32
2856
37
2857
161
2858
16
2859
-1
2860
162
2861
125
2862
122
2863
125
2864
-1
2865
17
2866
29
2867
166
2868
122
2869
-1
2870
54
2871
0
2872
5
2873
11
2874
-1
2875
70
2876
140
2877
17
2878
40
2879
-1
2880
166
2881
85
2882
73
2883
79
2884
-1
2885
57
2886
58
2887
120
2888
55
2889
-1
2890
94
2891
41
2892
99
2893
91
2894
-1
2895
161
2896
61
2897
54
2898
4
2899
-1
2900
45
2901
66
2902
106
2903
77
2904
-1
2905
33
2906
71
2907
108
2908
130
2909
-1
2910
127
2911
13
2912
59
2913
30
2914
-1
2915
85
2916
29
2917
113
2918
56
2919
-1
2920
15
2921
82
2922
15
2923
177
2924
-1
2925
99
2926
72
2927
3
2928
37
2929
-1
2930
131
2931
147
2932
110
2933
48
2934
-1
2935
148
2936
175
2937
72
2938
27
2939
-1
2940
47
2941
85
2942
152
2943
109
2944
-1
2945
78
2946
121
2947
169
2948
150
2949
-1
2950
75
2951
121
2952
4
2953
128
2954
-1
2955
20
2956
16
2957
88
2958
162
2959
-1
2960
26
2961
11
2962
114
2963
169
2964
-1
2965
128
2966
16
2967
102
2968
34
2969
-1
2970
105
2971
155
2972
62
2973
96
2974
-1
2975
104
2976
161
2977
37
2978
149
2979
-1
2980
32
2981
73
2982
106
2983
59
2984
-1
2985
32
2986
87
2987
63
2988
4
2989
-1
2990
151
2991
120
2992
86
2993
81
2994
-1
2995
127
2996
160
2997
82
2998
43
2999
-1
