********************************************************************************
The planted motif0 is:
AGACAATTT
0
116
1
130
2
159
3
178
4
-1
5
4
6
67
7
83
8
120
9
-1
10
87
11
94
12
158
13
106
14
-1
15
3
16
120
17
48
18
18
19
-1
20
97
21
27
22
91
23
7
24
-1
25
179
26
73
27
68
28
110
29
-1
30
112
31
110
32
133
33
127
34
-1
35
28
36
138
37
41
38
42
39
-1
40
73
41
24
42
42
43
161
44
-1
45
133
46
156
47
148
48
152
49
-1
50
51
51
60
52
39
53
74
54
-1
55
135
56
4
57
40
58
185
59
-1
60
165
61
175
62
108
63
44
64
-1
65
123
66
55
67
141
68
162
69
-1
70
64
71
68
72
38
73
174
74
-1
75
35
76
5
77
148
78
41
79
-1
80
146
81
65
82
125
83
16
84
-1
85
150
86
5
87
146
88
63
89
-1
90
80
91
47
92
166
93
57
94
-1
95
176
96
74
97
153
98
90
99
-1
100
26
101
129
102
20
103
118
104
-1
105
128
106
111
107
59
108
142
109
-1
110
141
111
54
112
106
113
129
114
-1
115
102
116
69
117
70
118
135
119
-1
120
152
121
22
122
131
123
121
124
-1
125
133
126
138
127
130
128
142
129
-1
130
37
131
97
132
172
133
132
134
-1
135
18
136
28
137
51
138
33
139
-1
140
113
141
30
142
18
143
21
144
-1
145
187
146
129
147
7
148
144
149
-1
150
69
151
1
152
11
153
65
154
-1
155
35
156
49
157
12
158
100
159
-1
160
25
161
126
162
150
163
100
164
-1
165
76
166
51
167
99
168
95
169
-1
170
20
171
186
172
51
173
23
174
-1
175
188
176
153
177
152
178
183
179
-1
180
41
181
84
182
19
183
143
184
-1
185
85
186
72
187
93
188
172
189
-1
190
63
191
147
192
134
193
85
194
-1
195
8
196
50
197
124
198
83
199
-1
200
85
201
94
202
34
203
157
204
-1
205
12
206
16
207
91
208
126
209
-1
210
140
211
41
212
104
213
150
214
-1
215
38
216
131
217
67
218
38
219
-1
220
132
221
87
222
159
223
123
224
-1
225
162
226
191
227
161
228
165
229
-1
230
107
231
128
232
15
233
1
234
-1
235
85
236
94
237
144
238
100
239
-1
240
12
241
3
242
185
243
55
244
-1
245
20
246
112
247
7
248
53
249
-1
250
142
251
52
252
182
253
127
254
-1
255
183
256
117
257
152
258
159
259
-1
260
16
261
23
262
89
263
1
264
-1
265
99
266
117
267
170
268
38
269
-1
270
35
271
47
272
58
273
105
274
-1
275
19
276
57
277
132
278
14
279
-1
280
93
281
81
282
69
283
52
284
-1
285
140
286
42
287
127
288
39
289
-1
290
34
291
133
292
143
293
129
294
-1
295
140
296
167
297
102
298
92
299
-1
300
154
301
143
302
175
303
120
304
-1
305
86
306
125
307
68
308
78
309
-1
310
116
311
69
312
118
313
28
314
-1
315
74
316
46
317
170
318
160
319
-1
320
152
321
45
322
8
323
83
324
-1
325
90
326
83
327
115
328
14
329
-1
330
44
331
129
332
34
333
9
334
-1
335
35
336
50
337
79
338
30
339
-1
340
161
341
71
342
169
343
100
344
-1
345
72
346
167
347
140
348
81
349
-1
350
77
351
61
352
16
353
158
354
-1
355
111
356
18
357
8
358
177
359
-1
360
165
361
125
362
0
363
70
364
-1
365
72
366
68
367
147
368
129
369
-1
370
7
371
151
372
103
373
117
374
-1
375
45
376
143
377
72
378
43
379
-1
380
189
381
139
382
123
383
112
384
-1
385
17
386
91
387
129
388
168
389
-1
390
90
391
64
392
58
393
190
394
-1
395
172
396
63
397
63
398
77
399
-1
400
131
401
177
402
116
403
132
404
-1
405
75
406
86
407
39
408
66
409
-1
410
98
411
99
412
78
413
24
414
-1
415
191
416
26
417
32
418
137
419
-1
420
165
421
71
422
61
423
148
424
-1
425
131
426
101
427
41
428
133
429
-1
430
28
431
123
432
131
433
17
434
-1
435
129
436
107
437
6
438
126
439
-1
440
12
441
158
442
20
443
9
444
-1
445
28
446
24
447
68
448
146
449
-1
450
143
451
123
452
23
453
12
454
-1
455
99
456
13
457
115
458
123
459
-1
460
175
461
189
462
108
463
143
464
-1
465
127
466
13
467
170
468
103
469
-1
470
20
471
128
472
100
473
111
474
-1
475
173
476
189
477
63
478
168
479
-1
480
3
481
104
482
17
483
65
484
-1
485
123
486
29
487
144
488
161
489
-1
490
15
491
158
492
57
493
97
494
-1
495
3
496
83
497
30
498
1
499
-1
500
115
501
118
502
27
503
153
504
-1
505
22
506
109
507
118
508
171
509
-1
510
173
511
125
512
118
513
169
514
-1
515
95
516
91
517
11
518
185
519
-1
520
95
521
180
522
128
523
22
524
-1
525
141
526
104
527
160
528
160
529
-1
530
7
531
57
532
55
533
79
534
-1
535
32
536
1
537
97
538
18
539
-1
540
60
541
80
542
101
543
79
544
-1
545
159
546
32
547
12
548
100
549
-1
550
26
551
166
552
154
553
27
554
-1
555
100
556
58
557
77
558
139
559
-1
560
16
561
34
562
167
563
65
564
-1
565
156
566
145
567
53
568
138
569
-1
570
0
571
161
572
93
573
54
574
-1
575
177
576
128
577
37
578
43
579
-1
580
135
581
164
582
128
583
106
584
-1
585
127
586
41
587
38
588
95
589
-1
590
120
591
104
592
60
593
63
594
-1
595
176
596
168
597
182
598
21
599
-1
600
141
601
189
602
0
603
115
604
-1
605
142
606
45
607
162
608
53
609
-1
610
164
611
163
612
44
613
106
614
-1
615
144
616
145
617
127
618
85
619
-1
620
141
621
83
622
57
623
15
624
-1
625
12
626
90
627
163
628
14
629
-1
630
112
631
178
632
64
633
70
634
-1
635
10
636
85
637
94
638
186
639
-1
640
66
641
172
642
126
643
96
644
-1
645
80
646
131
647
96
648
32
649
-1
650
133
651
7
652
31
653
87
654
-1
655
115
656
99
657
145
658
43
659
-1
660
155
661
19
662
183
663
119
664
-1
665
115
666
69
667
76
668
22
669
-1
670
60
671
150
672
171
673
36
674
-1
675
81
676
49
677
35
678
10
679
-1
680
31
681
71
682
59
683
92
684
-1
685
120
686
186
687
139
688
89
689
-1
690
184
691
112
692
111
693
130
694
-1
695
163
696
111
697
138
698
146
699
-1
700
81
701
170
702
122
703
151
704
-1
705
182
706
120
707
95
708
116
709
-1
710
164
711
53
712
85
713
24
714
-1
715
179
716
73
717
186
718
18
719
-1
720
152
721
177
722
174
723
17
724
-1
725
30
726
101
727
51
728
107
729
-1
730
21
731
109
732
122
733
151
734
-1
735
133
736
176
737
68
738
134
739
-1
740
163
741
99
742
3
743
65
744
-1
745
145
746
27
747
159
748
20
749
-1
750
131
751
61
752
188
753
175
754
-1
755
120
756
153
757
148
758
159
759
-1
760
146
761
185
762
18
763
157
764
-1
765
23
766
123
767
107
768
17
769
-1
770
87
771
53
772
114
773
75
774
-1
775
43
776
156
777
96
778
70
779
-1
780
74
781
62
782
156
783
92
784
-1
785
30
786
85
787
142
788
71
789
-1
790
174
791
53
792
53
793
36
794
-1
795
69
796
53
797
83
798
8
799
-1
800
116
801
125
802
0
803
162
804
-1
805
93
806
162
807
15
808
77
809
-1
810
65
811
190
812
0
813
107
814
-1
815
44
816
80
817
145
818
102
819
-1
820
187
821
169
822
169
823
111
824
-1
825
29
826
182
827
33
828
190
829
-1
830
40
831
78
832
50
833
67
834
-1
835
152
836
45
837
161
838
129
839
-1
840
179
841
173
842
23
843
167
844
-1
845
99
846
79
847
3
848
72
849
-1
850
156
851
71
852
58
853
158
854
-1
855
103
856
141
857
0
858
94
859
-1
860
118
861
64
862
177
863
169
864
-1
865
66
866
38
867
23
868
42
869
-1
870
79
871
125
872
6
873
183
874
-1
875
139
876
86
877
180
878
74
879
-1
880
83
881
21
882
18
883
52
884
-1
885
159
886
76
887
116
888
159
889
-1
890
21
891
128
892
124
893
30
894
-1
895
53
896
23
897
185
898
72
899
-1
900
16
901
41
902
147
903
184
904
-1
905
65
906
177
907
41
908
70
909
-1
910
83
911
53
912
55
913
163
914
-1
915
126
916
187
917
178
918
134
919
-1
920
99
921
117
922
48
923
84
924
-1
925
165
926
132
927
94
928
120
929
-1
930
163
931
45
932
121
933
20
934
-1
935
13
936
98
937
185
938
58
939
-1
940
79
941
123
942
109
943
179
944
-1
945
97
946
131
947
78
948
108
949
-1
950
133
951
60
952
131
953
126
954
-1
955
56
956
38
957
94
958
175
959
-1
960
67
961
176
962
133
963
45
964
-1
965
169
966
131
967
16
968
151
969
-1
970
70
971
63
972
34
973
167
974
-1
975
47
976
133
977
79
978
136
979
-1
980
104
981
100
982
63
983
153
984
-1
985
114
986
40
987
184
988
48
989
-1
990
187
991
77
992
19
993
160
994
-1
995
68
996
75
997
165
998
49
999
-1
1000
17
1001
146
1002
142
1003
162
1004
-1
1005
97
1006
187
1007
131
1008
73
1009
-1
1010
164
1011
175
1012
82
1013
44
1014
-1
1015
184
1016
23
1017
81
1018
168
1019
-1
1020
18
1021
171
1022
176
1023
169
1024
-1
1025
83
1026
101
1027
146
1028
60
1029
-1
1030
40
1031
13
1032
156
1033
85
1034
-1
1035
179
1036
69
1037
101
1038
68
1039
-1
1040
47
1041
39
1042
86
1043
44
1044
-1
1045
139
1046
125
1047
78
1048
172
1049
-1
1050
154
1051
102
1052
16
1053
2
1054
-1
1055
22
1056
93
1057
114
1058
27
1059
-1
1060
83
1061
181
1062
149
1063
177
1064
-1
1065
111
1066
47
1067
158
1068
15
1069
-1
1070
11
1071
32
1072
91
1073
124
1074
-1
1075
124
1076
76
1077
88
1078
10
1079
-1
1080
57
1081
104
1082
142
1083
96
1084
-1
1085
6
1086
151
1087
47
1088
180
1089
-1
1090
64
1091
74
1092
118
1093
115
1094
-1
1095
13
1096
150
1097
45
1098
83
1099
-1
1100
77
1101
20
1102
13
1103
161
1104
-1
1105
98
1106
1
1107
115
1108
40
1109
-1
1110
124
1111
94
1112
180
1113
35
1114
-1
1115
17
1116
146
1117
31
1118
54
1119
-1
1120
8
1121
165
1122
128
1123
80
1124
-1
1125
135
1126
90
1127
107
1128
128
1129
-1
1130
126
1131
131
1132
163
1133
89
1134
-1
1135
189
1136
61
1137
115
1138
48
1139
-1
1140
108
1141
90
1142
172
1143
70
1144
-1
1145
4
1146
15
1147
141
1148
41
1149
-1
1150
66
1151
127
1152
155
1153
53
1154
-1
1155
132
1156
67
1157
186
1158
54
1159
-1
1160
138
1161
87
1162
38
1163
20
1164
-1
1165
150
1166
151
1167
6
1168
68
1169
-1
1170
13
1171
95
1172
56
1173
35
1174
-1
1175
171
1176
47
1177
169
1178
128
1179
-1
1180
47
1181
174
1182
180
1183
71
1184
-1
1185
84
1186
142
1187
152
1188
89
1189
-1
1190
171
1191
40
1192
175
1193
89
1194
-1
1195
83
1196
34
1197
156
1198
17
1199
-1
1200
187
1201
86
1202
2
1203
165
1204
-1
1205
21
1206
93
1207
191
1208
103
1209
-1
1210
105
1211
101
1212
60
1213
20
1214
-1
1215
62
1216
107
1217
41
1218
70
1219
-1
1220
48
1221
61
1222
125
1223
56
1224
-1
1225
132
1226
25
1227
67
1228
84
1229
-1
1230
114
1231
158
1232
162
1233
123
1234
-1
1235
109
1236
110
1237
22
1238
96
1239
-1
1240
165
1241
55
1242
3
1243
38
1244
-1
1245
190
1246
26
1247
37
1248
34
1249
-1
1250
34
1251
60
1252
31
1253
56
1254
-1
1255
106
1256
188
1257
117
1258
50
1259
-1
1260
126
1261
132
1262
86
1263
183
1264
-1
1265
71
1266
32
1267
97
1268
23
1269
-1
1270
47
1271
160
1272
42
1273
63
1274
-1
1275
103
1276
24
1277
6
1278
68
1279
-1
1280
141
1281
180
1282
156
1283
89
1284
-1
1285
70
1286
99
1287
152
1288
132
1289
-1
1290
26
1291
173
1292
62
1293
31
1294
-1
1295
35
1296
142
1297
88
1298
173
1299
-1
1300
115
1301
180
1302
3
1303
18
1304
-1
1305
113
1306
152
1307
118
1308
158
1309
-1
1310
185
1311
57
1312
47
1313
106
1314
-1
1315
77
1316
6
1317
97
1318
1
1319
-1
1320
1
1321
132
1322
126
1323
33
1324
-1
1325
188
1326
117
1327
81
1328
49
1329
-1
1330
84
1331
184
1332
45
1333
124
1334
-1
1335
25
1336
41
1337
85
1338
47
1339
-1
1340
175
1341
79
1342
118
1343
178
1344
-1
1345
138
1346
118
1347
149
1348
154
1349
-1
1350
90
1351
91
1352
141
1353
162
1354
-1
1355
139
1356
188
1357
118
1358
135
1359
-1
1360
36
1361
166
1362
83
1363
140
1364
-1
1365
67
1366
108
1367
4
1368
56
1369
-1
1370
124
1371
63
1372
85
1373
146
1374
-1
1375
122
1376
42
1377
94
1378
86
1379
-1
1380
142
1381
2
1382
185
1383
29
1384
-1
1385
154
1386
172
1387
91
1388
165
1389
-1
1390
105
1391
161
1392
56
1393
74
1394
-1
1395
10
1396
49
1397
85
1398
7
1399
-1
1400
125
1401
172
1402
148
1403
131
1404
-1
1405
51
1406
129
1407
119
1408
78
1409
-1
1410
92
1411
101
1412
91
1413
75
1414
-1
1415
142
1416
4
1417
27
1418
174
1419
-1
1420
44
1421
57
1422
150
1423
162
1424
-1
1425
191
1426
70
1427
84
1428
70
1429
-1
1430
160
1431
62
1432
47
1433
152
1434
-1
1435
7
1436
107
1437
91
1438
130
1439
-1
1440
22
1441
45
1442
29
1443
148
1444
-1
1445
65
1446
148
1447
88
1448
138
1449
-1
1450
115
1451
7
1452
133
1453
29
1454
-1
1455
48
1456
97
1457
40
1458
0
1459
-1
1460
6
1461
169
1462
181
1463
50
1464
-1
1465
46
1466
73
1467
0
1468
48
1469
-1
1470
8
1471
157
1472
138
1473
97
1474
-1
1475
84
1476
118
1477
123
1478
95
1479
-1
1480
93
1481
141
1482
61
1483
90
1484
-1
1485
100
1486
35
1487
143
1488
63
1489
-1
1490
18
1491
39
1492
12
1493
0
1494
-1
1495
191
1496
184
1497
63
1498
88
1499
-1
1500
79
1501
122
1502
39
1503
90
1504
-1
1505
36
1506
139
1507
165
1508
134
1509
-1
1510
131
1511
98
1512
191
1513
98
1514
-1
1515
124
1516
111
1517
98
1518
80
1519
-1
1520
53
1521
166
1522
98
1523
80
1524
-1
1525
87
1526
113
1527
17
1528
93
1529
-1
1530
43
1531
120
1532
45
1533
113
1534
-1
1535
161
1536
144
1537
37
1538
31
1539
-1
1540
154
1541
9
1542
185
1543
172
1544
-1
1545
171
1546
41
1547
94
1548
135
1549
-1
1550
182
1551
177
1552
53
1553
94
1554
-1
1555
19
1556
29
1557
28
1558
110
1559
-1
1560
146
1561
54
1562
126
1563
41
1564
-1
1565
44
1566
11
1567
29
1568
151
1569
-1
1570
55
1571
191
1572
131
1573
165
1574
-1
1575
22
1576
41
1577
183
1578
129
1579
-1
1580
52
1581
164
1582
148
1583
186
1584
-1
1585
31
1586
117
1587
96
1588
80
1589
-1
1590
8
1591
188
1592
171
1593
142
1594
-1
1595
10
1596
180
1597
171
1598
58
1599
-1
1600
129
1601
22
1602
144
1603
60
1604
-1
1605
104
1606
151
1607
142
1608
103
1609
-1
1610
19
1611
63
1612
178
1613
187
1614
-1
1615
102
1616
75
1617
169
1618
160
1619
-1
1620
174
1621
45
1622
145
1623
126
1624
-1
1625
7
1626
112
1627
140
1628
153
1629
-1
1630
28
1631
113
1632
121
1633
107
1634
-1
1635
61
1636
179
1637
179
1638
159
1639
-1
1640
13
1641
66
1642
37
1643
39
1644
-1
1645
77
1646
147
1647
35
1648
32
1649
-1
1650
97
1651
38
1652
182
1653
145
1654
-1
1655
29
1656
74
1657
25
1658
14
1659
-1
1660
167
1661
64
1662
56
1663
150
1664
-1
1665
89
1666
110
1667
83
1668
76
1669
-1
1670
55
1671
78
1672
120
1673
114
1674
-1
1675
48
1676
49
1677
105
1678
58
1679
-1
1680
174
1681
18
1682
176
1683
67
1684
-1
1685
88
1686
6
1687
102
1688
47
1689
-1
1690
25
1691
121
1692
168
1693
108
1694
-1
1695
26
1696
175
1697
50
1698
134
1699
-1
1700
128
1701
116
1702
161
1703
91
1704
-1
1705
23
1706
174
1707
24
1708
13
1709
-1
1710
123
1711
173
1712
36
1713
93
1714
-1
1715
82
1716
44
1717
185
1718
48
1719
-1
1720
172
1721
20
1722
82
1723
162
1724
-1
1725
122
1726
100
1727
34
1728
182
1729
-1
1730
39
1731
142
1732
91
1733
134
1734
-1
1735
172
1736
140
1737
91
1738
17
1739
-1
1740
133
1741
186
1742
171
1743
133
1744
-1
1745
12
1746
166
1747
139
1748
83
1749
-1
1750
44
1751
101
1752
168
1753
78
1754
-1
1755
137
1756
129
1757
26
1758
140
1759
-1
1760
105
1761
1
1762
115
1763
168
1764
-1
1765
74
1766
157
1767
118
1768
140
1769
-1
1770
129
1771
89
1772
119
1773
42
1774
-1
1775
165
1776
43
1777
45
1778
131
1779
-1
1780
127
1781
61
1782
44
1783
55
1784
-1
1785
141
1786
62
1787
63
1788
75
1789
-1
1790
50
1791
65
1792
149
1793
102
1794
-1
1795
102
1796
129
1797
54
1798
175
1799
-1
1800
144
1801
184
1802
189
1803
54
1804
-1
1805
88
1806
131
1807
160
1808
187
1809
-1
1810
69
1811
184
1812
103
1813
44
1814
-1
1815
174
1816
133
1817
87
1818
83
1819
-1
1820
20
1821
76
1822
17
1823
6
1824
-1
1825
53
1826
165
1827
78
1828
12
1829
-1
1830
156
1831
137
1832
13
1833
134
1834
-1
1835
150
1836
87
1837
103
1838
97
1839
-1
1840
146
1841
112
1842
33
1843
160
1844
-1
1845
137
1846
106
1847
30
1848
49
1849
-1
1850
147
1851
20
1852
157
1853
153
1854
-1
1855
144
1856
97
1857
40
1858
3
1859
-1
1860
142
1861
103
1862
19
1863
169
1864
-1
1865
90
1866
79
1867
177
1868
133
1869
-1
1870
29
1871
51
1872
178
1873
116
1874
-1
1875
147
1876
160
1877
74
1878
68
1879
-1
1880
14
1881
60
1882
168
1883
132
1884
-1
1885
177
1886
130
1887
40
1888
1
1889
-1
1890
165
1891
23
1892
106
1893
51
1894
-1
1895
122
1896
175
1897
19
1898
18
1899
-1
1900
13
1901
47
1902
183
1903
19
1904
-1
1905
126
1906
104
1907
168
1908
106
1909
-1
1910
136
1911
32
1912
153
1913
35
1914
-1
1915
63
1916
144
1917
42
1918
71
1919
-1
1920
78
1921
93
1922
42
1923
121
1924
-1
1925
163
1926
99
1927
130
1928
173
1929
-1
1930
180
1931
160
1932
85
1933
82
1934
-1
1935
137
1936
117
1937
21
1938
43
1939
-1
1940
49
1941
187
1942
65
1943
184
1944
-1
1945
151
1946
83
1947
103
1948
30
1949
-1
1950
7
1951
121
1952
27
1953
155
1954
-1
1955
12
1956
76
1957
6
1958
76
1959
-1
1960
129
1961
182
1962
96
1963
33
1964
-1
1965
26
1966
36
1967
45
1968
159
1969
-1
1970
190
1971
125
1972
74
1973
110
1974
-1
1975
91
1976
106
1977
83
1978
9
1979
-1
1980
29
1981
174
1982
73
1983
75
1984
-1
1985
112
1986
101
1987
153
1988
118
1989
-1
1990
150
1991
56
1992
19
1993
81
1994
-1
1995
34
1996
102
1997
138
1998
162
1999
-1
2000
26
2001
39
2002
66
2003
171
2004
-1
2005
21
2006
34
2007
167
2008
57
2009
-1
2010
29
2011
43
2012
26
2013
5
2014
-1
2015
122
2016
46
2017
94
2018
150
2019
-1
2020
128
2021
64
2022
155
2023
14
2024
-1
2025
7
2026
125
2027
156
2028
183
2029
-1
2030
79
2031
91
2032
154
2033
39
2034
-1
2035
17
2036
101
2037
86
2038
148
2039
-1
2040
7
2041
143
2042
162
2043
142
2044
-1
2045
65
2046
91
2047
31
2048
63
2049
-1
2050
63
2051
184
2052
131
2053
143
2054
-1
2055
70
2056
139
2057
67
2058
22
2059
-1
2060
43
2061
165
2062
74
2063
38
2064
-1
2065
136
2066
86
2067
19
2068
130
2069
-1
2070
107
2071
73
2072
108
2073
1
2074
-1
2075
5
2076
7
2077
101
2078
161
2079
-1
2080
166
2081
49
2082
129
2083
185
2084
-1
2085
144
2086
23
2087
50
2088
34
2089
-1
2090
191
2091
76
2092
141
2093
179
2094
-1
2095
131
2096
36
2097
143
2098
172
2099
-1
2100
115
2101
92
2102
69
2103
70
2104
-1
2105
153
2106
134
2107
84
2108
87
2109
-1
2110
140
2111
120
2112
7
2113
58
2114
-1
2115
13
2116
191
2117
171
2118
148
2119
-1
2120
122
2121
100
2122
26
2123
109
2124
-1
2125
74
2126
87
2127
107
2128
121
2129
-1
2130
172
2131
112
2132
127
2133
190
2134
-1
2135
75
2136
134
2137
57
2138
84
2139
-1
2140
140
2141
152
2142
18
2143
83
2144
-1
2145
97
2146
89
2147
108
2148
7
2149
-1
2150
138
2151
179
2152
186
2153
1
2154
-1
2155
166
2156
121
2157
29
2158
191
2159
-1
2160
168
2161
141
2162
58
2163
152
2164
-1
2165
30
2166
138
2167
122
2168
145
2169
-1
2170
125
2171
147
2172
154
2173
86
2174
-1
2175
27
2176
43
2177
2
2178
43
2179
-1
2180
100
2181
57
2182
56
2183
66
2184
-1
2185
42
2186
95
2187
166
2188
130
2189
-1
2190
177
2191
180
2192
25
2193
115
2194
-1
2195
0
2196
63
2197
24
2198
21
2199
-1
2200
24
2201
61
2202
183
2203
141
2204
-1
2205
44
2206
97
2207
100
2208
158
2209
-1
2210
103
2211
116
2212
5
2213
45
2214
-1
2215
118
2216
158
2217
155
2218
95
2219
-1
2220
130
2221
59
2222
188
2223
12
2224
-1
2225
117
2226
105
2227
87
2228
104
2229
-1
2230
55
2231
187
2232
71
2233
129
2234
-1
2235
87
2236
88
2237
83
2238
58
2239
-1
2240
158
2241
110
2242
26
2243
156
2244
-1
2245
116
2246
80
2247
108
2248
150
2249
-1
2250
172
2251
84
2252
169
2253
94
2254
-1
2255
131
2256
159
2257
88
2258
79
2259
-1
2260
45
2261
36
2262
160
2263
16
2264
-1
2265
169
2266
56
2267
24
2268
144
2269
-1
2270
141
2271
149
2272
71
2273
24
2274
-1
2275
134
2276
28
2277
64
2278
179
2279
-1
2280
123
2281
156
2282
30
2283
7
2284
-1
2285
172
2286
113
2287
113
2288
136
2289
-1
2290
42
2291
150
2292
136
2293
107
2294
-1
2295
91
2296
98
2297
46
2298
31
2299
-1
2300
7
2301
94
2302
124
2303
4
2304
-1
2305
63
2306
185
2307
108
2308
103
2309
-1
2310
184
2311
159
2312
175
2313
10
2314
-1
2315
26
2316
141
2317
146
2318
141
2319
-1
2320
22
2321
169
2322
36
2323
160
2324
-1
2325
10
2326
17
2327
139
2328
31
2329
-1
2330
122
2331
179
2332
3
2333
180
2334
-1
2335
88
2336
37
2337
44
2338
7
2339
-1
2340
100
2341
33
2342
41
2343
110
2344
-1
2345
75
2346
56
2347
155
2348
66
2349
-1
2350
157
2351
11
2352
160
2353
83
2354
-1
2355
57
2356
147
2357
37
2358
108
2359
-1
2360
135
2361
81
2362
92
2363
28
2364
-1
2365
101
2366
55
2367
88
2368
127
2369
-1
2370
103
2371
180
2372
128
2373
169
2374
-1
2375
24
2376
38
2377
175
2378
123
2379
-1
2380
180
2381
110
2382
190
2383
154
2384
-1
2385
130
2386
19
2387
24
2388
116
2389
-1
2390
67
2391
134
2392
165
2393
58
2394
-1
2395
131
2396
175
2397
11
2398
162
2399
-1
2400
53
2401
103
2402
110
2403
33
2404
-1
2405
110
2406
65
2407
32
2408
107
2409
-1
2410
13
2411
3
2412
176
2413
97
2414
-1
2415
68
2416
9
2417
163
2418
190
2419
-1
2420
53
2421
124
2422
0
2423
163
2424
-1
2425
17
2426
51
2427
130
2428
84
2429
-1
2430
12
2431
104
2432
153
2433
156
2434
-1
2435
118
2436
144
2437
72
2438
135
2439
-1
2440
175
2441
25
2442
69
2443
5
2444
-1
2445
90
2446
80
2447
17
2448
13
2449
-1
2450
114
2451
61
2452
131
2453
109
2454
-1
2455
103
2456
51
2457
113
2458
66
2459
-1
2460
80
2461
20
2462
101
2463
90
2464
-1
2465
35
2466
79
2467
40
2468
63
2469
-1
2470
40
2471
185
2472
59
2473
118
2474
-1
2475
14
2476
178
2477
40
2478
57
2479
-1
2480
114
2481
144
2482
65
2483
24
2484
-1
2485
89
2486
20
2487
179
2488
164
2489
-1
2490
160
2491
83
2492
107
2493
105
2494
-1
2495
74
2496
69
2497
57
2498
33
2499
-1
2500
112
2501
191
2502
153
2503
20
2504
-1
2505
136
2506
8
2507
137
2508
34
2509
-1
2510
177
2511
183
2512
66
2513
150
2514
-1
2515
31
2516
35
2517
131
2518
84
2519
-1
2520
30
2521
139
2522
47
2523
14
2524
-1
2525
42
2526
157
2527
100
2528
163
2529
-1
2530
93
2531
140
2532
52
2533
156
2534
-1
2535
85
2536
18
2537
131
2538
167
2539
-1
2540
119
2541
162
2542
127
2543
159
2544
-1
2545
184
2546
56
2547
77
2548
181
2549
-1
2550
81
2551
157
2552
114
2553
160
2554
-1
2555
28
2556
66
2557
47
2558
163
2559
-1
2560
31
2561
82
2562
186
2563
155
2564
-1
2565
121
2566
97
2567
48
2568
71
2569
-1
2570
172
2571
176
2572
136
2573
83
2574
-1
2575
171
2576
44
2577
9
2578
122
2579
-1
2580
112
2581
114
2582
76
2583
124
2584
-1
2585
148
2586
190
2587
156
2588
35
2589
-1
2590
46
2591
54
2592
120
2593
158
2594
-1
2595
168
2596
1
2597
5
2598
60
2599
-1
2600
117
2601
33
2602
168
2603
58
2604
-1
2605
67
2606
62
2607
110
2608
138
2609
-1
2610
190
2611
50
2612
189
2613
52
2614
-1
2615
181
2616
21
2617
169
2618
84
2619
-1
2620
82
2621
55
2622
90
2623
184
2624
-1
2625
39
2626
71
2627
19
2628
122
2629
-1
2630
141
2631
135
2632
55
2633
172
2634
-1
2635
191
2636
184
2637
120
2638
4
2639
-1
2640
136
2641
72
2642
162
2643
98
2644
-1
2645
20
2646
119
2647
126
2648
145
2649
-1
2650
123
2651
1
2652
170
2653
161
2654
-1
2655
10
2656
22
2657
58
2658
45
2659
-1
2660
35
2661
150
2662
95
2663
128
2664
-1
2665
3
2666
24
2667
138
2668
13
2669
-1
2670
144
2671
9
2672
135
2673
158
2674
-1
2675
81
2676
62
2677
145
2678
49
2679
-1
2680
113
2681
184
2682
67
2683
76
2684
-1
2685
140
2686
110
2687
171
2688
24
2689
-1
2690
102
2691
51
2692
183
2693
36
2694
-1
2695
115
2696
14
2697
36
2698
84
2699
-1
2700
105
2701
173
2702
3
2703
3
2704
-1
2705
136
2706
88
2707
140
2708
16
2709
-1
2710
34
2711
123
2712
108
2713
148
2714
-1
2715
132
2716
154
2717
58
2718
89
2719
-1
2720
21
2721
94
2722
54
2723
188
2724
-1
2725
34
2726
82
2727
103
2728
130
2729
-1
2730
126
2731
21
2732
149
2733
176
2734
-1
2735
93
2736
56
2737
98
2738
60
2739
-1
2740
90
2741
163
2742
33
2743
69
2744
-1
2745
175
2746
136
2747
58
2748
109
2749
-1
2750
144
2751
28
2752
95
2753
190
2754
-1
2755
74
2756
122
2757
23
2758
32
2759
-1
2760
56
2761
144
2762
38
2763
45
2764
-1
2765
115
2766
129
2767
128
2768
54
2769
-1
2770
108
2771
162
2772
31
2773
154
2774
-1
2775
149
2776
28
2777
127
2778
76
2779
-1
2780
18
2781
153
2782
190
2783
3
2784
-1
2785
185
2786
69
2787
184
2788
18
2789
-1
2790
51
2791
153
2792
132
2793
65
2794
-1
2795
122
2796
43
2797
39
2798
117
2799
-1
2800
69
2801
106
2802
67
2803
177
2804
-1
2805
113
2806
156
2807
127
2808
76
2809
-1
2810
89
2811
171
2812
125
2813
158
2814
-1
2815
24
2816
167
2817
178
2818
15
2819
-1
2820
112
2821
178
2822
58
2823
73
2824
-1
2825
157
2826
71
2827
166
2828
86
2829
-1
2830
183
2831
62
2832
97
2833
106
2834
-1
2835
79
2836
173
2837
6
2838
105
2839
-1
2840
187
2841
188
2842
157
2843
34
2844
-1
2845
39
2846
24
2847
113
2848
2
2849
-1
2850
107
2851
56
2852
84
2853
178
2854
-1
2855
125
2856
106
2857
83
2858
179
2859
-1
2860
141
2861
77
2862
181
2863
168
2864
-1
2865
107
2866
47
2867
69
2868
185
2869
-1
2870
58
2871
8
2872
69
2873
26
2874
-1
2875
27
2876
135
2877
42
2878
21
2879
-1
2880
168
2881
135
2882
141
2883
155
2884
-1
2885
79
2886
62
2887
11
2888
74
2889
-1
2890
156
2891
57
2892
19
2893
180
2894
-1
2895
92
2896
106
2897
90
2898
143
2899
-1
2900
72
2901
188
2902
158
2903
26
2904
-1
2905
119
2906
156
2907
146
2908
11
2909
-1
2910
82
2911
160
2912
103
2913
21
2914
-1
2915
55
2916
139
2917
6
2918
25
2919
-1
2920
55
2921
146
2922
23
2923
7
2924
-1
2925
5
2926
96
2927
176
2928
111
2929
-1
2930
25
2931
150
2932
190
2933
2
2934
-1
2935
89
2936
50
2937
37
2938
2
2939
-1
2940
50
2941
60
2942
102
2943
122
2944
-1
2945
128
2946
89
2947
185
2948
32
2949
-1
2950
80
2951
60
2952
124
2953
71
2954
-1
2955
156
2956
99
2957
184
2958
33
2959
-1
2960
157
2961
165
2962
66
2963
95
2964
-1
2965
52
2966
48
2967
137
2968
106
2969
-1
2970
98
2971
58
2972
89
2973
147
2974
-1
2975
189
2976
47
2977
136
2978
30
2979
-1
2980
103
2981
57
2982
182
2983
0
2984
-1
2985
28
2986
163
2987
110
2988
129
2989
-1
2990
45
2991
39
2992
26
2993
151
2994
-1
2995
98
2996
95
2997
146
2998
67
2999
-1
3000
42
3001
57
3002
113
3003
66
3004
-1
3005
150
3006
178
3007
63
3008
60
3009
-1
3010
30
3011
14
3012
19
3013
140
3014
-1
3015
84
3016
22
3017
153
3018
146
3019
-1
3020
140
3021
179
3022
29
3023
54
3024
-1
3025
182
3026
62
3027
69
3028
172
3029
-1
3030
139
3031
118
3032
165
3033
148
3034
-1
3035
158
3036
63
3037
44
3038
81
3039
-1
3040
82
3041
103
3042
182
3043
103
3044
-1
3045
128
3046
56
3047
154
3048
131
3049
-1
3050
78
3051
42
3052
0
3053
39
3054
-1
3055
16
3056
138
3057
169
3058
98
3059
-1
3060
5
3061
0
3062
147
3063
45
3064
-1
3065
84
3066
110
3067
173
3068
161
3069
-1
3070
65
3071
10
3072
87
3073
17
3074
-1
3075
179
3076
75
3077
45
3078
46
3079
-1
3080
95
3081
144
3082
169
3083
85
3084
-1
3085
158
3086
35
3087
175
3088
160
3089
-1
3090
171
3091
185
3092
126
3093
40
3094
-1
3095
47
3096
20
3097
107
3098
63
3099
-1
3100
135
3101
154
3102
181
3103
86
3104
-1
3105
20
3106
175
3107
83
3108
135
3109
-1
3110
121
3111
111
3112
110
3113
108
3114
-1
3115
94
3116
89
3117
150
3118
129
3119
-1
3120
120
3121
101
3122
134
3123
75
3124
-1
3125
47
3126
124
3127
124
3128
79
3129
-1
3130
174
3131
43
3132
187
3133
54
3134
-1
3135
112
3136
85
3137
63
3138
57
3139
-1
3140
189
3141
49
3142
3
3143
185
3144
-1
3145
55
3146
139
3147
74
3148
84
3149
-1
3150
81
3151
161
3152
51
3153
173
3154
-1
3155
8
3156
147
3157
56
3158
146
3159
-1
3160
36
3161
174
3162
146
3163
84
3164
-1
3165
143
3166
9
3167
178
3168
155
3169
-1
3170
191
3171
173
3172
102
3173
124
3174
-1
3175
38
3176
116
3177
60
3178
187
3179
-1
3180
6
3181
52
3182
110
3183
124
3184
-1
3185
72
3186
85
3187
166
3188
163
3189
-1
3190
190
3191
61
3192
149
3193
9
3194
-1
3195
2
3196
57
3197
47
3198
160
3199
-1
3200
134
3201
36
3202
37
3203
87
3204
-1
3205
16
3206
21
3207
167
3208
40
3209
-1
3210
110
3211
182
3212
123
3213
128
3214
-1
3215
18
3216
55
3217
55
3218
6
3219
-1
3220
9
3221
46
3222
20
3223
54
3224
-1
3225
16
3226
55
3227
25
3228
70
3229
-1
3230
181
3231
43
3232
26
3233
91
3234
-1
3235
90
3236
175
3237
164
3238
47
3239
-1
3240
167
3241
88
3242
155
3243
43
3244
-1
3245
30
3246
187
3247
12
3248
119
3249
-1
3250
178
3251
100
3252
4
3253
58
3254
-1
3255
168
3256
17
3257
65
3258
89
3259
-1
3260
8
3261
105
3262
86
3263
22
3264
-1
3265
105
3266
122
3267
102
3268
114
3269
-1
3270
23
3271
148
3272
143
3273
159
3274
-1
3275
14
3276
141
3277
157
3278
126
3279
-1
3280
57
3281
147
3282
182
3283
169
3284
-1
3285
169
3286
125
3287
30
3288
159
3289
-1
3290
146
3291
141
3292
166
3293
111
3294
-1
3295
78
3296
146
3297
186
3298
112
3299
-1
3300
102
3301
27
3302
91
3303
183
3304
-1
3305
58
3306
89
3307
82
3308
85
3309
-1
3310
184
3311
50
3312
162
3313
86
3314
-1
3315
69
3316
90
3317
117
3318
165
3319
-1
3320
93
3321
43
3322
49
3323
36
3324
-1
3325
129
3326
19
3327
31
3328
43
3329
-1
3330
106
3331
154
3332
57
3333
7
3334
-1
3335
148
3336
143
3337
142
3338
163
3339
-1
3340
140
3341
53
3342
10
3343
150
3344
-1
3345
136
3346
65
3347
30
3348
185
3349
-1
3350
67
3351
47
3352
190
3353
150
3354
-1
3355
51
3356
74
3357
54
3358
188
3359
-1
3360
121
3361
150
3362
8
3363
92
3364
-1
3365
0
3366
148
3367
106
3368
67
3369
-1
3370
181
3371
53
3372
107
3373
124
3374
-1
3375
98
3376
72
3377
71
3378
191
3379
-1
3380
166
3381
154
3382
131
3383
61
3384
-1
3385
28
3386
38
3387
117
3388
140
3389
-1
3390
130
3391
71
3392
150
3393
125
3394
-1
3395
177
3396
156
3397
44
3398
90
3399
-1
3400
68
3401
117
3402
24
3403
6
3404
-1
3405
65
3406
72
3407
111
3408
78
3409
-1
3410
96
3411
148
3412
66
3413
140
3414
-1
3415
75
3416
0
3417
37
3418
32
3419
-1
3420
93
3421
113
3422
105
3423
50
3424
-1
3425
31
3426
112
3427
138
3428
80
3429
-1
3430
26
3431
91
3432
103
3433
116
3434
-1
3435
113
3436
71
3437
184
3438
172
3439
-1
3440
4
3441
134
3442
27
3443
185
3444
-1
3445
25
3446
190
3447
138
3448
150
3449
-1
3450
137
3451
43
3452
71
3453
32
3454
-1
3455
78
3456
48
3457
38
3458
106
3459
-1
3460
101
3461
56
3462
89
3463
169
3464
-1
3465
89
3466
8
3467
70
3468
82
3469
-1
3470
164
3471
11
3472
101
3473
78
3474
-1
3475
45
3476
99
3477
162
3478
88
3479
-1
3480
171
3481
93
3482
190
3483
130
3484
-1
3485
82
3486
156
3487
72
3488
78
3489
-1
3490
75
3491
120
3492
59
3493
72
3494
-1
3495
182
3496
70
3497
143
3498
133
3499
-1
3500
10
3501
66
3502
175
3503
10
3504
-1
3505
23
3506
120
3507
86
3508
137
3509
-1
3510
107
3511
82
3512
33
3513
134
3514
-1
3515
86
3516
145
3517
51
3518
158
3519
-1
3520
181
3521
191
3522
50
3523
101
3524
-1
3525
163
3526
38
3527
183
3528
191
3529
-1
3530
153
3531
164
3532
2
3533
2
3534
-1
3535
120
3536
167
3537
81
3538
26
3539
-1
3540
64
3541
186
3542
129
3543
34
3544
-1
3545
5
3546
67
3547
180
3548
4
3549
-1
3550
112
3551
132
3552
156
3553
173
3554
-1
3555
43
3556
58
3557
164
3558
14
3559
-1
3560
144
3561
163
3562
102
3563
68
3564
-1
3565
51
3566
80
3567
36
3568
179
3569
-1
3570
88
3571
84
3572
80
3573
45
3574
-1
3575
147
3576
35
3577
126
3578
87
3579
-1
3580
85
3581
98
3582
80
3583
59
3584
-1
3585
72
3586
66
3587
122
3588
14
3589
-1
3590
94
3591
81
3592
156
3593
177
3594
-1
3595
130
3596
6
3597
168
3598
156
3599
-1
3600
44
3601
19
3602
21
3603
111
3604
-1
3605
122
3606
171
3607
81
3608
111
3609
-1
3610
105
3611
153
3612
89
3613
108
3614
-1
3615
94
3616
60
3617
48
3618
9
3619
-1
3620
24
3621
12
3622
19
3623
38
3624
-1
3625
81
3626
30
3627
70
3628
60
3629
-1
3630
14
3631
33
3632
183
3633
49
3634
-1
3635
55
3636
3
3637
184
3638
94
3639
-1
3640
16
3641
129
3642
186
3643
67
3644
-1
3645
174
3646
103
3647
43
3648
123
3649
-1
3650
187
3651
134
3652
66
3653
113
3654
-1
3655
9
3656
191
3657
132
3658
162
3659
-1
3660
163
3661
136
3662
131
3663
28
3664
-1
3665
25
3666
125
3667
140
3668
124
3669
-1
3670
74
3671
191
3672
156
3673
93
3674
-1
3675
76
3676
70
3677
122
3678
28
3679
-1
3680
189
3681
63
3682
42
3683
26
3684
-1
3685
103
3686
31
3687
2
3688
90
3689
-1
3690
8
3691
118
3692
129
3693
173
3694
-1
3695
133
3696
164
3697
143
3698
135
3699
-1
3700
105
3701
76
3702
60
3703
94
3704
-1
3705
172
3706
135
3707
1
3708
62
3709
-1
3710
63
3711
30
3712
63
3713
179
3714
-1
3715
128
3716
100
3717
41
3718
61
3719
-1
3720
6
3721
94
3722
154
3723
164
3724
-1
3725
165
3726
142
3727
30
3728
167
3729
-1
3730
124
3731
110
3732
14
3733
87
3734
-1
3735
10
3736
149
3737
185
3738
66
3739
-1
3740
181
3741
140
3742
155
3743
44
3744
-1
3745
106
3746
191
3747
81
3748
130
3749
-1
3750
88
3751
136
3752
158
3753
32
3754
-1
3755
51
3756
118
3757
102
3758
120
3759
-1
3760
101
3761
180
3762
42
3763
17
3764
-1
3765
78
3766
123
3767
188
3768
110
3769
-1
3770
24
3771
118
3772
124
3773
34
3774
-1
3775
187
3776
131
3777
29
3778
142
3779
-1
3780
126
3781
155
3782
116
3783
39
3784
-1
3785
112
3786
43
3787
121
3788
172
3789
-1
3790
104
3791
70
3792
47
3793
183
3794
-1
3795
169
3796
75
3797
44
3798
47
3799
-1
3800
30
3801
78
3802
38
3803
51
3804
-1
3805
112
3806
30
3807
155
3808
130
3809
-1
3810
25
3811
125
3812
190
3813
23
3814
-1
3815
158
3816
174
3817
103
3818
27
3819
-1
3820
176
3821
0
3822
37
3823
150
3824
-1
3825
25
3826
173
3827
63
3828
50
3829
-1
3830
178
3831
153
3832
100
3833
56
3834
-1
3835
16
3836
134
3837
4
3838
45
3839
-1
3840
161
3841
72
3842
88
3843
130
3844
-1
3845
35
3846
80
3847
126
3848
84
3849
-1
3850
74
3851
47
3852
124
3853
55
3854
-1
3855
25
3856
93
3857
26
3858
82
3859
-1
3860
38
3861
35
3862
88
3863
173
3864
-1
3865
92
3866
187
3867
145
3868
53
3869
-1
3870
31
3871
138
3872
20
3873
5
3874
-1
3875
128
3876
105
3877
50
3878
45
3879
-1
3880
128
3881
107
3882
154
3883
87
3884
-1
3885
35
3886
9
3887
8
3888
22
3889
-1
3890
138
3891
47
3892
108
3893
160
3894
-1
3895
144
3896
151
3897
163
3898
138
3899
-1
3900
171
3901
121
3902
136
3903
83
3904
-1
3905
34
3906
102
3907
162
3908
176
3909
-1
3910
20
3911
4
3912
145
3913
57
3914
-1
3915
145
3916
47
3917
179
3918
21
3919
-1
3920
43
3921
64
3922
8
3923
56
3924
-1
3925
57
3926
86
3927
103
3928
47
3929
-1
3930
96
3931
137
3932
13
3933
52
3934
-1
3935
154
3936
42
3937
81
3938
60
3939
-1
3940
163
3941
72
3942
87
3943
25
3944
-1
3945
64
3946
21
3947
79
3948
183
3949
-1
3950
98
3951
141
3952
146
3953
125
3954
-1
3955
64
3956
171
3957
15
3958
146
3959
-1
3960
167
3961
104
3962
59
3963
93
3964
-1
3965
123
3966
111
3967
191
3968
17
3969
-1
3970
180
3971
152
3972
111
3973
189
3974
-1
3975
39
3976
177
3977
31
3978
66
3979
-1
3980
22
3981
8
3982
59
3983
38
3984
-1
3985
30
3986
60
3987
150
3988
121
3989
-1
3990
95
3991
138
3992
152
3993
163
3994
-1
3995
102
3996
159
3997
133
3998
53
3999
-1
4000
63
4001
73
4002
128
4003
38
4004
-1
4005
84
4006
178
4007
71
4008
12
4009
-1
4010
108
4011
76
4012
112
4013
172
4014
-1
4015
151
4016
173
4017
77
4018
4
4019
-1
4020
153
4021
173
4022
23
4023
29
4024
-1
4025
89
4026
142
4027
134
4028
71
4029
-1
4030
140
4031
6
4032
98
4033
149
4034
-1
4035
80
4036
153
4037
128
4038
53
4039
-1
4040
20
4041
70
4042
153
4043
75
4044
-1
4045
123
4046
169
4047
22
4048
102
4049
-1
4050
51
4051
72
4052
8
4053
28
4054
-1
4055
151
4056
102
4057
35
4058
164
4059
-1
4060
161
4061
116
4062
109
4063
143
4064
-1
4065
100
4066
118
4067
57
4068
138
4069
-1
4070
85
4071
42
4072
4
4073
173
4074
-1
4075
26
4076
74
4077
164
4078
42
4079
-1
4080
88
4081
110
4082
149
4083
51
4084
-1
4085
46
4086
48
4087
75
4088
149
4089
-1
4090
87
4091
129
4092
131
4093
26
4094
-1
4095
20
4096
185
4097
165
4098
68
4099
-1
4100
130
4101
99
4102
103
4103
163
4104
-1
4105
39
4106
114
4107
172
4108
177
4109
-1
4110
145
4111
163
4112
163
4113
103
4114
-1
4115
67
4116
18
4117
168
4118
146
4119
-1
4120
34
4121
191
4122
191
4123
14
4124
-1
4125
185
4126
153
4127
102
4128
92
4129
-1
4130
28
4131
117
4132
148
4133
165
4134
-1
4135
181
4136
45
4137
183
4138
158
4139
-1
4140
26
4141
92
4142
20
4143
81
4144
-1
4145
85
4146
59
4147
37
4148
96
4149
-1
4150
126
4151
10
4152
75
4153
156
4154
-1
4155
125
4156
27
4157
65
4158
175
4159
-1
4160
11
4161
102
4162
104
4163
115
4164
-1
4165
93
4166
36
4167
52
4168
57
4169
-1
4170
78
4171
95
4172
151
4173
166
4174
-1
4175
34
4176
37
4177
17
4178
0
4179
-1
4180
94
4181
68
4182
77
4183
26
4184
-1
4185
88
4186
154
4187
106
4188
57
4189
-1
4190
187
4191
54
4192
150
4193
84
4194
-1
4195
54
4196
112
4197
57
4198
190
4199
-1
4200
121
4201
5
4202
72
4203
134
4204
-1
4205
69
4206
103
4207
14
4208
141
4209
-1
4210
129
4211
16
4212
58
4213
60
4214
-1
4215
62
4216
2
4217
39
4218
11
4219
-1
4220
65
4221
116
4222
118
4223
58
4224
-1
4225
74
4226
48
4227
97
4228
170
4229
-1
4230
86
4231
101
4232
168
4233
139
4234
-1
4235
103
4236
164
4237
122
4238
179
4239
-1
4240
103
4241
60
4242
122
4243
133
4244
-1
4245
113
4246
177
4247
80
4248
2
4249
-1
4250
100
4251
101
4252
129
4253
184
4254
-1
4255
120
4256
81
4257
132
4258
97
4259
-1
4260
64
4261
143
4262
132
4263
48
4264
-1
4265
165
4266
47
4267
37
4268
146
4269
-1
4270
165
4271
94
4272
10
4273
28
4274
-1
4275
5
4276
110
4277
146
4278
59
4279
-1
4280
88
4281
9
4282
16
4283
87
4284
-1
4285
143
4286
40
4287
54
4288
162
4289
-1
4290
65
4291
103
4292
83
4293
100
4294
-1
4295
1
4296
153
4297
175
4298
113
4299
-1
4300
11
4301
159
4302
112
4303
57
4304
-1
4305
109
4306
87
4307
1
4308
161
4309
-1
4310
65
4311
165
4312
90
4313
176
4314
-1
4315
159
4316
18
4317
9
4318
103
4319
-1
4320
92
4321
180
4322
96
4323
77
4324
-1
4325
164
4326
104
4327
110
4328
176
4329
-1
4330
187
4331
30
4332
164
4333
157
4334
-1
4335
155
4336
56
4337
58
4338
46
4339
-1
4340
114
4341
156
4342
95
4343
112
4344
-1
4345
120
4346
151
4347
37
4348
102
4349
-1
4350
87
4351
97
4352
74
4353
181
4354
-1
4355
173
4356
109
4357
84
4358
127
4359
-1
4360
35
4361
7
4362
175
4363
134
4364
-1
4365
47
4366
3
4367
9
4368
125
4369
-1
4370
160
4371
3
4372
154
4373
170
4374
-1
4375
46
4376
134
4377
119
4378
25
4379
-1
4380
24
4381
161
4382
117
4383
35
4384
-1
4385
0
4386
147
4387
22
4388
120
4389
-1
4390
153
4391
39
4392
26
4393
102
4394
-1
4395
94
4396
39
4397
109
4398
4
4399
-1
4400
133
4401
172
4402
60
4403
180
4404
-1
4405
189
4406
35
4407
2
4408
44
4409
-1
4410
32
4411
142
4412
102
4413
141
4414
-1
4415
106
4416
38
4417
40
4418
59
4419
-1
4420
58
4421
184
4422
5
4423
95
4424
-1
4425
173
4426
91
4427
62
4428
174
4429
-1
4430
33
4431
109
4432
164
4433
1
4434
-1
4435
107
4436
125
4437
5
4438
20
4439
-1
4440
21
4441
153
4442
181
4443
148
4444
-1
4445
165
4446
33
4447
84
4448
182
4449
-1
4450
144
4451
18
4452
104
4453
40
4454
-1
4455
73
4456
78
4457
135
4458
154
4459
-1
4460
106
4461
65
4462
27
4463
110
4464
-1
4465
79
4466
117
4467
144
4468
191
4469
-1
4470
63
4471
123
4472
55
4473
113
4474
-1
4475
101
4476
121
4477
174
4478
22
4479
-1
4480
148
4481
150
4482
123
4483
109
4484
-1
4485
64
4486
147
4487
46
4488
62
4489
-1
4490
59
4491
156
4492
16
4493
165
4494
-1
4495
110
4496
175
4497
147
4498
73
4499
-1
4500
35
4501
42
4502
79
4503
7
4504
-1
4505
8
4506
7
4507
80
4508
132
4509
-1
4510
90
4511
81
4512
109
4513
7
4514
-1
4515
51
4516
56
4517
94
4518
10
4519
-1
4520
63
4521
175
4522
54
4523
47
4524
-1
4525
20
4526
44
4527
38
4528
57
4529
-1
4530
4
4531
87
4532
105
4533
185
4534
-1
4535
185
4536
136
4537
118
4538
129
4539
-1
4540
187
4541
51
4542
35
4543
114
4544
-1
4545
134
4546
34
4547
46
4548
144
4549
-1
4550
142
4551
169
4552
34
4553
91
4554
-1
4555
152
4556
138
4557
187
4558
178
4559
-1
4560
94
4561
133
4562
67
4563
75
4564
-1
4565
48
4566
191
4567
44
4568
11
4569
-1
4570
170
4571
0
4572
30
4573
180
4574
-1
4575
1
4576
148
4577
127
4578
29
4579
-1
4580
38
4581
6
4582
149
4583
189
4584
-1
4585
145
4586
60
4587
122
4588
169
4589
-1
4590
77
4591
24
4592
31
4593
144
4594
-1
4595
190
4596
35
4597
114
4598
101
4599
-1
4600
47
4601
47
4602
50
4603
176
4604
-1
4605
175
4606
189
4607
97
4608
11
4609
-1
4610
134
4611
179
4612
143
4613
52
4614
-1
4615
104
4616
180
4617
159
4618
124
4619
-1
4620
183
4621
28
4622
134
4623
76
4624
-1
4625
65
4626
64
4627
54
4628
20
4629
-1
4630
59
4631
99
4632
132
4633
121
4634
-1
4635
62
4636
107
4637
113
4638
108
4639
-1
4640
99
4641
59
4642
190
4643
174
4644
-1
4645
63
4646
60
4647
43
4648
96
4649
-1
4650
90
4651
166
4652
50
4653
26
4654
-1
4655
151
4656
65
4657
40
4658
187
4659
-1
4660
96
4661
125
4662
21
4663
35
4664
-1
4665
188
4666
133
4667
38
4668
50
4669
-1
4670
28
4671
49
4672
80
4673
0
4674
-1
4675
63
4676
156
4677
70
4678
120
4679
-1
4680
1
4681
110
4682
55
4683
130
4684
-1
4685
89
4686
94
4687
127
4688
78
4689
-1
4690
99
4691
62
4692
43
4693
35
4694
-1
4695
165
4696
57
4697
77
4698
46
4699
-1
4700
114
4701
156
4702
151
4703
55
4704
-1
4705
131
4706
119
4707
78
4708
109
4709
-1
4710
19
4711
150
4712
94
4713
13
4714
-1
4715
99
4716
75
4717
61
4718
191
4719
-1
4720
140
4721
157
4722
17
4723
103
4724
-1
4725
6
4726
152
4727
71
4728
97
4729
-1
4730
30
4731
58
4732
15
4733
120
4734
-1
4735
127
4736
180
4737
154
4738
124
4739
-1
4740
40
4741
36
4742
85
4743
89
4744
-1
4745
57
4746
138
4747
63
4748
126
4749
-1
4750
141
4751
175
4752
69
4753
94
4754
-1
4755
99
4756
28
4757
152
4758
140
4759
-1
4760
9
4761
62
4762
4
4763
51
4764
-1
4765
119
4766
153
4767
56
4768
75
4769
-1
4770
56
4771
90
4772
162
4773
57
4774
-1
4775
46
4776
96
4777
144
4778
163
4779
-1
4780
49
4781
137
4782
99
4783
68
4784
-1
4785
93
4786
134
4787
44
4788
54
4789
-1
4790
80
4791
181
4792
51
4793
24
4794
-1
4795
163
4796
119
4797
83
4798
98
4799
-1
4800
138
4801
159
4802
20
4803
10
4804
-1
4805
91
4806
110
4807
107
4808
10
4809
-1
4810
26
4811
138
4812
19
4813
179
4814
-1
4815
98
4816
65
4817
185
4818
15
4819
-1
4820
113
4821
137
4822
44
4823
172
4824
-1
4825
89
4826
122
4827
140
4828
74
4829
-1
4830
102
4831
42
4832
1
4833
166
4834
-1
4835
75
4836
14
4837
155
4838
191
4839
-1
4840
46
4841
78
4842
12
4843
152
4844
-1
4845
128
4846
74
4847
19
4848
176
4849
-1
4850
117
4851
65
4852
151
4853
41
4854
-1
4855
61
4856
145
4857
135
4858
35
4859
-1
4860
53
4861
175
4862
83
4863
46
4864
-1
4865
182
4866
176
4867
20
4868
136
4869
-1
4870
184
4871
70
4872
117
4873
137
4874
-1
4875
173
4876
130
4877
169
4878
42
4879
-1
4880
170
4881
178
4882
39
4883
31
4884
-1
4885
127
4886
28
4887
108
4888
162
4889
-1
4890
123
4891
187
4892
39
4893
86
4894
-1
4895
67
4896
7
4897
94
4898
94
4899
-1
4900
85
4901
51
4902
19
4903
154
4904
-1
4905
124
4906
116
4907
49
4908
159
4909
-1
4910
75
4911
186
4912
65
4913
3
4914
-1
4915
149
4916
135
4917
165
4918
112
4919
-1
4920
155
4921
15
4922
171
4923
86
4924
-1
4925
125
4926
36
4927
52
4928
153
4929
-1
4930
56
4931
9
4932
29
4933
144
4934
-1
4935
167
4936
132
4937
15
4938
49
4939
-1
4940
158
4941
142
4942
136
4943
157
4944
-1
4945
5
4946
56
4947
180
4948
169
4949
-1
4950
128
4951
4
4952
79
4953
44
4954
-1
4955
22
4956
127
4957
36
4958
20
4959
-1
4960
111
4961
148
4962
129
4963
123
4964
-1
4965
35
4966
27
4967
40
4968
157
4969
-1
4970
95
4971
19
4972
137
4973
38
4974
-1
4975
101
4976
154
4977
41
4978
160
4979
-1
4980
20
4981
4
4982
117
4983
27
4984
-1
4985
52
4986
34
4987
119
4988
57
4989
-1
4990
80
4991
20
4992
53
4993
67
4994
-1
4995
24
4996
140
4997
183
4998
31
4999
-1
