********************************************************************************
The planted motif0 is:
TTCCAATGGCGTTAC
0
99
1
-1
2
57
3
-1
4
25
5
-1
6
47
7
-1
8
69
9
-1
10
20
11
-1
12
105
13
-1
14
13
15
-1
16
11
17
-1
18
160
19
-1
20
63
21
-1
22
158
23
-1
24
85
25
-1
26
63
27
-1
28
5
29
-1
30
11
31
-1
32
23
33
-1
34
25
35
-1
36
53
37
-1
38
122
39
-1
40
35
41
-1
42
20
43
-1
44
161
45
-1
46
39
47
-1
48
33
49
-1
50
105
51
-1
52
105
53
-1
54
170
55
-1
56
136
57
-1
58
63
59
-1
60
172
61
-1
62
58
63
-1
64
175
65
-1
66
47
67
-1
68
162
69
-1
70
63
71
-1
72
112
73
-1
74
92
75
-1
76
154
77
-1
78
135
79
-1
80
60
81
-1
82
60
83
-1
84
138
85
-1
86
25
87
-1
88
141
89
-1
90
115
91
-1
92
121
93
-1
94
137
95
-1
96
151
97
-1
98
140
99
-1
100
182
101
-1
102
76
103
-1
104
38
105
-1
106
157
107
-1
108
49
109
-1
110
166
111
-1
112
0
113
-1
114
125
115
-1
116
30
117
-1
118
55
119
-1
120
18
121
-1
122
24
123
-1
124
173
125
-1
126
175
127
-1
128
0
129
-1
130
142
131
-1
132
50
133
-1
134
93
135
-1
136
162
137
-1
138
69
139
-1
140
140
141
-1
142
135
143
-1
144
40
145
-1
146
142
147
-1
148
143
149
-1
150
129
151
-1
152
109
153
-1
154
90
155
-1
156
146
157
-1
158
39
159
-1
160
7
161
-1
162
27
163
-1
164
48
165
-1
166
10
167
-1
168
32
169
-1
170
158
171
-1
172
114
173
-1
174
71
175
-1
176
167
177
-1
178
172
179
-1
180
23
181
-1
182
56
183
-1
184
137
185
-1
186
101
187
-1
188
94
189
-1
190
168
191
-1
192
161
193
-1
194
2
195
-1
196
15
197
-1
198
110
199
-1
200
77
201
-1
202
28
203
-1
204
171
205
-1
206
122
207
-1
208
38
209
-1
210
147
211
-1
212
12
213
-1
214
134
215
-1
216
39
217
-1
218
32
219
-1
220
58
221
-1
222
74
223
-1
224
129
225
-1
226
143
227
-1
228
100
229
-1
230
153
231
-1
232
12
233
-1
234
76
235
-1
236
135
237
-1
238
102
239
-1
240
21
241
-1
242
154
243
-1
244
63
245
-1
246
152
247
-1
248
166
249
-1
250
35
251
-1
252
19
253
-1
254
31
255
-1
256
150
257
-1
258
154
259
-1
260
88
261
-1
262
85
263
-1
264
109
265
-1
266
178
267
-1
268
0
269
-1
270
150
271
-1
272
136
273
-1
274
177
275
-1
276
123
277
-1
278
77
279
-1
280
78
281
-1
282
96
283
-1
284
177
285
-1
286
115
287
-1
288
117
289
-1
290
49
291
-1
292
66
293
-1
294
75
295
-1
296
67
297
-1
298
131
299
-1
300
101
301
-1
302
59
303
-1
304
109
305
-1
306
0
307
-1
308
100
309
-1
310
103
311
-1
312
54
313
-1
314
132
315
-1
316
184
317
-1
318
142
319
-1
320
123
321
-1
322
111
323
-1
324
17
325
-1
326
182
327
-1
328
150
329
-1
330
81
331
-1
332
179
333
-1
334
134
335
-1
336
15
337
-1
338
116
339
-1
340
39
341
-1
342
35
343
-1
344
66
345
-1
346
49
347
-1
348
95
349
-1
350
25
351
-1
352
36
353
-1
354
3
355
-1
356
4
357
-1
358
129
359
-1
360
45
361
-1
362
50
363
-1
364
37
365
-1
366
74
367
-1
368
134
369
-1
370
166
371
-1
372
119
373
-1
374
19
375
-1
376
166
377
-1
378
184
379
-1
380
7
381
-1
382
72
383
-1
384
10
385
-1
386
163
387
-1
388
162
389
-1
390
182
391
-1
392
185
393
-1
394
74
395
-1
396
6
397
-1
398
68
399
-1
400
119
401
-1
402
103
403
-1
404
158
405
-1
406
0
407
-1
408
63
409
-1
410
105
411
-1
412
69
413
-1
414
36
415
-1
416
131
417
-1
418
185
419
-1
420
45
421
-1
422
131
423
-1
424
14
425
-1
426
159
427
-1
428
169
429
-1
430
151
431
-1
432
184
433
-1
434
78
435
-1
436
46
437
-1
438
84
439
-1
440
69
441
-1
442
113
443
-1
444
85
445
-1
446
176
447
-1
448
34
449
-1
450
103
451
-1
452
65
453
-1
454
40
455
-1
456
100
457
-1
458
32
459
-1
460
37
461
-1
462
153
463
-1
464
105
465
-1
466
80
467
-1
468
129
469
-1
470
160
471
-1
472
5
473
-1
474
71
475
-1
476
145
477
-1
478
27
479
-1
480
117
481
-1
482
146
483
-1
484
110
485
-1
486
173
487
-1
488
89
489
-1
490
28
491
-1
492
147
493
-1
494
7
495
-1
496
159
497
-1
498
6
499
-1
500
170
501
-1
502
159
503
-1
504
159
505
-1
506
105
507
-1
508
94
509
-1
510
104
511
-1
512
60
513
-1
514
133
515
-1
516
87
517
-1
518
166
519
-1
520
133
521
-1
522
47
523
-1
524
45
525
-1
526
110
527
-1
528
29
529
-1
530
180
531
-1
532
74
533
-1
534
76
535
-1
536
53
537
-1
538
25
539
-1
540
132
541
-1
542
176
543
-1
544
131
545
-1
546
62
547
-1
548
30
549
-1
550
38
551
-1
552
99
553
-1
554
82
555
-1
556
172
557
-1
558
32
559
-1
560
64
561
-1
562
2
563
-1
564
40
565
-1
566
32
567
-1
568
15
569
-1
570
62
571
-1
572
89
573
-1
574
24
575
-1
576
101
577
-1
578
7
579
-1
580
14
581
-1
582
176
583
-1
584
45
585
-1
586
34
587
-1
588
171
589
-1
590
17
591
-1
592
170
593
-1
594
169
595
-1
596
72
597
-1
598
77
599
-1
600
77
601
-1
602
157
603
-1
604
10
605
-1
606
60
607
-1
608
59
609
-1
610
92
611
-1
612
159
613
-1
614
101
615
-1
616
97
617
-1
618
160
619
-1
620
134
621
-1
622
135
623
-1
624
24
625
-1
626
62
627
-1
628
141
629
-1
630
129
631
-1
632
17
633
-1
634
156
635
-1
636
106
637
-1
638
90
639
-1
640
164
641
-1
642
117
643
-1
644
63
645
-1
646
121
647
-1
648
157
649
-1
650
163
651
-1
652
171
653
-1
654
135
655
-1
656
35
657
-1
658
30
659
-1
660
61
661
-1
662
159
663
-1
664
25
665
-1
666
165
667
-1
668
124
669
-1
670
113
671
-1
672
91
673
-1
674
105
675
-1
676
126
677
-1
678
120
679
-1
680
34
681
-1
682
28
683
-1
684
124
685
-1
686
148
687
-1
688
69
689
-1
690
93
691
-1
692
173
693
-1
694
131
695
-1
696
39
697
-1
698
104
699
-1
700
48
701
-1
702
57
703
-1
704
92
705
-1
706
81
707
-1
708
72
709
-1
710
176
711
-1
712
165
713
-1
714
18
715
-1
716
18
717
-1
718
113
719
-1
720
170
721
-1
722
170
723
-1
724
47
725
-1
726
147
727
-1
728
83
729
-1
730
55
731
-1
732
46
733
-1
734
35
735
-1
736
83
737
-1
738
47
739
-1
740
1
741
-1
742
58
743
-1
744
3
745
-1
746
113
747
-1
748
179
749
-1
750
9
751
-1
752
47
753
-1
754
126
755
-1
756
78
757
-1
758
102
759
-1
760
26
761
-1
762
146
763
-1
764
135
765
-1
766
34
767
-1
768
24
769
-1
770
92
771
-1
772
86
773
-1
774
125
775
-1
776
33
777
-1
778
167
779
-1
780
144
781
-1
782
135
783
-1
784
7
785
-1
786
103
787
-1
788
183
789
-1
790
67
791
-1
792
147
793
-1
794
84
795
-1
796
41
797
-1
798
169
799
-1
800
37
801
-1
802
50
803
-1
804
163
805
-1
806
8
807
-1
808
182
809
-1
810
52
811
-1
812
39
813
-1
814
47
815
-1
816
129
817
-1
818
123
819
-1
820
180
821
-1
822
135
823
-1
824
74
825
-1
826
101
827
-1
828
137
829
-1
830
51
831
-1
832
5
833
-1
834
24
835
-1
836
185
837
-1
838
171
839
-1
840
44
841
-1
842
63
843
-1
844
7
845
-1
846
75
847
-1
848
113
849
-1
850
0
851
-1
852
121
853
-1
854
67
855
-1
856
136
857
-1
858
165
859
-1
860
63
861
-1
862
22
863
-1
864
25
865
-1
866
4
867
-1
868
33
869
-1
870
59
871
-1
872
101
873
-1
874
130
875
-1
876
79
877
-1
878
23
879
-1
880
13
881
-1
882
95
883
-1
884
119
885
-1
886
185
887
-1
888
156
889
-1
890
14
891
-1
892
160
893
-1
894
63
895
-1
896
176
897
-1
898
58
899
-1
900
64
901
-1
902
169
903
-1
904
9
905
-1
906
1
907
-1
908
157
909
-1
910
110
911
-1
912
73
913
-1
914
115
915
-1
916
174
917
-1
918
132
919
-1
920
62
921
-1
922
59
923
-1
924
91
925
-1
926
81
927
-1
928
50
929
-1
930
174
931
-1
932
76
933
-1
934
26
935
-1
936
88
937
-1
938
106
939
-1
940
111
941
-1
942
52
943
-1
944
64
945
-1
946
113
947
-1
948
133
949
-1
950
178
951
-1
952
106
953
-1
954
113
955
-1
956
53
957
-1
958
72
959
-1
960
31
961
-1
962
35
963
-1
964
84
965
-1
966
54
967
-1
968
173
969
-1
970
21
971
-1
972
156
973
-1
974
177
975
-1
976
182
977
-1
978
73
979
-1
980
61
981
-1
982
99
983
-1
984
50
985
-1
986
116
987
-1
988
100
989
-1
990
67
991
-1
992
137
993
-1
994
182
995
-1
996
5
997
-1
998
72
999
-1
1000
176
1001
-1
1002
120
1003
-1
1004
27
1005
-1
1006
134
1007
-1
1008
48
1009
-1
1010
182
1011
-1
1012
69
1013
-1
1014
147
1015
-1
1016
159
1017
-1
1018
174
1019
-1
1020
115
1021
-1
1022
100
1023
-1
1024
33
1025
-1
1026
162
1027
-1
1028
53
1029
-1
1030
182
1031
-1
1032
73
1033
-1
1034
44
1035
-1
1036
112
1037
-1
1038
66
1039
-1
1040
175
1041
-1
1042
127
1043
-1
1044
1
1045
-1
1046
153
1047
-1
1048
113
1049
-1
1050
171
1051
-1
1052
141
1053
-1
1054
54
1055
-1
1056
54
1057
-1
1058
127
1059
-1
1060
8
1061
-1
1062
94
1063
-1
1064
136
1065
-1
1066
46
1067
-1
1068
82
1069
-1
1070
136
1071
-1
1072
91
1073
-1
1074
46
1075
-1
1076
174
1077
-1
1078
144
1079
-1
1080
10
1081
-1
1082
120
1083
-1
1084
102
1085
-1
1086
98
1087
-1
1088
173
1089
-1
1090
108
1091
-1
1092
80
1093
-1
1094
13
1095
-1
1096
103
1097
-1
1098
37
1099
-1
1100
93
1101
-1
1102
37
1103
-1
1104
147
1105
-1
1106
25
1107
-1
1108
13
1109
-1
1110
59
1111
-1
1112
73
1113
-1
1114
63
1115
-1
1116
29
1117
-1
1118
49
1119
-1
1120
45
1121
-1
1122
76
1123
-1
1124
82
1125
-1
1126
18
1127
-1
1128
168
1129
-1
1130
9
1131
-1
1132
0
1133
-1
1134
105
1135
-1
1136
85
1137
-1
1138
161
1139
-1
1140
130
1141
-1
1142
145
1143
-1
1144
185
1145
-1
1146
71
1147
-1
1148
32
1149
-1
1150
48
1151
-1
1152
30
1153
-1
1154
175
1155
-1
1156
89
1157
-1
1158
106
1159
-1
1160
40
1161
-1
1162
21
1163
-1
1164
172
1165
-1
1166
7
1167
-1
1168
57
1169
-1
1170
180
1171
-1
1172
98
1173
-1
1174
15
1175
-1
1176
182
1177
-1
1178
176
1179
-1
1180
145
1181
-1
1182
86
1183
-1
1184
168
1185
-1
1186
143
1187
-1
1188
182
1189
-1
1190
92
1191
-1
1192
41
1193
-1
1194
79
1195
-1
1196
54
1197
-1
1198
173
1199
-1
1200
61
1201
-1
1202
12
1203
-1
1204
102
1205
-1
1206
14
1207
-1
1208
15
1209
-1
1210
168
1211
-1
1212
155
1213
-1
1214
108
1215
-1
1216
107
1217
-1
1218
135
1219
-1
1220
29
1221
-1
1222
57
1223
-1
1224
139
1225
-1
1226
140
1227
-1
1228
31
1229
-1
1230
139
1231
-1
1232
152
1233
-1
1234
86
1235
-1
1236
62
1237
-1
1238
67
1239
-1
1240
129
1241
-1
1242
21
1243
-1
1244
173
1245
-1
1246
1
1247
-1
1248
147
1249
-1
1250
105
1251
-1
1252
146
1253
-1
1254
59
1255
-1
1256
139
1257
-1
1258
182
1259
-1
1260
103
1261
-1
1262
84
1263
-1
1264
27
1265
-1
1266
52
1267
-1
1268
63
1269
-1
1270
8
1271
-1
1272
167
1273
-1
1274
48
1275
-1
1276
67
1277
-1
1278
173
1279
-1
1280
123
1281
-1
1282
113
1283
-1
1284
185
1285
-1
1286
21
1287
-1
1288
59
1289
-1
1290
78
1291
-1
1292
165
1293
-1
1294
19
1295
-1
1296
156
1297
-1
1298
72
1299
-1
1300
106
1301
-1
1302
164
1303
-1
1304
50
1305
-1
1306
180
1307
-1
1308
182
1309
-1
1310
0
1311
-1
1312
61
1313
-1
1314
4
1315
-1
1316
107
1317
-1
1318
144
1319
-1
1320
161
1321
-1
1322
71
1323
-1
1324
102
1325
-1
1326
75
1327
-1
1328
113
1329
-1
1330
29
1331
-1
1332
56
1333
-1
1334
80
1335
-1
1336
113
1337
-1
1338
36
1339
-1
1340
144
1341
-1
1342
159
1343
-1
1344
126
1345
-1
1346
27
1347
-1
1348
119
1349
-1
1350
59
1351
-1
1352
154
1353
-1
1354
60
1355
-1
1356
137
1357
-1
1358
182
1359
-1
1360
104
1361
-1
1362
157
1363
-1
1364
96
1365
-1
1366
139
1367
-1
1368
73
1369
-1
1370
85
1371
-1
1372
93
1373
-1
1374
137
1375
-1
1376
104
1377
-1
1378
9
1379
-1
1380
28
1381
-1
1382
28
1383
-1
1384
24
1385
-1
1386
2
1387
-1
1388
85
1389
-1
1390
104
1391
-1
1392
3
1393
-1
1394
161
1395
-1
1396
87
1397
-1
1398
35
1399
-1
1400
125
1401
-1
1402
155
1403
-1
1404
77
1405
-1
1406
57
1407
-1
1408
61
1409
-1
1410
69
1411
-1
1412
132
1413
-1
1414
66
1415
-1
1416
59
1417
-1
1418
34
1419
-1
1420
20
1421
-1
1422
97
1423
-1
1424
165
1425
-1
1426
174
1427
-1
1428
82
1429
-1
1430
142
1431
-1
1432
142
1433
-1
1434
27
1435
-1
1436
61
1437
-1
1438
132
1439
-1
1440
56
1441
-1
1442
149
1443
-1
1444
114
1445
-1
1446
103
1447
-1
1448
95
1449
-1
1450
42
1451
-1
1452
81
1453
-1
1454
85
1455
-1
1456
140
1457
-1
1458
150
1459
-1
1460
104
1461
-1
1462
107
1463
-1
1464
111
1465
-1
1466
54
1467
-1
1468
100
1469
-1
1470
57
1471
-1
1472
142
1473
-1
1474
92
1475
-1
1476
141
1477
-1
1478
129
1479
-1
1480
146
1481
-1
1482
88
1483
-1
1484
150
1485
-1
1486
5
1487
-1
1488
11
1489
-1
1490
83
1491
-1
1492
24
1493
-1
1494
94
1495
-1
1496
167
1497
-1
1498
39
1499
-1
1500
148
1501
-1
1502
77
1503
-1
1504
183
1505
-1
1506
101
1507
-1
1508
148
1509
-1
1510
71
1511
-1
1512
53
1513
-1
1514
145
1515
-1
1516
7
1517
-1
1518
120
1519
-1
1520
169
1521
-1
1522
130
1523
-1
1524
146
1525
-1
1526
147
1527
-1
1528
117
1529
-1
1530
114
1531
-1
1532
12
1533
-1
1534
93
1535
-1
1536
0
1537
-1
1538
100
1539
-1
1540
42
1541
-1
1542
7
1543
-1
1544
177
1545
-1
1546
133
1547
-1
1548
80
1549
-1
1550
139
1551
-1
1552
74
1553
-1
1554
11
1555
-1
1556
40
1557
-1
1558
13
1559
-1
1560
123
1561
-1
1562
103
1563
-1
1564
11
1565
-1
1566
55
1567
-1
1568
113
1569
-1
1570
72
1571
-1
1572
60
1573
-1
1574
163
1575
-1
1576
12
1577
-1
1578
29
1579
-1
1580
54
1581
-1
1582
14
1583
-1
1584
140
1585
-1
1586
112
1587
-1
1588
139
1589
-1
1590
85
1591
-1
1592
14
1593
-1
1594
61
1595
-1
1596
87
1597
-1
1598
181
1599
-1
1600
17
1601
-1
1602
40
1603
-1
1604
19
1605
-1
1606
106
1607
-1
1608
159
1609
-1
1610
184
1611
-1
1612
53
1613
-1
1614
173
1615
-1
1616
127
1617
-1
1618
103
1619
-1
1620
76
1621
-1
1622
56
1623
-1
1624
94
1625
-1
1626
63
1627
-1
1628
75
1629
-1
1630
30
1631
-1
1632
112
1633
-1
1634
46
1635
-1
1636
72
1637
-1
1638
115
1639
-1
1640
29
1641
-1
1642
61
1643
-1
1644
28
1645
-1
1646
146
1647
-1
1648
171
1649
-1
1650
33
1651
-1
1652
163
1653
-1
1654
113
1655
-1
1656
20
1657
-1
1658
112
1659
-1
1660
90
1661
-1
1662
103
1663
-1
1664
61
1665
-1
1666
131
1667
-1
1668
121
1669
-1
1670
32
1671
-1
1672
145
1673
-1
1674
154
1675
-1
1676
56
1677
-1
1678
130
1679
-1
1680
17
1681
-1
1682
111
1683
-1
1684
12
1685
-1
1686
78
1687
-1
1688
141
1689
-1
1690
2
1691
-1
1692
163
1693
-1
1694
53
1695
-1
1696
83
1697
-1
1698
152
1699
-1
1700
84
1701
-1
1702
130
1703
-1
1704
133
1705
-1
1706
144
1707
-1
1708
139
1709
-1
1710
5
1711
-1
1712
177
1713
-1
1714
185
1715
-1
1716
50
1717
-1
1718
53
1719
-1
1720
69
1721
-1
1722
2
1723
-1
1724
98
1725
-1
1726
151
1727
-1
1728
41
1729
-1
1730
42
1731
-1
1732
184
1733
-1
1734
10
1735
-1
1736
132
1737
-1
1738
16
1739
-1
1740
2
1741
-1
1742
34
1743
-1
1744
135
1745
-1
1746
36
1747
-1
1748
3
1749
-1
1750
101
1751
-1
1752
55
1753
-1
1754
5
1755
-1
1756
171
1757
-1
1758
123
1759
-1
1760
47
1761
-1
1762
134
1763
-1
1764
165
1765
-1
1766
29
1767
-1
1768
146
1769
-1
1770
67
1771
-1
1772
10
1773
-1
1774
52
1775
-1
1776
154
1777
-1
1778
148
1779
-1
1780
40
1781
-1
1782
75
1783
-1
1784
38
1785
-1
1786
94
1787
-1
1788
138
1789
-1
1790
60
1791
-1
1792
91
1793
-1
1794
125
1795
-1
1796
114
1797
-1
1798
4
1799
-1
1800
134
1801
-1
1802
130
1803
-1
1804
31
1805
-1
1806
19
1807
-1
1808
126
1809
-1
1810
153
1811
-1
1812
23
1813
-1
1814
179
1815
-1
1816
134
1817
-1
1818
109
1819
-1
1820
41
1821
-1
1822
176
1823
-1
1824
163
1825
-1
1826
163
1827
-1
1828
166
1829
-1
1830
22
1831
-1
1832
76
1833
-1
1834
120
1835
-1
1836
77
1837
-1
1838
59
1839
-1
1840
98
1841
-1
1842
49
1843
-1
1844
168
1845
-1
1846
140
1847
-1
1848
147
1849
-1
1850
20
1851
-1
1852
86
1853
-1
1854
27
1855
-1
1856
120
1857
-1
1858
29
1859
-1
1860
68
1861
-1
1862
132
1863
-1
1864
131
1865
-1
1866
7
1867
-1
1868
71
1869
-1
1870
57
1871
-1
1872
181
1873
-1
1874
97
1875
-1
1876
42
1877
-1
1878
114
1879
-1
1880
24
1881
-1
1882
106
1883
-1
1884
64
1885
-1
1886
142
1887
-1
1888
141
1889
-1
1890
123
1891
-1
1892
47
1893
-1
1894
18
1895
-1
1896
97
1897
-1
1898
119
1899
-1
1900
95
1901
-1
1902
84
1903
-1
1904
55
1905
-1
1906
66
1907
-1
1908
72
1909
-1
1910
102
1911
-1
1912
21
1913
-1
1914
128
1915
-1
1916
92
1917
-1
1918
36
1919
-1
1920
151
1921
-1
1922
168
1923
-1
1924
14
1925
-1
1926
145
1927
-1
1928
23
1929
-1
1930
140
1931
-1
1932
179
1933
-1
1934
63
1935
-1
1936
71
1937
-1
1938
109
1939
-1
1940
62
1941
-1
1942
155
1943
-1
1944
36
1945
-1
1946
120
1947
-1
1948
71
1949
-1
1950
60
1951
-1
1952
88
1953
-1
1954
110
1955
-1
1956
5
1957
-1
1958
27
1959
-1
1960
10
1961
-1
1962
19
1963
-1
1964
53
1965
-1
1966
119
1967
-1
1968
64
1969
-1
1970
24
1971
-1
1972
107
1973
-1
1974
43
1975
-1
1976
2
1977
-1
1978
116
1979
-1
1980
111
1981
-1
1982
153
1983
-1
1984
99
1985
-1
1986
131
1987
-1
1988
139
1989
-1
1990
57
1991
-1
1992
83
1993
-1
1994
78
1995
-1
1996
56
1997
-1
1998
62
1999
-1
2000
53
2001
-1
2002
47
2003
-1
2004
70
2005
-1
2006
78
2007
-1
2008
25
2009
-1
2010
41
2011
-1
2012
92
2013
-1
2014
36
2015
-1
2016
67
2017
-1
2018
157
2019
-1
2020
120
2021
-1
2022
150
2023
-1
2024
32
2025
-1
2026
6
2027
-1
2028
159
2029
-1
2030
157
2031
-1
2032
92
2033
-1
2034
64
2035
-1
2036
138
2037
-1
2038
57
2039
-1
2040
175
2041
-1
2042
117
2043
-1
2044
182
2045
-1
2046
100
2047
-1
2048
140
2049
-1
2050
25
2051
-1
2052
142
2053
-1
2054
22
2055
-1
2056
96
2057
-1
2058
121
2059
-1
2060
68
2061
-1
2062
106
2063
-1
2064
68
2065
-1
2066
183
2067
-1
2068
110
2069
-1
2070
42
2071
-1
2072
126
2073
-1
2074
14
2075
-1
2076
111
2077
-1
2078
11
2079
-1
2080
2
2081
-1
2082
1
2083
-1
2084
17
2085
-1
2086
167
2087
-1
2088
22
2089
-1
2090
78
2091
-1
2092
75
2093
-1
2094
7
2095
-1
2096
144
2097
-1
2098
174
2099
-1
2100
140
2101
-1
2102
51
2103
-1
2104
168
2105
-1
2106
162
2107
-1
2108
173
2109
-1
2110
70
2111
-1
2112
87
2113
-1
2114
44
2115
-1
2116
168
2117
-1
2118
80
2119
-1
2120
179
2121
-1
2122
20
2123
-1
2124
175
2125
-1
2126
29
2127
-1
2128
52
2129
-1
2130
166
2131
-1
2132
65
2133
-1
2134
175
2135
-1
2136
120
2137
-1
2138
21
2139
-1
2140
66
2141
-1
2142
167
2143
-1
2144
122
2145
-1
2146
154
2147
-1
2148
20
2149
-1
2150
41
2151
-1
2152
129
2153
-1
2154
77
2155
-1
2156
76
2157
-1
2158
113
2159
-1
2160
72
2161
-1
2162
121
2163
-1
2164
151
2165
-1
2166
79
2167
-1
2168
12
2169
-1
2170
132
2171
-1
2172
123
2173
-1
2174
146
2175
-1
2176
177
2177
-1
2178
63
2179
-1
2180
127
2181
-1
2182
114
2183
-1
2184
16
2185
-1
2186
183
2187
-1
2188
136
2189
-1
2190
97
2191
-1
2192
143
2193
-1
2194
169
2195
-1
2196
83
2197
-1
2198
103
2199
-1
2200
103
2201
-1
2202
10
2203
-1
2204
34
2205
-1
2206
84
2207
-1
2208
88
2209
-1
2210
83
2211
-1
2212
136
2213
-1
2214
126
2215
-1
2216
127
2217
-1
2218
75
2219
-1
2220
6
2221
-1
2222
169
2223
-1
2224
140
2225
-1
2226
112
2227
-1
2228
141
2229
-1
2230
138
2231
-1
2232
106
2233
-1
2234
143
2235
-1
2236
32
2237
-1
2238
91
2239
-1
2240
12
2241
-1
2242
100
2243
-1
2244
20
2245
-1
2246
112
2247
-1
2248
27
2249
-1
2250
181
2251
-1
2252
122
2253
-1
2254
86
2255
-1
2256
84
2257
-1
2258
28
2259
-1
2260
104
2261
-1
2262
22
2263
-1
2264
14
2265
-1
2266
179
2267
-1
2268
137
2269
-1
2270
82
2271
-1
2272
10
2273
-1
2274
7
2275
-1
2276
75
2277
-1
2278
111
2279
-1
2280
155
2281
-1
2282
182
2283
-1
2284
128
2285
-1
2286
94
2287
-1
2288
1
2289
-1
2290
73
2291
-1
2292
85
2293
-1
2294
89
2295
-1
2296
88
2297
-1
2298
142
2299
-1
2300
17
2301
-1
2302
9
2303
-1
2304
165
2305
-1
2306
179
2307
-1
2308
96
2309
-1
2310
98
2311
-1
2312
35
2313
-1
2314
97
2315
-1
2316
63
2317
-1
2318
28
2319
-1
2320
172
2321
-1
2322
183
2323
-1
2324
138
2325
-1
2326
38
2327
-1
2328
99
2329
-1
2330
114
2331
-1
2332
138
2333
-1
2334
149
2335
-1
2336
100
2337
-1
2338
114
2339
-1
2340
136
2341
-1
2342
10
2343
-1
2344
128
2345
-1
2346
101
2347
-1
2348
32
2349
-1
2350
151
2351
-1
2352
95
2353
-1
2354
55
2355
-1
2356
70
2357
-1
2358
82
2359
-1
2360
57
2361
-1
2362
185
2363
-1
2364
130
2365
-1
2366
17
2367
-1
2368
22
2369
-1
2370
148
2371
-1
2372
72
2373
-1
2374
109
2375
-1
2376
103
2377
-1
2378
151
2379
-1
2380
155
2381
-1
2382
12
2383
-1
2384
85
2385
-1
2386
64
2387
-1
2388
84
2389
-1
2390
162
2391
-1
2392
1
2393
-1
2394
181
2395
-1
2396
44
2397
-1
2398
28
2399
-1
2400
67
2401
-1
2402
36
2403
-1
2404
174
2405
-1
2406
74
2407
-1
2408
109
2409
-1
2410
66
2411
-1
2412
43
2413
-1
2414
24
2415
-1
2416
142
2417
-1
2418
33
2419
-1
2420
167
2421
-1
2422
183
2423
-1
2424
45
2425
-1
2426
115
2427
-1
2428
174
2429
-1
2430
34
2431
-1
2432
131
2433
-1
2434
17
2435
-1
2436
183
2437
-1
2438
6
2439
-1
2440
123
2441
-1
2442
102
2443
-1
2444
174
2445
-1
2446
113
2447
-1
2448
112
2449
-1
2450
117
2451
-1
2452
184
2453
-1
2454
181
2455
-1
2456
122
2457
-1
2458
177
2459
-1
2460
36
2461
-1
2462
30
2463
-1
2464
73
2465
-1
2466
159
2467
-1
2468
116
2469
-1
2470
71
2471
-1
2472
38
2473
-1
2474
77
2475
-1
2476
176
2477
-1
2478
124
2479
-1
2480
105
2481
-1
2482
176
2483
-1
2484
170
2485
-1
2486
89
2487
-1
2488
172
2489
-1
2490
182
2491
-1
2492
80
2493
-1
2494
27
2495
-1
2496
47
2497
-1
2498
47
2499
-1
2500
87
2501
-1
2502
121
2503
-1
2504
138
2505
-1
2506
3
2507
-1
2508
179
2509
-1
2510
107
2511
-1
2512
156
2513
-1
2514
97
2515
-1
2516
127
2517
-1
2518
124
2519
-1
2520
153
2521
-1
2522
101
2523
-1
2524
130
2525
-1
2526
81
2527
-1
2528
137
2529
-1
2530
82
2531
-1
2532
159
2533
-1
2534
92
2535
-1
2536
33
2537
-1
2538
17
2539
-1
2540
124
2541
-1
2542
115
2543
-1
2544
23
2545
-1
2546
10
2547
-1
2548
32
2549
-1
2550
26
2551
-1
2552
138
2553
-1
2554
156
2555
-1
2556
173
2557
-1
2558
146
2559
-1
2560
83
2561
-1
2562
143
2563
-1
2564
43
2565
-1
2566
13
2567
-1
2568
167
2569
-1
2570
185
2571
-1
2572
93
2573
-1
2574
88
2575
-1
2576
161
2577
-1
2578
165
2579
-1
2580
87
2581
-1
2582
178
2583
-1
2584
44
2585
-1
2586
82
2587
-1
2588
108
2589
-1
2590
169
2591
-1
2592
15
2593
-1
2594
96
2595
-1
2596
86
2597
-1
2598
182
2599
-1
2600
56
2601
-1
2602
39
2603
-1
2604
160
2605
-1
2606
82
2607
-1
2608
114
2609
-1
2610
165
2611
-1
2612
70
2613
-1
2614
111
2615
-1
2616
10
2617
-1
2618
66
2619
-1
2620
96
2621
-1
2622
182
2623
-1
2624
151
2625
-1
2626
28
2627
-1
2628
115
2629
-1
2630
7
2631
-1
2632
99
2633
-1
2634
22
2635
-1
2636
49
2637
-1
2638
54
2639
-1
2640
171
2641
-1
2642
31
2643
-1
2644
58
2645
-1
2646
84
2647
-1
2648
75
2649
-1
2650
25
2651
-1
2652
30
2653
-1
2654
127
2655
-1
2656
70
2657
-1
2658
122
2659
-1
2660
93
2661
-1
2662
166
2663
-1
2664
149
2665
-1
2666
49
2667
-1
2668
59
2669
-1
2670
49
2671
-1
2672
59
2673
-1
2674
131
2675
-1
2676
9
2677
-1
2678
49
2679
-1
2680
168
2681
-1
2682
127
2683
-1
2684
117
2685
-1
2686
167
2687
-1
2688
129
2689
-1
2690
17
2691
-1
2692
176
2693
-1
2694
169
2695
-1
2696
110
2697
-1
2698
86
2699
-1
2700
133
2701
-1
2702
71
2703
-1
2704
50
2705
-1
2706
43
2707
-1
2708
92
2709
-1
2710
53
2711
-1
2712
172
2713
-1
2714
20
2715
-1
2716
72
2717
-1
2718
41
2719
-1
2720
176
2721
-1
2722
5
2723
-1
2724
94
2725
-1
2726
85
2727
-1
2728
42
2729
-1
2730
54
2731
-1
2732
54
2733
-1
2734
30
2735
-1
2736
97
2737
-1
2738
63
2739
-1
2740
160
2741
-1
2742
120
2743
-1
2744
66
2745
-1
2746
122
2747
-1
2748
127
2749
-1
2750
34
2751
-1
2752
66
2753
-1
2754
12
2755
-1
2756
95
2757
-1
2758
7
2759
-1
2760
19
2761
-1
2762
12
2763
-1
2764
0
2765
-1
2766
122
2767
-1
2768
121
2769
-1
2770
50
2771
-1
2772
2
2773
-1
2774
8
2775
-1
2776
128
2777
-1
2778
107
2779
-1
2780
25
2781
-1
2782
5
2783
-1
2784
138
2785
-1
2786
138
2787
-1
2788
49
2789
-1
2790
165
2791
-1
2792
95
2793
-1
2794
54
2795
-1
2796
57
2797
-1
2798
58
2799
-1
2800
68
2801
-1
2802
119
2803
-1
2804
114
2805
-1
2806
4
2807
-1
2808
92
2809
-1
2810
76
2811
-1
2812
90
2813
-1
2814
92
2815
-1
2816
136
2817
-1
2818
94
2819
-1
2820
170
2821
-1
2822
93
2823
-1
2824
94
2825
-1
2826
145
2827
-1
2828
98
2829
-1
2830
16
2831
-1
2832
44
2833
-1
2834
73
2835
-1
2836
65
2837
-1
2838
19
2839
-1
2840
162
2841
-1
2842
81
2843
-1
2844
145
2845
-1
2846
12
2847
-1
2848
94
2849
-1
2850
73
2851
-1
2852
65
2853
-1
2854
176
2855
-1
2856
149
2857
-1
2858
144
2859
-1
2860
144
2861
-1
2862
161
2863
-1
2864
3
2865
-1
2866
182
2867
-1
2868
182
2869
-1
2870
141
2871
-1
2872
1
2873
-1
2874
151
2875
-1
2876
6
2877
-1
2878
38
2879
-1
2880
115
2881
-1
2882
64
2883
-1
2884
134
2885
-1
2886
81
2887
-1
2888
71
2889
-1
2890
101
2891
-1
2892
120
2893
-1
2894
69
2895
-1
2896
37
2897
-1
2898
123
2899
-1
2900
17
2901
-1
2902
139
2903
-1
2904
181
2905
-1
2906
152
2907
-1
2908
97
2909
-1
2910
15
2911
-1
2912
158
2913
-1
2914
93
2915
-1
2916
9
2917
-1
2918
86
2919
-1
2920
71
2921
-1
2922
89
2923
-1
2924
144
2925
-1
2926
24
2927
-1
2928
117
2929
-1
2930
54
2931
-1
2932
31
2933
-1
2934
30
2935
-1
2936
64
2937
-1
2938
99
2939
-1
2940
90
2941
-1
2942
76
2943
-1
2944
77
2945
-1
2946
124
2947
-1
2948
139
2949
-1
2950
135
2951
-1
2952
154
2953
-1
2954
55
2955
-1
2956
68
2957
-1
2958
180
2959
-1
2960
19
2961
-1
2962
117
2963
-1
2964
113
2965
-1
2966
110
2967
-1
2968
16
2969
-1
2970
59
2971
-1
2972
144
2973
-1
2974
35
2975
-1
2976
141
2977
-1
2978
144
2979
-1
2980
174
2981
-1
2982
90
2983
-1
2984
59
2985
-1
2986
43
2987
-1
2988
2
2989
-1
2990
54
2991
-1
2992
99
2993
-1
2994
121
2995
-1
2996
19
2997
-1
2998
26
2999
-1
3000
10
3001
-1
3002
27
3003
-1
3004
184
3005
-1
3006
59
3007
-1
3008
52
3009
-1
3010
60
3011
-1
3012
121
3013
-1
3014
165
3015
-1
3016
32
3017
-1
3018
163
3019
-1
3020
3
3021
-1
3022
6
3023
-1
3024
49
3025
-1
3026
100
3027
-1
3028
123
3029
-1
3030
154
3031
-1
3032
151
3033
-1
3034
31
3035
-1
3036
61
3037
-1
3038
144
3039
-1
3040
79
3041
-1
3042
51
3043
-1
3044
49
3045
-1
3046
107
3047
-1
3048
27
3049
-1
3050
100
3051
-1
3052
68
3053
-1
3054
63
3055
-1
3056
70
3057
-1
3058
116
3059
-1
3060
122
3061
-1
3062
122
3063
-1
3064
24
3065
-1
3066
84
3067
-1
3068
150
3069
-1
3070
9
3071
-1
3072
178
3073
-1
3074
10
3075
-1
3076
103
3077
-1
3078
87
3079
-1
3080
113
3081
-1
3082
82
3083
-1
3084
141
3085
-1
3086
80
3087
-1
3088
1
3089
-1
3090
79
3091
-1
3092
48
3093
-1
3094
43
3095
-1
3096
89
3097
-1
3098
87
3099
-1
3100
19
3101
-1
3102
150
3103
-1
3104
140
3105
-1
3106
114
3107
-1
3108
94
3109
-1
3110
10
3111
-1
3112
122
3113
-1
3114
141
3115
-1
3116
23
3117
-1
3118
141
3119
-1
3120
144
3121
-1
3122
42
3123
-1
3124
101
3125
-1
3126
12
3127
-1
3128
159
3129
-1
3130
6
3131
-1
3132
151
3133
-1
3134
7
3135
-1
3136
21
3137
-1
3138
28
3139
-1
3140
167
3141
-1
3142
174
3143
-1
3144
40
3145
-1
3146
127
3147
-1
3148
58
3149
-1
3150
95
3151
-1
3152
21
3153
-1
3154
153
3155
-1
3156
79
3157
-1
3158
61
3159
-1
3160
181
3161
-1
3162
137
3163
-1
3164
4
3165
-1
3166
25
3167
-1
3168
47
3169
-1
3170
163
3171
-1
3172
168
3173
-1
3174
169
3175
-1
3176
43
3177
-1
3178
159
3179
-1
3180
119
3181
-1
3182
12
3183
-1
3184
40
3185
-1
3186
60
3187
-1
3188
58
3189
-1
3190
39
3191
-1
3192
176
3193
-1
3194
138
3195
-1
3196
171
3197
-1
3198
152
3199
-1
3200
132
3201
-1
3202
81
3203
-1
3204
123
3205
-1
3206
34
3207
-1
3208
119
3209
-1
3210
140
3211
-1
3212
110
3213
-1
3214
7
3215
-1
3216
130
3217
-1
3218
119
3219
-1
3220
27
3221
-1
3222
95
3223
-1
3224
48
3225
-1
3226
97
3227
-1
3228
33
3229
-1
3230
64
3231
-1
3232
77
3233
-1
3234
165
3235
-1
3236
106
3237
-1
3238
12
3239
-1
3240
44
3241
-1
3242
145
3243
-1
3244
117
3245
-1
3246
94
3247
-1
3248
150
3249
-1
3250
36
3251
-1
3252
6
3253
-1
3254
104
3255
-1
3256
75
3257
-1
3258
54
3259
-1
3260
81
3261
-1
3262
87
3263
-1
3264
4
3265
-1
3266
83
3267
-1
3268
171
3269
-1
3270
185
3271
-1
3272
133
3273
-1
3274
152
3275
-1
3276
119
3277
-1
3278
38
3279
-1
3280
4
3281
-1
3282
4
3283
-1
3284
114
3285
-1
3286
176
3287
-1
3288
46
3289
-1
3290
17
3291
-1
3292
68
3293
-1
3294
115
3295
-1
3296
17
3297
-1
3298
162
3299
-1
3300
105
3301
-1
3302
145
3303
-1
3304
85
3305
-1
3306
94
3307
-1
3308
3
3309
-1
3310
5
3311
-1
3312
11
3313
-1
3314
140
3315
-1
3316
154
3317
-1
3318
127
3319
-1
3320
149
3321
-1
3322
150
3323
-1
3324
70
3325
-1
3326
185
3327
-1
3328
91
3329
-1
3330
49
3331
-1
3332
111
3333
-1
3334
57
3335
-1
3336
178
3337
-1
3338
137
3339
-1
3340
47
3341
-1
3342
172
3343
-1
3344
175
3345
-1
3346
1
3347
-1
3348
166
3349
-1
3350
175
3351
-1
3352
93
3353
-1
3354
122
3355
-1
3356
140
3357
-1
3358
160
3359
-1
3360
26
3361
-1
3362
7
3363
-1
3364
130
3365
-1
3366
29
3367
-1
3368
19
3369
-1
3370
108
3371
-1
3372
115
3373
-1
3374
119
3375
-1
3376
13
3377
-1
3378
179
3379
-1
3380
149
3381
-1
3382
106
3383
-1
3384
25
3385
-1
3386
183
3387
-1
3388
95
3389
-1
3390
66
3391
-1
3392
59
3393
-1
3394
8
3395
-1
3396
82
3397
-1
3398
95
3399
-1
3400
76
3401
-1
3402
33
3403
-1
3404
179
3405
-1
3406
107
3407
-1
3408
36
3409
-1
3410
83
3411
-1
3412
64
3413
-1
3414
133
3415
-1
3416
80
3417
-1
3418
117
3419
-1
3420
184
3421
-1
3422
159
3423
-1
3424
116
3425
-1
3426
84
3427
-1
3428
9
3429
-1
3430
182
3431
-1
3432
18
3433
-1
3434
37
3435
-1
3436
70
3437
-1
3438
7
3439
-1
3440
125
3441
-1
3442
3
3443
-1
3444
70
3445
-1
3446
68
3447
-1
3448
142
3449
-1
3450
104
3451
-1
3452
43
3453
-1
3454
158
3455
-1
3456
183
3457
-1
3458
83
3459
-1
3460
7
3461
-1
3462
76
3463
-1
3464
130
3465
-1
3466
25
3467
-1
3468
100
3469
-1
3470
177
3471
-1
3472
152
3473
-1
3474
117
3475
-1
3476
18
3477
-1
3478
134
3479
-1
3480
164
3481
-1
3482
144
3483
-1
3484
161
3485
-1
3486
55
3487
-1
3488
35
3489
-1
3490
108
3491
-1
3492
73
3493
-1
3494
42
3495
-1
3496
125
3497
-1
3498
84
3499
-1
3500
61
3501
-1
3502
70
3503
-1
3504
85
3505
-1
3506
101
3507
-1
3508
125
3509
-1
3510
114
3511
-1
3512
51
3513
-1
3514
88
3515
-1
3516
56
3517
-1
3518
12
3519
-1
3520
84
3521
-1
3522
140
3523
-1
3524
103
3525
-1
3526
89
3527
-1
3528
105
3529
-1
3530
10
3531
-1
3532
140
3533
-1
3534
129
3535
-1
3536
43
3537
-1
3538
62
3539
-1
3540
97
3541
-1
3542
160
3543
-1
3544
57
3545
-1
3546
86
3547
-1
3548
114
3549
-1
3550
6
3551
-1
3552
113
3553
-1
3554
184
3555
-1
3556
16
3557
-1
3558
57
3559
-1
3560
96
3561
-1
3562
79
3563
-1
3564
133
3565
-1
3566
174
3567
-1
3568
105
3569
-1
3570
66
3571
-1
3572
9
3573
-1
3574
24
3575
-1
3576
73
3577
-1
3578
39
3579
-1
3580
177
3581
-1
3582
32
3583
-1
3584
31
3585
-1
3586
82
3587
-1
3588
38
3589
-1
3590
175
3591
-1
3592
38
3593
-1
3594
101
3595
-1
3596
159
3597
-1
3598
64
3599
-1
3600
50
3601
-1
3602
59
3603
-1
3604
59
3605
-1
3606
94
3607
-1
3608
35
3609
-1
3610
152
3611
-1
3612
102
3613
-1
3614
93
3615
-1
3616
141
3617
-1
3618
15
3619
-1
3620
122
3621
-1
3622
163
3623
-1
3624
139
3625
-1
3626
101
3627
-1
3628
153
3629
-1
3630
153
3631
-1
3632
130
3633
-1
3634
173
3635
-1
3636
112
3637
-1
3638
20
3639
-1
3640
170
3641
-1
3642
140
3643
-1
3644
90
3645
-1
3646
2
3647
-1
3648
20
3649
-1
3650
114
3651
-1
3652
36
3653
-1
3654
40
3655
-1
3656
96
3657
-1
3658
157
3659
-1
3660
40
3661
-1
3662
137
3663
-1
3664
159
3665
-1
3666
70
3667
-1
3668
67
3669
-1
3670
93
3671
-1
3672
96
3673
-1
3674
184
3675
-1
3676
148
3677
-1
3678
1
3679
-1
3680
2
3681
-1
3682
66
3683
-1
3684
6
3685
-1
3686
99
3687
-1
3688
95
3689
-1
3690
95
3691
-1
3692
144
3693
-1
3694
182
3695
-1
3696
160
3697
-1
3698
22
3699
-1
3700
29
3701
-1
3702
21
3703
-1
3704
168
3705
-1
3706
42
3707
-1
3708
115
3709
-1
3710
160
3711
-1
3712
35
3713
-1
3714
173
3715
-1
3716
46
3717
-1
3718
36
3719
-1
3720
180
3721
-1
3722
76
3723
-1
3724
119
3725
-1
3726
25
3727
-1
3728
14
3729
-1
3730
4
3731
-1
3732
55
3733
-1
3734
31
3735
-1
3736
76
3737
-1
3738
64
3739
-1
3740
82
3741
-1
3742
135
3743
-1
3744
161
3745
-1
3746
168
3747
-1
3748
43
3749
-1
3750
172
3751
-1
3752
147
3753
-1
3754
43
3755
-1
3756
148
3757
-1
3758
2
3759
-1
3760
183
3761
-1
3762
62
3763
-1
3764
123
3765
-1
3766
94
3767
-1
3768
73
3769
-1
3770
18
3771
-1
3772
40
3773
-1
3774
34
3775
-1
3776
53
3777
-1
3778
79
3779
-1
3780
43
3781
-1
3782
86
3783
-1
3784
173
3785
-1
3786
75
3787
-1
3788
84
3789
-1
3790
154
3791
-1
3792
19
3793
-1
3794
152
3795
-1
3796
73
3797
-1
3798
148
3799
-1
3800
153
3801
-1
3802
149
3803
-1
3804
44
3805
-1
3806
147
3807
-1
3808
170
3809
-1
3810
155
3811
-1
3812
66
3813
-1
3814
79
3815
-1
3816
167
3817
-1
3818
52
3819
-1
3820
137
3821
-1
3822
15
3823
-1
3824
111
3825
-1
3826
79
3827
-1
3828
180
3829
-1
3830
135
3831
-1
3832
177
3833
-1
3834
50
3835
-1
3836
142
3837
-1
3838
149
3839
-1
3840
157
3841
-1
3842
76
3843
-1
3844
31
3845
-1
3846
67
3847
-1
3848
156
3849
-1
3850
56
3851
-1
3852
13
3853
-1
3854
168
3855
-1
3856
176
3857
-1
3858
127
3859
-1
3860
3
3861
-1
3862
90
3863
-1
3864
134
3865
-1
3866
10
3867
-1
3868
52
3869
-1
3870
40
3871
-1
3872
133
3873
-1
3874
96
3875
-1
3876
38
3877
-1
3878
139
3879
-1
3880
86
3881
-1
3882
183
3883
-1
3884
142
3885
-1
3886
173
3887
-1
3888
49
3889
-1
3890
23
3891
-1
3892
60
3893
-1
3894
35
3895
-1
3896
145
3897
-1
3898
80
3899
-1
3900
21
3901
-1
3902
20
3903
-1
3904
167
3905
-1
3906
68
3907
-1
3908
173
3909
-1
3910
115
3911
-1
3912
39
3913
-1
3914
80
3915
-1
3916
151
3917
-1
3918
86
3919
-1
3920
45
3921
-1
3922
67
3923
-1
3924
178
3925
-1
3926
149
3927
-1
3928
34
3929
-1
3930
54
3931
-1
3932
175
3933
-1
3934
23
3935
-1
3936
39
3937
-1
3938
52
3939
-1
3940
12
3941
-1
3942
138
3943
-1
3944
2
3945
-1
3946
51
3947
-1
3948
120
3949
-1
3950
28
3951
-1
3952
126
3953
-1
3954
72
3955
-1
3956
177
3957
-1
3958
67
3959
-1
3960
49
3961
-1
3962
15
3963
-1
3964
113
3965
-1
3966
102
3967
-1
3968
74
3969
-1
3970
83
3971
-1
3972
145
3973
-1
3974
156
3975
-1
3976
55
3977
-1
3978
11
3979
-1
3980
181
3981
-1
3982
67
3983
-1
3984
117
3985
-1
3986
47
3987
-1
3988
162
3989
-1
3990
26
3991
-1
3992
152
3993
-1
3994
113
3995
-1
3996
144
3997
-1
3998
59
3999
-1
4000
1
4001
-1
4002
52
4003
-1
4004
129
4005
-1
4006
142
4007
-1
4008
137
4009
-1
4010
35
4011
-1
4012
16
4013
-1
4014
74
4015
-1
4016
184
4017
-1
4018
178
4019
-1
4020
57
4021
-1
4022
96
4023
-1
4024
84
4025
-1
4026
53
4027
-1
4028
18
4029
-1
4030
89
4031
-1
4032
20
4033
-1
4034
77
4035
-1
4036
2
4037
-1
4038
16
4039
-1
4040
95
4041
-1
4042
185
4043
-1
4044
135
4045
-1
4046
104
4047
-1
4048
171
4049
-1
4050
33
4051
-1
4052
45
4053
-1
4054
172
4055
-1
4056
35
4057
-1
4058
3
4059
-1
4060
32
4061
-1
4062
184
4063
-1
4064
104
4065
-1
4066
173
4067
-1
4068
10
4069
-1
4070
183
4071
-1
4072
165
4073
-1
4074
6
4075
-1
4076
18
4077
-1
4078
67
4079
-1
4080
125
4081
-1
4082
77
4083
-1
4084
138
4085
-1
4086
156
4087
-1
4088
79
4089
-1
4090
143
4091
-1
4092
92
4093
-1
4094
156
4095
-1
4096
133
4097
-1
4098
10
4099
-1
4100
55
4101
-1
4102
51
4103
-1
4104
182
4105
-1
4106
16
4107
-1
4108
150
4109
-1
4110
175
4111
-1
4112
96
4113
-1
4114
77
4115
-1
4116
143
4117
-1
4118
119
4119
-1
4120
96
4121
-1
4122
157
4123
-1
4124
81
4125
-1
4126
64
4127
-1
4128
44
4129
-1
4130
53
4131
-1
4132
73
4133
-1
4134
171
4135
-1
4136
7
4137
-1
4138
174
4139
-1
4140
52
4141
-1
4142
166
4143
-1
4144
174
4145
-1
4146
125
4147
-1
4148
49
4149
-1
4150
175
4151
-1
4152
100
4153
-1
4154
180
4155
-1
4156
179
4157
-1
4158
133
4159
-1
4160
67
4161
-1
4162
108
4163
-1
4164
29
4165
-1
4166
136
4167
-1
4168
50
4169
-1
4170
148
4171
-1
4172
107
4173
-1
4174
123
4175
-1
4176
80
4177
-1
4178
87
4179
-1
4180
68
4181
-1
4182
118
4183
-1
4184
0
4185
-1
4186
118
4187
-1
4188
118
4189
-1
4190
70
4191
-1
4192
112
4193
-1
4194
168
4195
-1
4196
35
4197
-1
4198
76
4199
-1
4200
24
4201
-1
4202
174
4203
-1
4204
140
4205
-1
4206
48
4207
-1
4208
61
4209
-1
4210
167
4211
-1
4212
0
4213
-1
4214
177
4215
-1
4216
135
4217
-1
4218
138
4219
-1
4220
130
4221
-1
4222
163
4223
-1
4224
20
4225
-1
4226
68
4227
-1
4228
180
4229
-1
4230
154
4231
-1
4232
26
4233
-1
4234
177
4235
-1
4236
16
4237
-1
4238
157
4239
-1
4240
33
4241
-1
4242
67
4243
-1
4244
30
4245
-1
4246
34
4247
-1
4248
49
4249
-1
4250
138
4251
-1
4252
76
4253
-1
4254
153
4255
-1
4256
119
4257
-1
4258
115
4259
-1
4260
164
4261
-1
4262
33
4263
-1
4264
81
4265
-1
4266
97
4267
-1
4268
136
4269
-1
4270
53
4271
-1
4272
64
4273
-1
4274
30
4275
-1
4276
70
4277
-1
4278
118
4279
-1
4280
12
4281
-1
4282
180
4283
-1
4284
74
4285
-1
4286
140
4287
-1
4288
47
4289
-1
4290
108
4291
-1
4292
109
4293
-1
4294
135
4295
-1
4296
151
4297
-1
4298
74
4299
-1
4300
65
4301
-1
4302
64
4303
-1
4304
82
4305
-1
4306
184
4307
-1
4308
141
4309
-1
4310
179
4311
-1
4312
0
4313
-1
4314
131
4315
-1
4316
122
4317
-1
4318
99
4319
-1
4320
102
4321
-1
4322
78
4323
-1
4324
121
4325
-1
4326
48
4327
-1
4328
93
4329
-1
4330
165
4331
-1
4332
20
4333
-1
4334
177
4335
-1
4336
122
4337
-1
4338
133
4339
-1
4340
145
4341
-1
4342
17
4343
-1
4344
136
4345
-1
4346
43
4347
-1
4348
82
4349
-1
4350
164
4351
-1
4352
104
4353
-1
4354
105
4355
-1
4356
114
4357
-1
4358
84
4359
-1
4360
9
4361
-1
4362
183
4363
-1
4364
72
4365
-1
4366
97
4367
-1
4368
62
4369
-1
4370
126
4371
-1
4372
126
4373
-1
4374
87
4375
-1
4376
5
4377
-1
4378
81
4379
-1
4380
117
4381
-1
4382
142
4383
-1
4384
64
4385
-1
4386
26
4387
-1
4388
142
4389
-1
4390
64
4391
-1
4392
111
4393
-1
4394
138
4395
-1
4396
22
4397
-1
4398
54
4399
-1
4400
154
4401
-1
4402
22
4403
-1
4404
143
4405
-1
4406
183
4407
-1
4408
94
4409
-1
4410
90
4411
-1
4412
128
4413
-1
4414
112
4415
-1
4416
118
4417
-1
4418
19
4419
-1
4420
88
4421
-1
4422
114
4423
-1
4424
99
4425
-1
4426
179
4427
-1
4428
122
4429
-1
4430
33
4431
-1
4432
44
4433
-1
4434
98
4435
-1
4436
42
4437
-1
4438
108
4439
-1
4440
157
4441
-1
4442
171
4443
-1
4444
9
4445
-1
4446
133
4447
-1
4448
178
4449
-1
4450
64
4451
-1
4452
121
4453
-1
4454
156
4455
-1
4456
52
4457
-1
4458
155
4459
-1
4460
76
4461
-1
4462
50
4463
-1
4464
176
4465
-1
4466
143
4467
-1
4468
140
4469
-1
4470
116
4471
-1
4472
144
4473
-1
4474
140
4475
-1
4476
15
4477
-1
4478
139
4479
-1
4480
117
4481
-1
4482
68
4483
-1
4484
24
4485
-1
4486
102
4487
-1
4488
114
4489
-1
4490
67
4491
-1
4492
34
4493
-1
4494
5
4495
-1
4496
166
4497
-1
4498
127
4499
-1
4500
178
4501
-1
4502
114
4503
-1
4504
105
4505
-1
4506
100
4507
-1
4508
135
4509
-1
4510
161
4511
-1
4512
93
4513
-1
4514
16
4515
-1
4516
132
4517
-1
4518
57
4519
-1
4520
123
4521
-1
4522
0
4523
-1
4524
101
4525
-1
4526
68
4527
-1
4528
67
4529
-1
4530
33
4531
-1
4532
183
4533
-1
4534
39
4535
-1
4536
22
4537
-1
4538
49
4539
-1
4540
135
4541
-1
4542
167
4543
-1
4544
132
4545
-1
4546
1
4547
-1
4548
76
4549
-1
4550
155
4551
-1
4552
147
4553
-1
4554
185
4555
-1
4556
32
4557
-1
4558
96
4559
-1
4560
59
4561
-1
4562
172
4563
-1
4564
183
4565
-1
4566
130
4567
-1
4568
28
4569
-1
4570
82
4571
-1
4572
145
4573
-1
4574
139
4575
-1
4576
155
4577
-1
4578
22
4579
-1
4580
158
4581
-1
4582
141
4583
-1
4584
152
4585
-1
4586
175
4587
-1
4588
64
4589
-1
4590
31
4591
-1
4592
95
4593
-1
4594
12
4595
-1
4596
81
4597
-1
4598
37
4599
-1
4600
8
4601
-1
4602
73
4603
-1
4604
154
4605
-1
4606
177
4607
-1
4608
0
4609
-1
4610
77
4611
-1
4612
50
4613
-1
4614
29
4615
-1
4616
158
4617
-1
4618
102
4619
-1
4620
94
4621
-1
4622
137
4623
-1
4624
34
4625
-1
4626
83
4627
-1
4628
41
4629
-1
4630
117
4631
-1
4632
185
4633
-1
4634
31
4635
-1
4636
60
4637
-1
4638
41
4639
-1
4640
71
4641
-1
4642
63
4643
-1
4644
185
4645
-1
4646
178
4647
-1
4648
38
4649
-1
4650
21
4651
-1
4652
176
4653
-1
4654
141
4655
-1
4656
33
4657
-1
4658
60
4659
-1
4660
105
4661
-1
4662
0
4663
-1
4664
153
4665
-1
4666
69
4667
-1
4668
167
4669
-1
4670
127
4671
-1
4672
62
4673
-1
4674
155
4675
-1
4676
2
4677
-1
4678
18
4679
-1
4680
147
4681
-1
4682
25
4683
-1
4684
120
4685
-1
4686
164
4687
-1
4688
70
4689
-1
4690
66
4691
-1
4692
71
4693
-1
4694
90
4695
-1
4696
164
4697
-1
4698
134
4699
-1
4700
158
4701
-1
4702
71
4703
-1
4704
30
4705
-1
4706
38
4707
-1
4708
5
4709
-1
4710
82
4711
-1
4712
166
4713
-1
4714
97
4715
-1
4716
171
4717
-1
4718
175
4719
-1
4720
91
4721
-1
4722
18
4723
-1
4724
73
4725
-1
4726
115
4727
-1
4728
86
4729
-1
4730
77
4731
-1
4732
43
4733
-1
4734
107
4735
-1
4736
90
4737
-1
4738
122
4739
-1
4740
123
4741
-1
4742
121
4743
-1
4744
78
4745
-1
4746
130
4747
-1
4748
158
4749
-1
4750
89
4751
-1
4752
182
4753
-1
4754
25
4755
-1
4756
104
4757
-1
4758
50
4759
-1
4760
72
4761
-1
4762
60
4763
-1
4764
80
4765
-1
4766
2
4767
-1
4768
41
4769
-1
4770
23
4771
-1
4772
32
4773
-1
4774
140
4775
-1
4776
168
4777
-1
4778
4
4779
-1
4780
173
4781
-1
4782
126
4783
-1
4784
117
4785
-1
4786
130
4787
-1
4788
3
4789
-1
4790
151
4791
-1
4792
45
4793
-1
4794
12
4795
-1
4796
47
4797
-1
4798
172
4799
-1
4800
54
4801
-1
4802
83
4803
-1
4804
166
4805
-1
4806
164
4807
-1
4808
94
4809
-1
4810
167
4811
-1
4812
129
4813
-1
4814
147
4815
-1
4816
137
4817
-1
4818
40
4819
-1
4820
162
4821
-1
4822
1
4823
-1
4824
129
4825
-1
4826
68
4827
-1
4828
72
4829
-1
4830
184
4831
-1
4832
121
4833
-1
4834
86
4835
-1
4836
15
4837
-1
4838
159
4839
-1
4840
105
4841
-1
4842
146
4843
-1
4844
73
4845
-1
4846
158
4847
-1
4848
143
4849
-1
4850
140
4851
-1
4852
49
4853
-1
4854
150
4855
-1
4856
51
4857
-1
4858
179
4859
-1
4860
72
4861
-1
4862
72
4863
-1
4864
46
4865
-1
4866
21
4867
-1
4868
114
4869
-1
4870
12
4871
-1
4872
116
4873
-1
4874
115
4875
-1
4876
164
4877
-1
4878
108
4879
-1
4880
94
4881
-1
4882
81
4883
-1
4884
74
4885
-1
4886
170
4887
-1
4888
113
4889
-1
4890
125
4891
-1
4892
114
4893
-1
4894
38
4895
-1
4896
68
4897
-1
4898
159
4899
-1
4900
76
4901
-1
4902
169
4903
-1
4904
172
4905
-1
4906
9
4907
-1
4908
172
4909
-1
4910
164
4911
-1
4912
39
4913
-1
4914
68
4915
-1
4916
75
4917
-1
4918
46
4919
-1
4920
109
4921
-1
4922
140
4923
-1
4924
139
4925
-1
4926
134
4927
-1
4928
176
4929
-1
4930
16
4931
-1
4932
155
4933
-1
4934
6
4935
-1
4936
168
4937
-1
4938
174
4939
-1
4940
159
4941
-1
4942
124
4943
-1
4944
96
4945
-1
4946
49
4947
-1
4948
164
4949
-1
4950
185
4951
-1
4952
78
4953
-1
4954
15
4955
-1
4956
45
4957
-1
4958
150
4959
-1
4960
164
4961
-1
4962
59
4963
-1
4964
41
4965
-1
4966
119
4967
-1
4968
70
4969
-1
4970
69
4971
-1
4972
137
4973
-1
4974
185
4975
-1
4976
3
4977
-1
4978
69
4979
-1
4980
58
4981
-1
4982
53
4983
-1
4984
114
4985
-1
4986
49
4987
-1
4988
1
4989
-1
4990
152
4991
-1
4992
59
4993
-1
4994
49
4995
-1
4996
34
4997
-1
4998
147
4999
-1
