********************************************************************************
The planted motif0 is:
ATTCATACGTCAGCTTACTCT
0
43
1
161
2
6
3
115
4
-1
5
109
6
142
7
62
8
114
9
-1
10
4
11
163
12
87
13
171
14
-1
15
147
16
3
17
75
18
112
19
-1
20
172
21
138
22
164
23
27
24
-1
25
148
26
132
27
163
28
2
29
-1
30
32
31
153
32
113
33
140
34
-1
35
172
36
22
37
172
38
12
39
-1
40
11
41
148
42
61
43
163
44
-1
45
117
46
164
47
137
48
163
49
-1
50
25
51
72
52
154
53
149
54
-1
55
62
56
62
57
48
58
89
59
-1
60
43
61
8
62
100
63
74
64
-1
65
7
66
142
67
124
68
82
69
-1
70
94
71
125
72
31
73
77
74
-1
75
26
76
177
77
5
78
108
79
-1
80
7
81
35
82
127
83
149
84
-1
85
73
86
24
87
60
88
93
89
-1
90
132
91
13
92
33
93
159
94
-1
95
29
96
36
97
118
98
163
99
-1
100
56
101
19
102
150
103
87
104
-1
105
38
106
105
107
32
108
129
109
-1
110
156
111
120
112
129
113
32
114
-1
115
6
116
54
117
62
118
100
119
-1
120
133
121
42
122
127
123
13
124
-1
125
79
126
98
127
140
128
164
129
-1
130
70
131
51
132
42
133
10
134
-1
135
13
136
171
137
94
138
69
139
-1
140
44
141
34
142
127
143
15
144
-1
145
29
146
158
147
38
148
68
149
-1
150
49
151
176
152
50
153
104
154
-1
155
63
156
38
157
73
158
151
159
-1
160
112
161
179
162
107
163
112
164
-1
165
148
166
13
167
40
168
117
169
-1
170
145
171
112
172
106
173
143
174
-1
175
172
176
163
177
149
178
11
179
-1
180
70
181
63
182
137
183
100
184
-1
185
147
186
58
187
83
188
103
189
-1
190
88
191
107
192
137
193
96
194
-1
195
90
196
9
197
89
198
35
199
-1
200
138
201
60
202
170
203
150
204
-1
205
69
206
146
207
73
208
112
209
-1
210
20
211
51
212
141
213
58
214
-1
215
177
216
100
217
75
218
144
219
-1
220
166
221
144
222
41
223
44
224
-1
225
137
226
60
227
42
228
26
229
-1
230
108
231
123
232
87
233
158
234
-1
235
134
236
49
237
97
238
179
239
-1
240
142
241
81
242
121
243
119
244
-1
245
166
246
52
247
64
248
79
249
-1
250
104
251
114
252
57
253
59
254
-1
255
30
256
96
257
130
258
170
259
-1
260
7
261
145
262
31
263
18
264
-1
265
172
266
169
267
50
268
17
269
-1
270
150
271
167
272
137
273
30
274
-1
275
66
276
80
277
129
278
51
279
-1
280
58
281
116
282
64
283
87
284
-1
285
115
286
41
287
81
288
7
289
-1
290
30
291
151
292
139
293
61
294
-1
295
45
296
95
297
152
298
22
299
-1
300
149
301
64
302
31
303
132
304
-1
305
78
306
155
307
24
308
98
309
-1
310
114
311
49
312
92
313
27
314
-1
315
118
316
68
317
15
318
62
319
-1
320
23
321
14
322
7
323
51
324
-1
325
127
326
46
327
64
328
55
329
-1
330
44
331
95
332
164
333
96
334
-1
335
97
336
58
337
61
338
67
339
-1
340
77
341
167
342
161
343
40
344
-1
345
141
346
100
347
30
348
55
349
-1
350
106
351
40
352
34
353
146
354
-1
355
178
356
177
357
51
358
175
359
-1
360
65
361
114
362
47
363
40
364
-1
365
70
366
11
367
3
368
22
369
-1
370
149
371
11
372
111
373
144
374
-1
375
115
376
98
377
142
378
27
379
-1
380
70
381
10
382
143
383
2
384
-1
385
61
386
167
387
1
388
128
389
-1
390
16
391
58
392
16
393
77
394
-1
395
93
396
77
397
165
398
67
399
-1
400
94
401
16
402
89
403
52
404
-1
405
17
406
73
407
63
408
63
409
-1
410
80
411
179
412
96
413
122
414
-1
415
60
416
155
417
154
418
88
419
-1
420
158
421
90
422
32
423
151
424
-1
425
7
426
45
427
16
428
64
429
-1
430
154
431
122
432
0
433
95
434
-1
435
96
436
46
437
25
438
64
439
-1
440
135
441
111
442
123
443
94
444
-1
445
22
446
59
447
120
448
141
449
-1
450
106
451
69
452
85
453
56
454
-1
455
68
456
93
457
64
458
12
459
-1
460
129
461
68
462
17
463
83
464
-1
465
170
466
43
467
175
468
26
469
-1
470
29
471
88
472
142
473
66
474
-1
475
49
476
115
477
67
478
117
479
-1
480
73
481
169
482
123
483
72
484
-1
485
131
486
97
487
4
488
92
489
-1
490
118
491
119
492
54
493
146
494
-1
495
17
496
62
497
20
498
18
499
-1
500
86
501
49
502
17
503
176
504
-1
505
136
506
161
507
51
508
3
509
-1
510
138
511
67
512
82
513
160
514
-1
515
50
516
36
517
118
518
1
519
-1
520
167
521
85
522
83
523
78
524
-1
525
169
526
162
527
177
528
85
529
-1
530
15
531
130
532
6
533
119
534
-1
535
27
536
30
537
169
538
51
539
-1
540
94
541
64
542
26
543
67
544
-1
545
134
546
34
547
19
548
36
549
-1
550
1
551
4
552
176
553
116
554
-1
555
133
556
134
557
156
558
152
559
-1
560
79
561
163
562
100
563
84
564
-1
565
97
566
161
567
87
568
168
569
-1
570
129
571
47
572
97
573
40
574
-1
575
95
576
162
577
83
578
25
579
-1
580
38
581
38
582
71
583
108
584
-1
585
179
586
33
587
5
588
140
589
-1
590
47
591
126
592
160
593
71
594
-1
595
154
596
76
597
56
598
68
599
-1
600
147
601
76
602
171
603
15
604
-1
605
172
606
96
607
12
608
45
609
-1
610
174
611
64
612
86
613
15
614
-1
615
103
616
160
617
114
618
86
619
-1
620
37
621
155
622
113
623
133
624
-1
625
26
626
77
627
134
628
69
629
-1
630
68
631
89
632
23
633
176
634
-1
635
66
636
96
637
14
638
33
639
-1
640
84
641
176
642
178
643
147
644
-1
645
124
646
16
647
30
648
165
649
-1
650
163
651
166
652
52
653
77
654
-1
655
27
656
20
657
127
658
71
659
-1
660
132
661
112
662
54
663
139
664
-1
665
100
666
144
667
151
668
22
669
-1
670
10
671
70
672
96
673
117
674
-1
675
23
676
46
677
141
678
14
679
-1
680
46
681
141
682
46
683
113
684
-1
685
0
686
0
687
159
688
42
689
-1
690
58
691
17
692
136
693
91
694
-1
695
174
696
177
697
21
698
115
699
-1
700
176
701
5
702
80
703
131
704
-1
705
29
706
30
707
131
708
93
709
-1
710
57
711
14
712
27
713
24
714
-1
715
88
716
137
717
72
718
148
719
-1
720
126
721
99
722
159
723
163
724
-1
725
21
726
49
727
36
728
69
729
-1
730
113
731
165
732
91
733
131
734
-1
735
129
736
94
737
146
738
95
739
-1
740
114
741
51
742
109
743
162
744
-1
745
112
746
96
747
161
748
101
749
-1
750
99
751
23
752
161
753
22
754
-1
755
60
756
81
757
93
758
152
759
-1
760
80
761
104
762
67
763
41
764
-1
765
129
766
103
767
45
768
121
769
-1
770
52
771
13
772
145
773
87
774
-1
775
55
776
72
777
47
778
34
779
-1
780
46
781
146
782
18
783
0
784
-1
785
77
786
120
787
129
788
153
789
-1
790
124
791
172
792
3
793
116
794
-1
795
111
796
98
797
49
798
125
799
-1
800
166
801
150
802
157
803
3
804
-1
805
30
806
4
807
142
808
103
809
-1
810
57
811
169
812
1
813
140
814
-1
815
96
816
13
817
127
818
70
819
-1
820
173
821
78
822
82
823
159
824
-1
825
96
826
4
827
26
828
139
829
-1
830
97
831
116
832
117
833
150
834
-1
835
35
836
37
837
17
838
44
839
-1
840
67
841
74
842
129
843
37
844
-1
845
21
846
174
847
144
848
47
849
-1
850
73
851
163
852
174
853
178
854
-1
855
171
856
102
857
155
858
119
859
-1
860
135
861
50
862
110
863
138
864
-1
865
82
866
38
867
173
868
88
869
-1
870
10
871
74
872
36
873
21
874
-1
875
22
876
81
877
115
878
14
879
-1
880
80
881
11
882
168
883
89
884
-1
885
82
886
28
887
24
888
111
889
-1
890
21
891
48
892
132
893
103
894
-1
895
26
896
43
897
136
898
11
899
-1
900
8
901
75
902
13
903
165
904
-1
905
88
906
106
907
140
908
100
909
-1
910
41
911
134
912
23
913
143
914
-1
915
97
916
135
917
25
918
72
919
-1
920
30
921
23
922
161
923
43
924
-1
925
87
926
118
927
168
928
143
929
-1
930
83
931
56
932
136
933
108
934
-1
935
69
936
115
937
107
938
141
939
-1
940
171
941
14
942
15
943
139
944
-1
945
141
946
19
947
90
948
13
949
-1
950
173
951
46
952
81
953
26
954
-1
955
19
956
146
957
58
958
163
959
-1
960
154
961
28
962
50
963
27
964
-1
965
26
966
155
967
68
968
120
969
-1
970
32
971
20
972
1
973
56
974
-1
975
80
976
28
977
44
978
179
979
-1
980
113
981
146
982
111
983
45
984
-1
985
15
986
117
987
89
988
151
989
-1
990
97
991
166
992
72
993
54
994
-1
995
106
996
6
997
143
998
36
999
-1
1000
93
1001
58
1002
108
1003
10
1004
-1
1005
150
1006
49
1007
56
1008
125
1009
-1
1010
99
1011
121
1012
42
1013
77
1014
-1
1015
72
1016
125
1017
111
1018
138
1019
-1
1020
114
1021
126
1022
17
1023
111
1024
-1
1025
172
1026
31
1027
71
1028
159
1029
-1
1030
141
1031
112
1032
42
1033
94
1034
-1
1035
0
1036
41
1037
140
1038
75
1039
-1
1040
155
1041
7
1042
65
1043
47
1044
-1
1045
167
1046
174
1047
75
1048
176
1049
-1
1050
172
1051
74
1052
163
1053
64
1054
-1
1055
105
1056
104
1057
32
1058
132
1059
-1
1060
33
1061
146
1062
153
1063
140
1064
-1
1065
34
1066
145
1067
106
1068
144
1069
-1
1070
176
1071
133
1072
23
1073
129
1074
-1
1075
168
1076
81
1077
113
1078
108
1079
-1
1080
154
1081
171
1082
173
1083
118
1084
-1
1085
152
1086
59
1087
16
1088
156
1089
-1
1090
57
1091
85
1092
28
1093
48
1094
-1
1095
137
1096
50
1097
169
1098
174
1099
-1
1100
176
1101
78
1102
138
1103
54
1104
-1
1105
41
1106
154
1107
122
1108
58
1109
-1
1110
143
1111
43
1112
67
1113
130
1114
-1
1115
141
1116
74
1117
87
1118
50
1119
-1
1120
161
1121
147
1122
140
1123
25
1124
-1
1125
167
1126
106
1127
9
1128
157
1129
-1
1130
101
1131
42
1132
62
1133
52
1134
-1
1135
67
1136
167
1137
19
1138
175
1139
-1
1140
125
1141
40
1142
81
1143
50
1144
-1
1145
146
1146
26
1147
20
1148
53
1149
-1
1150
28
1151
28
1152
59
1153
0
1154
-1
1155
147
1156
27
1157
143
1158
138
1159
-1
1160
116
1161
73
1162
131
1163
81
1164
-1
1165
18
1166
3
1167
154
1168
17
1169
-1
1170
134
1171
166
1172
6
1173
44
1174
-1
1175
49
1176
144
1177
129
1178
20
1179
-1
1180
98
1181
11
1182
114
1183
65
1184
-1
1185
20
1186
25
1187
39
1188
3
1189
-1
1190
52
1191
154
1192
16
1193
88
1194
-1
1195
175
1196
165
1197
29
1198
76
1199
-1
1200
87
1201
137
1202
57
1203
32
1204
-1
1205
178
1206
126
1207
9
1208
12
1209
-1
1210
42
1211
177
1212
74
1213
119
1214
-1
1215
62
1216
31
1217
58
1218
80
1219
-1
1220
105
1221
99
1222
125
1223
62
1224
-1
1225
90
1226
129
1227
81
1228
63
1229
-1
1230
33
1231
19
1232
67
1233
46
1234
-1
1235
123
1236
159
1237
51
1238
58
1239
-1
1240
54
1241
179
1242
4
1243
89
1244
-1
1245
13
1246
35
1247
156
1248
40
1249
-1
1250
47
1251
135
1252
54
1253
83
1254
-1
1255
90
1256
71
1257
112
1258
164
1259
-1
1260
97
1261
140
1262
135
1263
128
1264
-1
1265
77
1266
65
1267
126
1268
92
1269
-1
1270
57
1271
103
1272
85
1273
106
1274
-1
1275
58
1276
70
1277
179
1278
111
1279
-1
1280
76
1281
38
1282
150
1283
34
1284
-1
1285
151
1286
161
1287
104
1288
23
1289
-1
1290
156
1291
30
1292
146
1293
100
1294
-1
1295
66
1296
36
1297
165
1298
90
1299
-1
1300
69
1301
43
1302
177
1303
73
1304
-1
1305
66
1306
67
1307
119
1308
156
1309
-1
1310
142
1311
99
1312
97
1313
91
1314
-1
1315
35
1316
13
1317
66
1318
113
1319
-1
1320
137
1321
114
1322
159
1323
172
1324
-1
1325
17
1326
178
1327
106
1328
49
1329
-1
1330
171
1331
126
1332
175
1333
151
1334
-1
1335
95
1336
148
1337
96
1338
59
1339
-1
1340
119
1341
32
1342
141
1343
163
1344
-1
1345
63
1346
48
1347
27
1348
58
1349
-1
1350
178
1351
18
1352
150
1353
32
1354
-1
1355
107
1356
13
1357
64
1358
162
1359
-1
1360
85
1361
26
1362
151
1363
27
1364
-1
1365
77
1366
119
1367
128
1368
26
1369
-1
1370
33
1371
78
1372
85
1373
93
1374
-1
1375
116
1376
4
1377
47
1378
43
1379
-1
1380
92
1381
28
1382
119
1383
17
1384
-1
1385
38
1386
171
1387
60
1388
36
1389
-1
1390
168
1391
78
1392
27
1393
40
1394
-1
1395
166
1396
70
1397
172
1398
108
1399
-1
1400
18
1401
164
1402
70
1403
158
1404
-1
1405
84
1406
68
1407
114
1408
155
1409
-1
1410
63
1411
87
1412
131
1413
29
1414
-1
1415
177
1416
23
1417
86
1418
17
1419
-1
1420
117
1421
141
1422
46
1423
81
1424
-1
1425
153
1426
130
1427
23
1428
103
1429
-1
1430
42
1431
119
1432
41
1433
82
1434
-1
1435
93
1436
90
1437
158
1438
148
1439
-1
1440
170
1441
139
1442
90
1443
61
1444
-1
1445
1
1446
153
1447
107
1448
31
1449
-1
1450
35
1451
13
1452
44
1453
38
1454
-1
1455
41
1456
98
1457
153
1458
154
1459
-1
1460
160
1461
80
1462
160
1463
109
1464
-1
1465
77
1466
60
1467
138
1468
87
1469
-1
1470
134
1471
2
1472
170
1473
173
1474
-1
1475
1
1476
160
1477
143
1478
75
1479
-1
1480
34
1481
98
1482
141
1483
133
1484
-1
1485
107
1486
158
1487
25
1488
99
1489
-1
1490
106
1491
64
1492
135
1493
129
1494
-1
1495
107
1496
167
1497
90
1498
107
1499
-1
1500
140
1501
43
1502
179
1503
76
1504
-1
1505
87
1506
173
1507
93
1508
41
1509
-1
1510
47
1511
130
1512
134
1513
62
1514
-1
1515
20
1516
14
1517
80
1518
21
1519
-1
1520
117
1521
147
1522
66
1523
50
1524
-1
1525
96
1526
96
1527
128
1528
144
1529
-1
1530
147
1531
48
1532
162
1533
145
1534
-1
1535
155
1536
156
1537
0
1538
132
1539
-1
1540
136
1541
138
1542
81
1543
132
1544
-1
1545
162
1546
155
1547
37
1548
131
1549
-1
1550
106
1551
10
1552
90
1553
165
1554
-1
1555
14
1556
113
1557
83
1558
163
1559
-1
1560
69
1561
115
1562
174
1563
168
1564
-1
1565
47
1566
128
1567
7
1568
104
1569
-1
1570
75
1571
13
1572
163
1573
57
1574
-1
1575
174
1576
93
1577
34
1578
127
1579
-1
1580
17
1581
25
1582
179
1583
133
1584
-1
1585
62
1586
139
1587
61
1588
28
1589
-1
1590
86
1591
71
1592
157
1593
112
1594
-1
1595
43
1596
8
1597
8
1598
118
1599
-1
1600
141
1601
120
1602
10
1603
20
1604
-1
1605
140
1606
168
1607
54
1608
135
1609
-1
1610
161
1611
148
1612
104
1613
74
1614
-1
1615
25
1616
104
1617
167
1618
139
1619
-1
1620
7
1621
52
1622
110
1623
155
1624
-1
1625
177
1626
14
1627
14
1628
127
1629
-1
1630
145
1631
3
1632
39
1633
8
1634
-1
1635
154
1636
65
1637
14
1638
75
1639
-1
1640
3
1641
143
1642
149
1643
46
1644
-1
1645
131
1646
8
1647
175
1648
28
1649
-1
1650
86
1651
22
1652
38
1653
105
1654
-1
1655
111
1656
34
1657
24
1658
4
1659
-1
1660
160
1661
10
1662
1
1663
179
1664
-1
1665
17
1666
18
1667
49
1668
161
1669
-1
1670
148
1671
95
1672
24
1673
66
1674
-1
1675
124
1676
39
1677
143
1678
147
1679
-1
1680
105
1681
43
1682
137
1683
105
1684
-1
1685
123
1686
157
1687
156
1688
116
1689
-1
1690
87
1691
70
1692
24
1693
99
1694
-1
1695
63
1696
80
1697
82
1698
52
1699
-1
1700
122
1701
116
1702
0
1703
149
1704
-1
1705
114
1706
101
1707
173
1708
175
1709
-1
1710
66
1711
81
1712
126
1713
55
1714
-1
1715
110
1716
133
1717
149
1718
112
1719
-1
1720
84
1721
127
1722
31
1723
12
1724
-1
1725
50
1726
157
1727
36
1728
67
1729
-1
1730
59
1731
116
1732
76
1733
99
1734
-1
1735
80
1736
175
1737
17
1738
110
1739
-1
1740
123
1741
111
1742
96
1743
141
1744
-1
1745
120
1746
132
1747
172
1748
125
1749
-1
1750
75
1751
141
1752
112
1753
21
1754
-1
1755
80
1756
123
1757
51
1758
179
1759
-1
1760
36
1761
144
1762
0
1763
54
1764
-1
1765
49
1766
123
1767
49
1768
43
1769
-1
1770
16
1771
46
1772
44
1773
21
1774
-1
1775
59
1776
123
1777
0
1778
30
1779
-1
1780
61
1781
50
1782
90
1783
10
1784
-1
1785
77
1786
106
1787
164
1788
24
1789
-1
1790
146
1791
106
1792
41
1793
105
1794
-1
1795
73
1796
146
1797
137
1798
79
1799
-1
1800
103
1801
107
1802
153
1803
127
1804
-1
1805
146
1806
178
1807
45
1808
20
1809
-1
1810
66
1811
33
1812
121
1813
6
1814
-1
1815
66
1816
83
1817
9
1818
89
1819
-1
1820
142
1821
2
1822
108
1823
39
1824
-1
1825
8
1826
76
1827
109
1828
10
1829
-1
1830
124
1831
132
1832
93
1833
144
1834
-1
1835
49
1836
162
1837
179
1838
22
1839
-1
1840
16
1841
104
1842
155
1843
129
1844
-1
1845
142
1846
21
1847
94
1848
41
1849
-1
1850
171
1851
30
1852
178
1853
99
1854
-1
1855
94
1856
175
1857
127
1858
25
1859
-1
1860
85
1861
32
1862
14
1863
63
1864
-1
1865
75
1866
148
1867
3
1868
147
1869
-1
1870
60
1871
56
1872
58
1873
3
1874
-1
1875
56
1876
41
1877
176
1878
21
1879
-1
1880
34
1881
20
1882
39
1883
10
1884
-1
1885
99
1886
150
1887
43
1888
149
1889
-1
1890
58
1891
38
1892
116
1893
123
1894
-1
1895
158
1896
106
1897
63
1898
6
1899
-1
1900
150
1901
20
1902
150
1903
127
1904
-1
1905
51
1906
79
1907
147
1908
24
1909
-1
1910
97
1911
176
1912
160
1913
92
1914
-1
1915
68
1916
41
1917
39
1918
0
1919
-1
1920
37
1921
166
1922
6
1923
88
1924
-1
1925
84
1926
12
1927
68
1928
1
1929
-1
1930
23
1931
135
1932
81
1933
84
1934
-1
1935
45
1936
123
1937
160
1938
78
1939
-1
1940
158
1941
97
1942
77
1943
34
1944
-1
1945
85
1946
140
1947
1
1948
94
1949
-1
1950
43
1951
150
1952
156
1953
138
1954
-1
1955
4
1956
137
1957
80
1958
96
1959
-1
1960
106
1961
59
1962
161
1963
97
1964
-1
1965
85
1966
3
1967
129
1968
57
1969
-1
1970
54
1971
83
1972
91
1973
81
1974
-1
1975
63
1976
16
1977
168
1978
125
1979
-1
1980
116
1981
148
1982
124
1983
5
1984
-1
1985
7
1986
120
1987
129
1988
11
1989
-1
1990
171
1991
70
1992
45
1993
24
1994
-1
1995
57
1996
97
1997
29
1998
74
1999
-1
2000
138
2001
164
2002
30
2003
29
2004
-1
2005
140
2006
94
2007
130
2008
33
2009
-1
2010
144
2011
117
2012
80
2013
140
2014
-1
2015
51
2016
77
2017
171
2018
99
2019
-1
2020
123
2021
156
2022
133
2023
125
2024
-1
2025
54
2026
38
2027
111
2028
86
2029
-1
2030
4
2031
31
2032
156
2033
64
2034
-1
2035
85
2036
54
2037
58
2038
31
2039
-1
2040
167
2041
158
2042
61
2043
139
2044
-1
2045
69
2046
5
2047
113
2048
136
2049
-1
2050
74
2051
135
2052
96
2053
121
2054
-1
2055
104
2056
122
2057
124
2058
59
2059
-1
2060
51
2061
76
2062
129
2063
76
2064
-1
2065
113
2066
39
2067
165
2068
117
2069
-1
2070
49
2071
79
2072
153
2073
1
2074
-1
2075
82
2076
113
2077
107
2078
52
2079
-1
2080
122
2081
129
2082
145
2083
122
2084
-1
2085
133
2086
23
2087
155
2088
171
2089
-1
2090
136
2091
20
2092
173
2093
55
2094
-1
2095
123
2096
50
2097
66
2098
7
2099
-1
2100
51
2101
21
2102
161
2103
127
2104
-1
2105
140
2106
62
2107
163
2108
14
2109
-1
2110
51
2111
167
2112
57
2113
107
2114
-1
2115
152
2116
93
2117
15
2118
175
2119
-1
2120
79
2121
20
2122
65
2123
107
2124
-1
2125
143
2126
57
2127
177
2128
11
2129
-1
2130
57
2131
118
2132
145
2133
79
2134
-1
2135
164
2136
103
2137
9
2138
89
2139
-1
2140
101
2141
84
2142
42
2143
168
2144
-1
2145
86
2146
147
2147
158
2148
116
2149
-1
2150
11
2151
60
2152
124
2153
80
2154
-1
2155
84
2156
47
2157
61
2158
137
2159
-1
2160
143
2161
14
2162
118
2163
65
2164
-1
2165
77
2166
162
2167
143
2168
14
2169
-1
2170
9
2171
154
2172
130
2173
119
2174
-1
2175
112
2176
79
2177
54
2178
115
2179
-1
2180
142
2181
24
2182
63
2183
173
2184
-1
2185
42
2186
47
2187
121
2188
122
2189
-1
2190
1
2191
146
2192
61
2193
138
2194
-1
2195
121
2196
103
2197
113
2198
0
2199
-1
2200
134
2201
92
2202
63
2203
131
2204
-1
2205
49
2206
67
2207
172
2208
30
2209
-1
2210
22
2211
28
2212
141
2213
77
2214
-1
2215
36
2216
116
2217
66
2218
159
2219
-1
2220
81
2221
125
2222
57
2223
72
2224
-1
2225
131
2226
84
2227
86
2228
11
2229
-1
2230
96
2231
154
2232
41
2233
64
2234
-1
2235
75
2236
93
2237
13
2238
108
2239
-1
2240
62
2241
13
2242
161
2243
7
2244
-1
2245
157
2246
177
2247
13
2248
141
2249
-1
2250
74
2251
88
2252
64
2253
141
2254
-1
2255
9
2256
11
2257
119
2258
125
2259
-1
2260
100
2261
42
2262
144
2263
129
2264
-1
2265
12
2266
127
2267
120
2268
46
2269
-1
2270
72
2271
30
2272
7
2273
34
2274
-1
2275
106
2276
60
2277
14
2278
55
2279
-1
2280
123
2281
178
2282
26
2283
118
2284
-1
2285
167
2286
7
2287
113
2288
167
2289
-1
2290
89
2291
89
2292
10
2293
102
2294
-1
2295
22
2296
100
2297
163
2298
148
2299
-1
2300
75
2301
21
2302
23
2303
148
2304
-1
2305
43
2306
176
2307
29
2308
137
2309
-1
2310
163
2311
175
2312
157
2313
126
2314
-1
2315
70
2316
40
2317
138
2318
63
2319
-1
2320
2
2321
126
2322
60
2323
47
2324
-1
2325
5
2326
151
2327
32
2328
75
2329
-1
2330
10
2331
162
2332
116
2333
164
2334
-1
2335
96
2336
16
2337
168
2338
132
2339
-1
2340
166
2341
86
2342
71
2343
132
2344
-1
2345
43
2346
122
2347
92
2348
101
2349
-1
2350
61
2351
6
2352
27
2353
51
2354
-1
2355
122
2356
56
2357
128
2358
68
2359
-1
2360
117
2361
63
2362
92
2363
89
2364
-1
2365
105
2366
97
2367
131
2368
75
2369
-1
2370
99
2371
35
2372
98
2373
146
2374
-1
2375
31
2376
44
2377
30
2378
111
2379
-1
2380
92
2381
91
2382
99
2383
53
2384
-1
2385
25
2386
118
2387
73
2388
22
2389
-1
2390
59
2391
48
2392
114
2393
176
2394
-1
2395
5
2396
8
2397
153
2398
87
2399
-1
2400
49
2401
137
2402
85
2403
126
2404
-1
2405
164
2406
114
2407
142
2408
87
2409
-1
2410
62
2411
172
2412
20
2413
43
2414
-1
2415
13
2416
100
2417
77
2418
57
2419
-1
2420
66
2421
5
2422
128
2423
149
2424
-1
2425
124
2426
61
2427
150
2428
102
2429
-1
2430
127
2431
100
2432
10
2433
2
2434
-1
2435
26
2436
63
2437
128
2438
123
2439
-1
2440
3
2441
126
2442
64
2443
156
2444
-1
2445
108
2446
139
2447
159
2448
97
2449
-1
2450
90
2451
91
2452
47
2453
101
2454
-1
2455
101
2456
129
2457
108
2458
70
2459
-1
2460
33
2461
127
2462
154
2463
77
2464
-1
2465
173
2466
111
2467
173
2468
81
2469
-1
2470
38
2471
39
2472
55
2473
76
2474
-1
2475
91
2476
80
2477
88
2478
101
2479
-1
2480
174
2481
109
2482
172
2483
132
2484
-1
2485
130
2486
76
2487
165
2488
35
2489
-1
2490
170
2491
2
2492
84
2493
177
2494
-1
2495
32
2496
169
2497
53
2498
30
2499
-1
2500
18
2501
16
2502
136
2503
126
2504
-1
2505
95
2506
96
2507
132
2508
19
2509
-1
2510
99
2511
168
2512
130
2513
14
2514
-1
2515
81
2516
112
2517
176
2518
42
2519
-1
2520
177
2521
174
2522
89
2523
30
2524
-1
2525
3
2526
1
2527
92
2528
33
2529
-1
2530
88
2531
46
2532
50
2533
177
2534
-1
2535
125
2536
135
2537
32
2538
115
2539
-1
2540
176
2541
8
2542
65
2543
119
2544
-1
2545
7
2546
161
2547
80
2548
88
2549
-1
2550
81
2551
108
2552
116
2553
120
2554
-1
2555
80
2556
70
2557
137
2558
154
2559
-1
2560
128
2561
137
2562
29
2563
28
2564
-1
2565
169
2566
34
2567
136
2568
148
2569
-1
2570
104
2571
47
2572
4
2573
34
2574
-1
2575
104
2576
52
2577
80
2578
17
2579
-1
2580
40
2581
163
2582
93
2583
3
2584
-1
2585
75
2586
101
2587
29
2588
162
2589
-1
2590
39
2591
165
2592
47
2593
7
2594
-1
2595
9
2596
30
2597
62
2598
105
2599
-1
2600
46
2601
58
2602
86
2603
174
2604
-1
2605
54
2606
93
2607
149
2608
23
2609
-1
2610
167
2611
81
2612
111
2613
115
2614
-1
2615
116
2616
136
2617
62
2618
66
2619
-1
2620
28
2621
114
2622
93
2623
164
2624
-1
2625
14
2626
21
2627
131
2628
21
2629
-1
2630
27
2631
53
2632
57
2633
125
2634
-1
2635
36
2636
60
2637
144
2638
119
2639
-1
2640
26
2641
28
2642
68
2643
113
2644
-1
2645
109
2646
70
2647
124
2648
73
2649
-1
2650
56
2651
9
2652
86
2653
14
2654
-1
2655
170
2656
59
2657
66
2658
113
2659
-1
2660
23
2661
171
2662
72
2663
115
2664
-1
2665
84
2666
96
2667
26
2668
78
2669
-1
2670
70
2671
52
2672
0
2673
161
2674
-1
2675
93
2676
55
2677
31
2678
129
2679
-1
2680
107
2681
121
2682
106
2683
146
2684
-1
2685
6
2686
118
2687
24
2688
138
2689
-1
2690
5
2691
135
2692
177
2693
176
2694
-1
2695
115
2696
143
2697
93
2698
13
2699
-1
2700
46
2701
55
2702
3
2703
86
2704
-1
2705
143
2706
20
2707
12
2708
110
2709
-1
2710
176
2711
96
2712
141
2713
97
2714
-1
2715
34
2716
95
2717
147
2718
60
2719
-1
2720
133
2721
144
2722
25
2723
92
2724
-1
2725
29
2726
119
2727
17
2728
46
2729
-1
2730
53
2731
171
2732
11
2733
88
2734
-1
2735
133
2736
36
2737
165
2738
102
2739
-1
2740
84
2741
88
2742
127
2743
55
2744
-1
2745
136
2746
7
2747
84
2748
72
2749
-1
2750
128
2751
80
2752
93
2753
170
2754
-1
2755
166
2756
115
2757
61
2758
132
2759
-1
2760
171
2761
157
2762
7
2763
30
2764
-1
2765
57
2766
115
2767
114
2768
42
2769
-1
2770
148
2771
158
2772
157
2773
169
2774
-1
2775
176
2776
152
2777
58
2778
80
2779
-1
2780
5
2781
13
2782
162
2783
122
2784
-1
2785
114
2786
29
2787
5
2788
80
2789
-1
2790
10
2791
59
2792
111
2793
22
2794
-1
2795
29
2796
89
2797
51
2798
65
2799
-1
2800
3
2801
154
2802
146
2803
160
2804
-1
2805
22
2806
16
2807
97
2808
18
2809
-1
2810
33
2811
165
2812
40
2813
178
2814
-1
2815
63
2816
92
2817
89
2818
30
2819
-1
2820
144
2821
14
2822
47
2823
23
2824
-1
2825
49
2826
133
2827
83
2828
76
2829
-1
2830
76
2831
72
2832
79
2833
130
2834
-1
2835
153
2836
160
2837
76
2838
123
2839
-1
2840
66
2841
69
2842
63
2843
149
2844
-1
2845
158
2846
86
2847
123
2848
98
2849
-1
2850
93
2851
160
2852
155
2853
145
2854
-1
2855
164
2856
130
2857
164
2858
129
2859
-1
2860
169
2861
64
2862
138
2863
92
2864
-1
2865
25
2866
81
2867
175
2868
70
2869
-1
2870
118
2871
137
2872
9
2873
76
2874
-1
2875
104
2876
150
2877
87
2878
170
2879
-1
2880
80
2881
145
2882
122
2883
103
2884
-1
2885
120
2886
35
2887
5
2888
115
2889
-1
2890
8
2891
29
2892
173
2893
24
2894
-1
2895
114
2896
143
2897
59
2898
103
2899
-1
2900
127
2901
139
2902
156
2903
173
2904
-1
2905
147
2906
170
2907
147
2908
52
2909
-1
2910
177
2911
34
2912
150
2913
77
2914
-1
2915
7
2916
36
2917
32
2918
37
2919
-1
2920
161
2921
16
2922
162
2923
125
2924
-1
2925
122
2926
125
2927
17
2928
29
2929
-1
2930
166
2931
122
2932
54
2933
0
2934
-1
2935
5
2936
11
2937
70
2938
140
2939
-1
2940
17
2941
40
2942
166
2943
85
2944
-1
2945
73
2946
79
2947
57
2948
58
2949
-1
2950
120
2951
55
2952
94
2953
41
2954
-1
2955
99
2956
91
2957
161
2958
61
2959
-1
2960
54
2961
4
2962
45
2963
66
2964
-1
2965
106
2966
77
2967
33
2968
71
2969
-1
2970
108
2971
130
2972
127
2973
13
2974
-1
2975
59
2976
30
2977
85
2978
29
2979
-1
2980
113
2981
56
2982
15
2983
82
2984
-1
2985
15
2986
177
2987
99
2988
72
2989
-1
2990
3
2991
37
2992
131
2993
147
2994
-1
2995
110
2996
48
2997
148
2998
175
2999
-1
3000
72
3001
27
3002
47
3003
85
3004
-1
3005
152
3006
109
3007
78
3008
121
3009
-1
3010
169
3011
150
3012
75
3013
121
3014
-1
3015
4
3016
128
3017
20
3018
16
3019
-1
3020
88
3021
162
3022
26
3023
11
3024
-1
3025
114
3026
169
3027
128
3028
16
3029
-1
3030
102
3031
34
3032
105
3033
155
3034
-1
3035
62
3036
96
3037
104
3038
161
3039
-1
3040
37
3041
149
3042
32
3043
73
3044
-1
3045
106
3046
59
3047
32
3048
87
3049
-1
3050
63
3051
4
3052
151
3053
120
3054
-1
3055
86
3056
81
3057
127
3058
160
3059
-1
3060
82
3061
43
3062
61
3063
111
3064
-1
3065
85
3066
179
3067
13
3068
81
3069
-1
3070
81
3071
124
3072
20
3073
129
3074
-1
3075
63
3076
29
3077
163
3078
150
3079
-1
3080
159
3081
31
3082
45
3083
106
3084
-1
3085
30
3086
23
3087
16
3088
1
3089
-1
3090
58
3091
125
3092
170
3093
3
3094
-1
3095
151
3096
67
3097
154
3098
98
3099
-1
3100
117
3101
167
3102
82
3103
2
3104
-1
3105
103
3106
31
3107
166
3108
172
3109
-1
3110
5
3111
159
3112
91
3113
39
3114
-1
3115
148
3116
64
3117
29
3118
101
3119
-1
3120
3
3121
177
3122
156
3123
103
3124
-1
3125
104
3126
105
3127
108
3128
49
3129
-1
3130
170
3131
48
3132
1
3133
10
3134
-1
3135
102
3136
79
3137
74
3138
116
3139
-1
3140
140
3141
89
3142
91
3143
176
3144
-1
3145
77
3146
85
3147
34
3148
71
3149
-1
3150
11
3151
72
3152
120
3153
42
3154
-1
3155
175
3156
41
3157
171
3158
80
3159
-1
3160
109
3161
116
3162
63
3163
80
3164
-1
3165
107
3166
46
3167
77
3168
115
3169
-1
3170
7
3171
77
3172
78
3173
127
3174
-1
3175
154
3176
123
3177
101
3178
79
3179
-1
3180
12
3181
163
3182
7
3183
114
3184
-1
3185
167
3186
44
3187
87
3188
160
3189
-1
3190
120
3191
26
3192
31
3193
25
3194
-1
3195
11
3196
170
3197
62
3198
135
3199
-1
3200
135
3201
141
3202
9
3203
171
3204
-1
3205
44
3206
150
3207
91
3208
148
3209
-1
3210
166
3211
168
3212
85
3213
44
3214
-1
3215
75
3216
93
3217
25
3218
102
3219
-1
3220
76
3221
92
3222
157
3223
158
3224
-1
3225
160
3226
169
3227
136
3228
73
3229
-1
3230
174
3231
63
3232
85
3233
42
3234
-1
3235
179
3236
40
3237
17
3238
113
3239
-1
3240
95
3241
2
3242
87
3243
134
3244
-1
3245
31
3246
142
3247
66
3248
9
3249
-1
3250
147
3251
122
3252
151
3253
74
3254
-1
3255
132
3256
114
3257
23
3258
165
3259
-1
3260
47
3261
18
3262
122
3263
112
3264
-1
3265
97
3266
28
3267
59
3268
152
3269
-1
3270
127
3271
174
3272
42
3273
163
3274
-1
3275
32
3276
22
3277
119
3278
128
3279
-1
3280
7
3281
151
3282
37
3283
124
3284
-1
3285
57
3286
51
3287
87
3288
87
3289
-1
3290
112
3291
35
3292
22
3293
147
3294
-1
3295
20
3296
75
3297
36
3298
95
3299
-1
3300
42
3301
141
3302
169
3303
93
3304
-1
3305
21
3306
39
3307
142
3308
155
3309
-1
3310
83
3311
68
3312
53
3313
153
3314
-1
3315
135
3316
21
3317
114
3318
35
3319
-1
3320
77
3321
14
3322
14
3323
65
3324
-1
3325
156
3326
92
3327
92
3328
8
3329
-1
3330
16
3331
40
3332
7
3333
47
3334
-1
3335
64
3336
121
3337
75
3338
45
3339
-1
3340
119
3341
74
3342
167
3343
31
3344
-1
3345
19
3346
82
3347
174
3348
111
3349
-1
3350
64
3351
25
3352
103
3353
144
3354
-1
3355
0
3356
62
3357
111
3358
19
3359
-1
3360
109
3361
34
3362
179
3363
115
3364
-1
3365
51
3366
37
3367
93
3368
44
3369
-1
3370
63
3371
145
3372
93
3373
79
3374
-1
3375
137
3376
92
3377
41
3378
78
3379
-1
3380
128
3381
157
3382
57
3383
163
3384
-1
3385
142
3386
9
3387
118
3388
70
3389
-1
3390
94
3391
93
3392
12
3393
126
3394
-1
3395
124
3396
153
3397
87
3398
33
3399
-1
3400
161
3401
125
3402
100
3403
147
3404
-1
3405
122
3406
155
3407
59
3408
33
3409
-1
3410
118
3411
110
3412
17
3413
135
3414
-1
3415
20
3416
32
3417
99
3418
44
3419
-1
3420
69
3421
71
3422
83
3423
75
3424
-1
3425
121
3426
157
3427
63
3428
130
3429
-1
3430
156
3431
51
3432
148
3433
58
3434
-1
3435
0
3436
134
3437
17
3438
57
3439
-1
3440
90
3441
62
3442
17
3443
14
3444
-1
3445
25
3446
156
3447
47
3448
155
3449
-1
3450
179
3451
149
3452
137
3453
114
3454
-1
3455
158
3456
43
3457
178
3458
58
3459
-1
3460
65
3461
179
3462
99
3463
50
3464
-1
3465
172
3466
138
3467
142
3468
177
3469
-1
3470
58
3471
130
3472
108
3473
147
3474
-1
3475
104
3476
0
3477
127
3478
123
3479
-1
3480
120
3481
98
3482
129
3483
166
3484
-1
3485
109
3486
108
3487
66
3488
160
3489
-1
3490
22
3491
92
3492
172
3493
97
3494
-1
3495
99
3496
92
3497
129
3498
76
3499
-1
3500
133
3501
21
3502
171
3503
46
3504
-1
3505
56
3506
167
3507
20
3508
2
3509
-1
3510
74
3511
115
3512
25
3513
116
3514
-1
3515
96
3516
11
3517
141
3518
87
3519
-1
3520
116
3521
45
3522
59
3523
4
3524
-1
3525
51
3526
132
3527
127
3528
53
3529
-1
3530
74
3531
160
3532
176
3533
12
3534
-1
3535
140
3536
172
3537
83
3538
29
3539
-1
3540
130
3541
53
3542
2
3543
111
3544
-1
3545
70
3546
133
3547
129
3548
32
3549
-1
3550
109
3551
130
3552
47
3553
125
3554
-1
3555
41
3556
18
3557
96
3558
15
3559
-1
3560
133
3561
156
3562
125
3563
60
3564
-1
3565
19
3566
155
3567
143
3568
42
3569
-1
3570
125
3571
93
3572
87
3573
137
3574
-1
3575
155
3576
168
3577
127
3578
80
3579
-1
3580
89
3581
53
3582
52
3583
163
3584
-1
3585
127
3586
96
3587
25
3588
115
3589
-1
3590
6
3591
83
3592
61
3593
170
3594
-1
3595
165
3596
67
3597
127
3598
143
3599
-1
3600
112
3601
70
3602
169
3603
145
3604
-1
3605
144
3606
83
3607
88
3608
13
3609
-1
3610
164
3611
153
3612
124
3613
173
3614
-1
3615
170
3616
69
3617
162
3618
26
3619
-1
3620
20
3621
6
3622
162
3623
122
3624
-1
3625
93
3626
173
3627
58
3628
31
3629
-1
3630
24
3631
177
3632
15
3633
34
3634
-1
3635
169
3636
148
3637
102
3638
53
3639
-1
3640
176
3641
162
3642
172
3643
154
3644
-1
3645
85
3646
29
3647
99
3648
43
3649
-1
3650
174
3651
97
3652
172
3653
29
3654
-1
3655
120
3656
93
3657
157
3658
151
3659
-1
3660
71
3661
4
3662
18
3663
112
3664
-1
3665
161
3666
135
3667
132
3668
30
3669
-1
3670
70
3671
57
3672
130
3673
67
3674
-1
3675
133
3676
85
3677
88
3678
115
3679
-1
3680
172
3681
148
3682
176
3683
30
3684
-1
3685
143
3686
66
3687
132
3688
64
3689
-1
3690
168
3691
90
3692
57
3693
91
3694
-1
3695
16
3696
75
3697
47
3698
138
3699
-1
3700
127
3701
160
3702
19
3703
132
3704
-1
3705
99
3706
37
3707
32
3708
11
3709
-1
3710
8
3711
148
3712
21
3713
69
3714
-1
3715
111
3716
51
3717
177
3718
133
3719
-1
3720
81
3721
67
3722
45
3723
104
3724
-1
3725
16
3726
71
3727
150
3728
153
3729
-1
3730
69
3731
104
3732
161
3733
98
3734
-1
3735
60
3736
146
3737
166
3738
26
3739
-1
3740
25
3741
155
3742
150
3743
46
3744
-1
3745
74
3746
23
3747
97
3748
98
3749
-1
3750
82
3751
19
3752
117
3753
73
3754
-1
3755
99
3756
123
3757
49
3758
141
3759
-1
3760
16
3761
167
3762
160
3763
62
3764
-1
3765
18
3766
10
3767
143
3768
127
3769
-1
3770
64
3771
134
3772
174
3773
11
3774
-1
3775
26
3776
55
3777
144
3778
91
3779
-1
3780
43
3781
3
3782
139
3783
29
3784
-1
3785
76
3786
122
3787
8
3788
138
3789
-1
3790
135
3791
83
3792
137
3793
94
3794
-1
3795
106
3796
23
3797
75
3798
35
3799
-1
3800
110
3801
103
3802
103
3803
127
3804
-1
3805
89
3806
170
3807
152
3808
105
3809
-1
3810
102
3811
118
3812
41
3813
154
3814
-1
3815
65
3816
155
3817
124
3818
5
3819
-1
3820
116
3821
92
3822
19
3823
52
3824
-1
3825
133
3826
131
3827
75
3828
120
3829
-1
3830
50
3831
18
3832
93
3833
20
3834
-1
3835
99
3836
97
3837
142
3838
127
3839
-1
3840
0
3841
47
3842
2
3843
113
3844
-1
3845
93
3846
101
3847
146
3848
23
3849
-1
3850
135
3851
161
3852
58
3853
103
3854
-1
3855
56
3856
9
3857
168
3858
38
3859
-1
3860
28
3861
23
3862
179
3863
91
3864
-1
3865
120
3866
169
3867
10
3868
143
3869
-1
3870
27
3871
63
3872
43
3873
121
3874
-1
3875
140
3876
63
3877
41
3878
29
3879
-1
3880
60
3881
134
3882
35
3883
107
3884
-1
3885
91
3886
99
3887
159
3888
85
3889
-1
3890
160
3891
60
3892
66
3893
75
3894
-1
3895
36
3896
38
3897
67
3898
97
3899
-1
3900
149
3901
52
3902
86
3903
64
3904
-1
3905
68
3906
67
3907
62
3908
118
3909
-1
3910
116
3911
60
3912
8
3913
77
3914
-1
3915
77
3916
16
3917
39
3918
54
3919
-1
3920
97
3921
11
3922
50
3923
123
3924
-1
3925
96
3926
166
3927
37
3928
89
3929
-1
3930
115
3931
29
3932
164
3933
98
3934
-1
3935
70
3936
21
3937
168
3938
170
3939
-1
3940
171
3941
33
3942
58
3943
86
3944
-1
3945
28
3946
28
3947
25
3948
58
3949
-1
3950
160
3951
5
3952
41
3953
115
3954
-1
3955
41
3956
76
3957
88
3958
71
3959
-1
3960
81
3961
47
3962
18
3963
32
3964
-1
3965
72
3966
87
3967
153
3968
33
3969
-1
3970
109
3971
132
3972
32
3973
149
3974
-1
3975
17
3976
99
3977
129
3978
100
3979
-1
3980
130
3981
122
3982
156
3983
16
3984
-1
3985
84
3986
71
3987
149
3988
10
3989
-1
3990
9
3991
140
3992
112
3993
112
3994
-1
3995
100
3996
7
3997
51
3998
95
3999
-1
4000
168
4001
68
4002
66
4003
134
4004
-1
4005
173
4006
117
4007
40
4008
138
4009
-1
4010
21
4011
36
4012
151
4013
84
4014
-1
4015
152
4016
142
4017
87
4018
115
4019
-1
4020
61
4021
142
4022
85
4023
170
4024
-1
4025
116
4026
37
4027
19
4028
49
4029
-1
4030
167
4031
52
4032
17
4033
130
4034
-1
4035
13
4036
103
4037
23
4038
164
4039
-1
4040
66
4041
28
4042
151
4043
34
4044
-1
4045
91
4046
64
4047
99
4048
177
4049
-1
4050
155
4051
64
4052
149
4053
43
4054
-1
4055
135
4056
66
4057
99
4058
0
4059
-1
4060
35
4061
21
4062
16
4063
9
4064
-1
4065
51
4066
55
4067
54
4068
62
4069
-1
4070
31
4071
144
4072
64
4073
55
4074
-1
4075
6
4076
5
4077
35
4078
54
4079
-1
4080
174
4081
122
4082
104
4083
134
4084
-1
4085
159
4086
38
4087
170
4088
26
4089
-1
4090
16
4091
122
4092
131
4093
98
4094
-1
4095
92
4096
179
4097
163
4098
143
4099
-1
4100
118
4101
147
4102
133
4103
86
4104
-1
4105
64
4106
124
4107
160
4108
2
4109
-1
4110
130
4111
35
4112
28
4113
1
4114
-1
4115
37
4116
156
4117
23
4118
27
4119
-1
4120
145
4121
12
4122
124
4123
38
4124
-1
4125
27
4126
171
4127
17
4128
118
4129
-1
4130
80
4131
118
4132
138
4133
71
4134
-1
4135
26
4136
131
4137
112
4138
177
4139
-1
4140
66
4141
177
4142
134
4143
26
4144
-1
4145
25
4146
157
4147
142
4148
141
4149
-1
4150
32
4151
163
4152
122
4153
73
4154
-1
4155
95
4156
132
4157
13
4158
170
4159
-1
4160
55
4161
40
4162
101
4163
133
4164
-1
4165
58
4166
44
4167
166
4168
10
4169
-1
4170
77
4171
133
4172
51
4173
153
4174
-1
4175
175
4176
93
4177
62
4178
148
4179
-1
4180
132
4181
69
4182
141
4183
27
4184
-1
4185
165
4186
21
4187
72
4188
157
4189
-1
4190
113
4191
71
4192
155
4193
7
4194
-1
4195
80
4196
124
4197
51
4198
34
4199
-1
4200
98
4201
118
4202
98
4203
130
4204
-1
4205
162
4206
58
4207
67
4208
163
4209
-1
4210
13
4211
46
4212
118
4213
148
4214
-1
4215
6
4216
65
4217
18
4218
108
4219
-1
4220
39
4221
173
4222
13
4223
30
4224
-1
4225
14
4226
49
4227
68
4228
51
4229
-1
4230
161
4231
39
4232
148
4233
21
4234
-1
4235
70
4236
114
4237
98
4238
148
4239
-1
4240
39
4241
83
4242
123
4243
83
4244
-1
4245
65
4246
42
4247
44
4248
96
4249
-1
4250
47
4251
142
4252
158
4253
85
4254
-1
4255
68
4256
149
4257
29
4258
40
4259
-1
4260
129
4261
171
4262
99
4263
174
4264
-1
4265
171
4266
140
4267
100
4268
143
4269
-1
4270
24
4271
98
4272
168
4273
7
4274
-1
4275
58
4276
63
4277
91
4278
154
4279
-1
4280
4
4281
104
4282
125
4283
54
4284
-1
4285
7
4286
145
4287
115
4288
29
4289
-1
4290
140
4291
166
4292
155
4293
101
4294
-1
4295
133
4296
156
4297
132
4298
37
4299
-1
4300
43
4301
110
4302
96
4303
177
4304
-1
4305
15
4306
118
4307
85
4308
17
4309
-1
4310
75
4311
78
4312
121
4313
174
4314
-1
4315
92
4316
28
4317
172
4318
13
4319
-1
4320
134
4321
98
4322
4
4323
44
4324
-1
4325
96
4326
172
4327
54
4328
36
4329
-1
4330
164
4331
131
4332
162
4333
132
4334
-1
4335
94
4336
143
4337
114
4338
133
4339
-1
4340
178
4341
71
4342
41
4343
38
4344
-1
4345
50
4346
163
4347
1
4348
29
4349
-1
4350
68
4351
88
4352
116
4353
43
4354
-1
4355
131
4356
32
4357
147
4358
81
4359
-1
4360
68
4361
171
4362
173
4363
62
4364
-1
4365
72
4366
16
4367
15
4368
152
4369
-1
4370
17
4371
55
4372
164
4373
88
4374
-1
4375
150
4376
151
4377
12
4378
68
4379
-1
4380
104
4381
34
4382
9
4383
112
4384
-1
4385
163
4386
9
4387
88
4388
111
4389
-1
4390
118
4391
138
4392
96
4393
122
4394
-1
4395
94
4396
52
4397
19
4398
16
4399
-1
4400
81
4401
147
4402
154
4403
102
4404
-1
4405
5
4406
88
4407
65
4408
83
4409
-1
4410
177
4411
90
4412
11
4413
152
4414
-1
4415
108
4416
159
4417
42
4418
15
4419
-1
4420
127
4421
0
4422
61
4423
102
4424
-1
4425
38
4426
174
4427
54
4428
75
4429
-1
4430
125
4431
159
4432
99
4433
91
4434
-1
4435
155
4436
85
4437
88
4438
74
4439
-1
4440
56
4441
13
4442
17
4443
25
4444
-1
4445
167
4446
19
4447
35
4448
0
4449
-1
4450
48
4451
176
4452
46
4453
65
4454
-1
4455
84
4456
169
4457
95
4458
84
4459
-1
4460
88
4461
91
4462
73
4463
147
4464
-1
4465
167
4466
31
4467
102
4468
62
4469
-1
4470
126
4471
74
4472
66
4473
150
4474
-1
4475
10
4476
65
4477
37
4478
154
4479
-1
4480
76
4481
11
4482
123
4483
142
4484
-1
4485
77
4486
115
4487
104
4488
101
4489
-1
4490
125
4491
92
4492
86
4493
167
4494
-1
4495
134
4496
177
4497
43
4498
123
4499
-1
4500
136
4501
30
4502
166
4503
60
4504
-1
4505
113
4506
38
4507
14
4508
46
4509
-1
4510
118
4511
88
4512
30
4513
110
4514
-1
4515
58
4516
148
4517
102
4518
7
4519
-1
4520
108
4521
21
4522
124
4523
68
4524
-1
4525
12
4526
171
4527
127
4528
5
4529
-1
4530
173
4531
104
4532
37
4533
127
4534
-1
4535
111
4536
154
4537
84
4538
107
4539
-1
4540
7
4541
133
4542
111
4543
164
4544
-1
4545
62
4546
168
4547
39
4548
179
4549
-1
4550
146
4551
51
4552
25
4553
42
4554
-1
4555
104
4556
37
4557
179
4558
103
4559
-1
4560
77
4561
114
4562
128
4563
94
4564
-1
4565
103
4566
123
4567
97
4568
36
4569
-1
4570
5
4571
177
4572
147
4573
135
4574
-1
4575
40
4576
3
4577
40
4578
126
4579
-1
4580
117
4581
112
4582
114
4583
99
4584
-1
4585
61
4586
100
4587
179
4588
65
4589
-1
4590
91
4591
159
4592
15
4593
47
4594
-1
4595
22
4596
34
4597
31
4598
52
4599
-1
4600
134
4601
151
4602
88
4603
164
4604
-1
4605
128
4606
164
4607
11
4608
64
4609
-1
4610
45
4611
49
4612
29
4613
81
4614
-1
4615
55
4616
89
4617
167
4618
36
4619
-1
4620
95
4621
48
4622
149
4623
93
4624
-1
4625
172
4626
117
4627
153
4628
149
4629
-1
4630
83
4631
162
4632
57
4633
121
4634
-1
4635
12
4636
35
4637
94
4638
17
4639
-1
4640
25
4641
144
4642
111
4643
78
4644
-1
4645
72
4646
134
4647
75
4648
122
4649
-1
4650
175
4651
135
4652
110
4653
178
4654
-1
4655
12
4656
90
4657
25
4658
156
4659
-1
4660
14
4661
24
4662
75
4663
108
4664
-1
4665
155
4666
41
4667
9
4668
170
4669
-1
4670
11
4671
83
4672
121
4673
160
4674
-1
4675
39
4676
70
4677
60
4678
5
4679
-1
4680
79
4681
53
4682
155
4683
26
4684
-1
4685
148
4686
78
4687
115
4688
74
4689
-1
4690
55
4691
26
4692
43
4693
38
4694
-1
4695
116
4696
32
4697
171
4698
70
4699
-1
4700
77
4701
1
4702
162
4703
48
4704
-1
4705
55
4706
29
4707
128
4708
78
4709
-1
4710
121
4711
89
4712
59
4713
3
4714
-1
4715
79
4716
78
4717
129
4718
108
4719
-1
4720
69
4721
179
4722
109
4723
145
4724
-1
4725
39
4726
92
4727
92
4728
117
4729
-1
4730
84
4731
146
4732
154
4733
65
4734
-1
4735
154
4736
114
4737
115
4738
109
4739
-1
4740
38
4741
48
4742
28
4743
72
4744
-1
4745
163
4746
174
4747
119
4748
108
4749
-1
4750
96
4751
139
4752
39
4753
65
4754
-1
4755
104
4756
83
4757
75
4758
159
4759
-1
4760
49
4761
163
4762
9
4763
41
4764
-1
4765
142
4766
76
4767
170
4768
179
4769
-1
4770
81
4771
78
4772
15
4773
27
4774
-1
4775
89
4776
95
4777
159
4778
114
4779
-1
4780
117
4781
27
4782
35
4783
54
4784
-1
4785
109
4786
73
4787
138
4788
83
4789
-1
4790
118
4791
174
4792
116
4793
99
4794
-1
4795
39
4796
172
4797
143
4798
156
4799
-1
4800
111
4801
173
4802
103
4803
12
4804
-1
4805
75
4806
114
4807
5
4808
134
4809
-1
4810
32
4811
30
4812
114
4813
32
4814
-1
4815
136
4816
117
4817
43
4818
15
4819
-1
4820
94
4821
87
4822
70
4823
95
4824
-1
4825
49
4826
98
4827
88
4828
106
4829
-1
4830
100
4831
43
4832
62
4833
1
4834
-1
4835
23
4836
136
4837
124
4838
133
4839
-1
4840
136
4841
153
4842
81
4843
64
4844
-1
4845
179
4846
84
4847
0
4848
45
4849
-1
4850
108
4851
56
4852
109
4853
22
4854
-1
4855
34
4856
91
4857
46
4858
39
4859
-1
4860
148
4861
114
4862
1
4863
156
4864
-1
4865
93
4866
35
4867
65
4868
133
4869
-1
4870
21
4871
139
4872
154
4873
17
4874
-1
4875
177
4876
43
4877
77
4878
5
4879
-1
4880
73
4881
33
4882
177
4883
113
4884
-1
4885
61
4886
68
4887
104
4888
55
4889
-1
4890
8
4891
32
4892
46
4893
134
4894
-1
4895
8
4896
61
4897
94
4898
37
4899
-1
4900
51
4901
45
4902
12
4903
143
4904
-1
4905
25
4906
139
4907
101
4908
35
4909
-1
4910
35
4911
159
4912
18
4913
172
4914
-1
4915
112
4916
169
4917
165
4918
136
4919
-1
4920
46
4921
140
4922
27
4923
116
4924
-1
4925
138
4926
60
4927
139
4928
113
4929
-1
4930
62
4931
147
4932
101
4933
155
4934
-1
4935
55
4936
100
4937
142
4938
164
4939
-1
4940
128
4941
59
4942
22
4943
176
4944
-1
4945
122
4946
77
4947
96
4948
105
4949
-1
4950
133
4951
173
4952
151
4953
27
4954
-1
4955
87
4956
98
4957
18
4958
129
4959
-1
4960
1
4961
105
4962
139
4963
43
4964
-1
4965
153
4966
15
4967
47
4968
35
4969
-1
4970
6
4971
13
4972
9
4973
77
4974
-1
4975
38
4976
178
4977
24
4978
19
4979
-1
4980
169
4981
81
4982
140
4983
109
4984
-1
4985
2
4986
115
4987
22
4988
68
4989
-1
4990
5
4991
79
4992
49
4993
31
4994
-1
4995
146
4996
54
4997
110
4998
160
4999
-1
5000
40
5001
52
5002
158
5003
84
5004
-1
5005
119
5006
78
5007
163
5008
36
5009
-1
5010
103
5011
107
5012
92
5013
54
5014
-1
5015
86
5016
64
5017
174
5018
60
5019
-1
5020
40
5021
158
5022
171
5023
118
5024
-1
5025
167
5026
63
5027
42
5028
166
5029
-1
5030
91
5031
74
5032
112
5033
61
5034
-1
5035
149
5036
13
5037
80
5038
66
5039
-1
5040
71
5041
93
5042
8
5043
103
5044
-1
5045
158
5046
29
5047
8
5048
128
5049
-1
5050
142
5051
74
5052
118
5053
1
5054
-1
5055
62
5056
89
5057
83
5058
64
5059
-1
5060
76
5061
58
5062
50
5063
105
5064
-1
5065
156
5066
70
5067
91
5068
63
5069
-1
5070
140
5071
131
5072
137
5073
50
5074
-1
5075
59
5076
176
5077
62
5078
26
5079
-1
5080
79
5081
178
5082
52
5083
162
5084
-1
5085
173
5086
176
5087
34
5088
14
5089
-1
5090
109
5091
22
5092
92
5093
133
5094
-1
5095
10
5096
177
5097
160
5098
125
5099
-1
5100
114
5101
107
5102
167
5103
62
5104
-1
5105
98
5106
47
5107
29
5108
121
5109
-1
5110
64
5111
70
5112
91
5113
95
5114
-1
5115
158
5116
6
5117
105
5118
157
5119
-1
5120
156
5121
173
5122
38
5123
140
5124
-1
5125
59
5126
128
5127
171
5128
51
5129
-1
5130
85
5131
108
5132
129
5133
167
5134
-1
5135
46
5136
115
5137
50
5138
157
5139
-1
5140
91
5141
0
5142
67
5143
157
5144
-1
5145
38
5146
97
5147
31
5148
103
5149
-1
5150
178
5151
65
5152
95
5153
155
5154
-1
5155
94
5156
179
5157
92
5158
146
5159
-1
5160
175
5161
52
5162
34
5163
16
5164
-1
5165
11
5166
19
5167
134
5168
90
5169
-1
5170
132
5171
114
5172
129
5173
103
5174
-1
5175
95
5176
35
5177
173
5178
82
5179
-1
5180
84
5181
81
5182
176
5183
9
5184
-1
5185
0
5186
3
5187
164
5188
80
5189
-1
5190
101
5191
11
5192
123
5193
138
5194
-1
5195
129
5196
137
5197
166
5198
153
5199
-1
5200
130
5201
121
5202
135
5203
106
5204
-1
5205
5
5206
37
5207
31
5208
54
5209
-1
5210
140
5211
3
5212
164
5213
32
5214
-1
5215
126
5216
24
5217
131
5218
54
5219
-1
5220
168
5221
14
5222
36
5223
140
5224
-1
5225
103
5226
125
5227
161
5228
103
5229
-1
5230
122
5231
165
5232
166
5233
38
5234
-1
5235
111
5236
151
5237
73
5238
178
5239
-1
5240
105
5241
126
5242
140
5243
29
5244
-1
5245
174
5246
155
5247
135
5248
113
5249
-1
5250
37
5251
18
5252
48
5253
155
5254
-1
5255
42
5256
177
5257
20
5258
76
5259
-1
5260
7
5261
41
5262
13
5263
164
5264
-1
5265
137
5266
3
5267
5
5268
101
5269
-1
5270
2
5271
113
5272
143
5273
140
5274
-1
5275
127
5276
153
5277
116
5278
51
5279
-1
5280
33
5281
21
5282
104
5283
136
5284
-1
5285
120
5286
139
5287
131
5288
142
5289
-1
5290
53
5291
161
5292
39
5293
5
5294
-1
5295
88
5296
0
5297
144
5298
33
5299
-1
5300
126
5301
156
5302
124
5303
144
5304
-1
5305
166
5306
17
5307
6
5308
172
5309
-1
5310
114
5311
42
5312
115
5313
138
5314
-1
5315
142
5316
131
5317
48
5318
116
5319
-1
5320
20
5321
135
5322
172
5323
160
5324
-1
5325
116
5326
15
5327
81
5328
160
5329
-1
5330
127
5331
133
5332
126
5333
7
5334
-1
5335
76
5336
111
5337
106
5338
97
5339
-1
5340
22
5341
126
5342
173
5343
130
5344
-1
5345
3
5346
96
5347
25
5348
69
5349
-1
5350
71
5351
157
5352
127
5353
58
5354
-1
5355
170
5356
29
5357
93
5358
3
5359
-1
5360
168
5361
1
5362
88
5363
36
5364
-1
5365
121
5366
13
5367
131
5368
175
5369
-1
5370
118
5371
105
5372
42
5373
5
5374
-1
5375
2
5376
70
5377
21
5378
31
5379
-1
5380
104
5381
28
5382
49
5383
108
5384
-1
5385
7
5386
92
5387
67
5388
8
5389
-1
5390
59
5391
155
5392
52
5393
47
5394
-1
5395
59
5396
28
5397
147
5398
71
5399
-1
5400
126
5401
82
5402
62
5403
161
5404
-1
5405
52
5406
178
5407
28
5408
119
5409
-1
5410
68
5411
12
5412
11
5413
104
5414
-1
5415
10
5416
129
5417
9
5418
11
5419
-1
5420
43
5421
9
5422
167
5423
176
5424
-1
5425
62
5426
15
5427
108
5428
25
5429
-1
5430
104
5431
102
5432
168
5433
56
5434
-1
5435
154
5436
17
5437
5
5438
55
5439
-1
5440
22
5441
58
5442
23
5443
136
5444
-1
5445
33
5446
27
5447
76
5448
108
5449
-1
5450
72
5451
22
5452
95
5453
143
5454
-1
5455
40
5456
118
5457
15
5458
85
5459
-1
5460
138
5461
147
5462
61
5463
175
5464
-1
5465
65
5466
113
5467
126
5468
125
5469
-1
5470
36
5471
100
5472
95
5473
135
5474
-1
5475
124
5476
175
5477
93
5478
73
5479
-1
5480
105
5481
63
5482
148
5483
155
5484
-1
5485
168
5486
4
5487
130
5488
1
5489
-1
5490
170
5491
32
5492
148
5493
144
5494
-1
5495
110
5496
173
5497
128
5498
86
5499
-1
5500
19
5501
154
5502
155
5503
73
5504
-1
5505
168
5506
26
5507
148
5508
87
5509
-1
5510
95
5511
21
5512
40
5513
46
5514
-1
5515
113
5516
31
5517
4
5518
108
5519
-1
5520
11
5521
96
5522
4
5523
168
5524
-1
5525
28
5526
112
5527
2
5528
1
5529
-1
5530
9
5531
30
5532
176
5533
141
5534
-1
5535
2
5536
110
5537
76
5538
142
5539
-1
5540
115
5541
30
5542
49
5543
127
5544
-1
5545
162
5546
165
5547
127
5548
63
5549
-1
5550
146
5551
165
5552
105
5553
106
5554
-1
5555
126
5556
95
5557
170
5558
2
5559
-1
5560
162
5561
144
5562
57
5563
38
5564
-1
5565
167
5566
25
5567
37
5568
85
5569
-1
5570
106
5571
1
5572
86
5573
73
5574
-1
5575
131
5576
29
5577
12
5578
41
5579
-1
5580
85
5581
68
5582
25
5583
10
5584
-1
5585
107
5586
161
5587
129
5588
87
5589
-1
5590
134
5591
76
5592
177
5593
178
5594
-1
5595
108
5596
15
5597
156
5598
29
5599
-1
5600
6
5601
153
5602
135
5603
72
5604
-1
5605
87
5606
140
5607
37
5608
178
5609
-1
5610
98
5611
94
5612
14
5613
39
5614
-1
5615
155
5616
13
5617
54
5618
80
5619
-1
5620
48
5621
35
5622
37
5623
30
5624
-1
5625
176
5626
150
5627
86
5628
66
5629
-1
5630
139
5631
61
5632
58
5633
103
5634
-1
5635
144
5636
157
5637
130
5638
47
5639
-1
5640
2
5641
65
5642
25
5643
34
5644
-1
5645
43
5646
65
5647
118
5648
151
5649
-1
5650
110
5651
43
5652
171
5653
159
5654
-1
5655
38
5656
46
5657
140
5658
92
5659
-1
5660
56
5661
7
5662
55
5663
52
5664
-1
5665
147
5666
45
5667
20
5668
100
5669
-1
5670
114
5671
4
5672
105
5673
145
5674
-1
5675
96
5676
158
5677
177
5678
38
5679
-1
5680
79
5681
177
5682
151
5683
3
5684
-1
5685
59
5686
149
5687
139
5688
81
5689
-1
5690
113
5691
93
5692
150
5693
44
5694
-1
5695
50
5696
20
5697
144
5698
159
5699
-1
5700
6
5701
81
5702
116
5703
104
5704
-1
5705
146
5706
124
5707
29
5708
71
5709
-1
5710
54
5711
54
5712
0
5713
86
5714
-1
5715
174
5716
165
5717
163
5718
53
5719
-1
5720
30
5721
69
5722
85
5723
39
5724
-1
5725
143
5726
47
5727
177
5728
112
5729
-1
5730
143
5731
130
5732
121
5733
86
5734
-1
5735
31
5736
24
5737
135
5738
75
5739
-1
5740
50
5741
112
5742
42
5743
72
5744
-1
5745
77
5746
94
5747
33
5748
26
5749
-1
5750
2
5751
53
5752
50
5753
34
5754
-1
5755
69
5756
131
5757
55
5758
73
5759
-1
5760
178
5761
169
5762
143
5763
177
5764
-1
5765
116
5766
160
5767
164
5768
119
5769
-1
5770
77
5771
45
5772
164
5773
141
5774
-1
5775
146
5776
175
5777
48
5778
72
5779
-1
5780
27
5781
42
5782
0
5783
177
5784
-1
5785
175
5786
103
5787
42
5788
2
5789
-1
5790
30
5791
16
5792
164
5793
60
5794
-1
5795
4
5796
75
5797
156
5798
170
5799
-1
5800
135
5801
34
5802
89
5803
58
5804
-1
5805
74
5806
90
5807
82
5808
86
5809
-1
5810
63
5811
152
5812
6
5813
36
5814
-1
5815
49
5816
142
5817
76
5818
129
5819
-1
5820
96
5821
123
5822
85
5823
122
5824
-1
5825
123
5826
3
5827
10
5828
73
5829
-1
5830
80
5831
92
5832
141
5833
175
5834
-1
5835
152
5836
69
5837
68
5838
149
5839
-1
5840
100
5841
125
5842
172
5843
113
5844
-1
5845
27
5846
93
5847
32
5848
25
5849
-1
5850
128
5851
105
5852
157
5853
103
5854
-1
5855
171
5856
33
5857
178
5858
46
5859
-1
5860
101
5861
120
5862
34
5863
112
5864
-1
5865
11
5866
138
5867
58
5868
32
5869
-1
5870
73
5871
54
5872
141
5873
126
5874
-1
5875
14
5876
48
5877
91
5878
43
5879
-1
5880
49
5881
13
5882
141
5883
124
5884
-1
5885
136
5886
141
5887
89
5888
169
5889
-1
5890
156
5891
168
5892
129
5893
143
5894
-1
5895
100
5896
158
5897
157
5898
120
5899
-1
5900
29
5901
64
5902
35
5903
46
5904
-1
5905
70
5906
19
5907
126
5908
25
5909
-1
5910
147
5911
28
5912
64
5913
88
5914
-1
5915
14
5916
133
5917
47
5918
8
5919
-1
5920
78
5921
103
5922
22
5923
75
5924
-1
5925
29
5926
14
5927
143
5928
121
5929
-1
5930
80
5931
20
5932
25
5933
37
5934
-1
5935
140
5936
78
5937
64
5938
49
5939
-1
5940
176
5941
76
5942
60
5943
106
5944
-1
5945
71
5946
73
5947
173
5948
5
5949
-1
5950
114
5951
151
5952
72
5953
145
5954
-1
5955
35
5956
76
5957
106
5958
117
5959
-1
5960
28
5961
172
5962
88
5963
99
5964
-1
5965
60
5966
62
5967
67
5968
79
5969
-1
5970
84
5971
97
5972
147
5973
73
5974
-1
5975
98
5976
42
5977
70
5978
178
5979
-1
5980
30
5981
33
5982
43
5983
124
5984
-1
5985
33
5986
92
5987
8
5988
49
5989
-1
5990
6
5991
70
5992
169
5993
114
5994
-1
5995
47
5996
150
5997
39
5998
20
5999
-1
6000
109
6001
40
6002
12
6003
0
6004
-1
6005
79
6006
96
6007
72
6008
92
6009
-1
6010
145
6011
155
6012
110
6013
10
6014
-1
6015
152
6016
126
6017
122
6018
131
6019
-1
6020
65
6021
43
6022
149
6023
14
6024
-1
6025
17
6026
163
6027
167
6028
152
6029
-1
6030
121
6031
125
6032
134
6033
176
6034
-1
6035
15
6036
125
6037
120
6038
53
6039
-1
6040
58
6041
131
6042
72
6043
170
6044
-1
6045
89
6046
53
6047
7
6048
46
6049
-1
6050
157
6051
6
6052
63
6053
53
6054
-1
6055
82
6056
126
6057
123
6058
146
6059
-1
6060
75
6061
25
6062
10
6063
88
6064
-1
6065
138
6066
25
6067
66
6068
6
6069
-1
6070
29
6071
19
6072
68
6073
140
6074
-1
6075
9
6076
84
6077
63
6078
2
6079
-1
6080
71
6081
133
6082
10
6083
16
6084
-1
6085
11
6086
116
6087
15
6088
88
6089
-1
6090
177
6091
1
6092
17
6093
60
6094
-1
6095
97
6096
96
6097
15
6098
78
6099
-1
6100
83
6101
177
6102
129
6103
164
6104
-1
6105
147
6106
6
6107
77
6108
143
6109
-1
6110
25
6111
165
6112
72
6113
131
6114
-1
6115
58
6116
52
6117
129
6118
27
6119
-1
6120
12
6121
128
6122
7
6123
161
6124
-1
6125
87
6126
92
6127
168
6128
2
6129
-1
6130
87
6131
50
6132
78
6133
172
6134
-1
6135
70
6136
34
6137
140
6138
170
6139
-1
6140
105
6141
18
6142
34
6143
111
6144
-1
6145
62
6146
119
6147
63
6148
36
6149
-1
6150
166
6151
34
6152
97
6153
173
6154
-1
6155
159
6156
142
6157
1
6158
46
6159
-1
6160
71
6161
163
6162
40
6163
14
6164
-1
6165
23
6166
166
6167
98
6168
156
6169
-1
6170
176
6171
84
6172
91
6173
141
6174
-1
6175
150
6176
147
6177
170
6178
147
6179
-1
6180
178
6181
72
6182
166
6183
14
6184
-1
6185
84
6186
92
6187
55
6188
70
6189
-1
6190
95
6191
120
6192
138
6193
159
6194
-1
6195
97
6196
25
6197
177
6198
107
6199
-1
6200
25
6201
53
6202
94
6203
82
6204
-1
6205
135
6206
163
6207
148
6208
126
6209
-1
6210
115
6211
44
6212
23
6213
60
6214
-1
6215
136
6216
58
6217
12
6218
3
6219
-1
6220
42
6221
103
6222
73
6223
123
6224
-1
6225
71
6226
59
6227
103
6228
92
6229
-1
6230
30
6231
51
6232
159
6233
54
6234
-1
6235
59
6236
151
6237
179
6238
86
6239
-1
6240
1
6241
125
6242
138
6243
158
6244
-1
6245
32
6246
28
6247
103
6248
115
6249
-1
6250
39
6251
154
6252
81
6253
172
6254
-1
6255
44
6256
24
6257
37
6258
27
6259
-1
6260
125
6261
17
6262
102
6263
102
6264
-1
6265
131
6266
9
6267
44
6268
43
6269
-1
6270
87
6271
55
6272
55
6273
141
6274
-1
6275
171
6276
144
6277
168
6278
22
6279
-1
6280
122
6281
59
6282
129
6283
77
6284
-1
6285
161
6286
163
6287
82
6288
113
6289
-1
6290
171
6291
74
6292
148
6293
59
6294
-1
6295
178
6296
133
6297
71
6298
142
6299
-1
6300
178
6301
2
6302
29
6303
151
6304
-1
6305
110
6306
10
6307
87
6308
49
6309
-1
6310
86
6311
65
6312
145
6313
88
6314
-1
6315
120
6316
164
6317
4
6318
132
6319
-1
6320
118
6321
114
6322
9
6323
170
6324
-1
6325
35
6326
17
6327
50
6328
99
6329
-1
6330
91
6331
21
6332
68
6333
145
6334
-1
6335
92
6336
19
6337
3
6338
2
6339
-1
6340
87
6341
35
6342
19
6343
168
6344
-1
6345
105
6346
8
6347
123
6348
162
6349
-1
6350
129
6351
169
6352
65
6353
86
6354
-1
6355
16
6356
45
6357
73
6358
124
6359
-1
6360
94
6361
82
6362
72
6363
29
6364
-1
6365
160
6366
103
6367
161
6368
87
6369
-1
6370
46
6371
118
6372
2
6373
46
6374
-1
6375
134
6376
47
6377
39
6378
121
6379
-1
6380
35
6381
142
6382
143
6383
37
6384
-1
6385
73
6386
63
6387
85
6388
158
6389
-1
6390
134
6391
148
6392
46
6393
84
6394
-1
6395
163
6396
60
6397
76
6398
60
6399
-1
6400
35
6401
83
6402
32
6403
168
6404
-1
6405
85
6406
155
6407
133
6408
48
6409
-1
6410
165
6411
168
6412
123
6413
177
6414
-1
6415
26
6416
8
6417
51
6418
95
6419
-1
6420
8
6421
163
6422
175
6423
51
6424
-1
6425
147
6426
176
6427
154
6428
38
6429
-1
6430
12
6431
69
6432
158
6433
24
6434
-1
6435
84
6436
155
6437
8
6438
173
6439
-1
6440
32
6441
9
6442
65
6443
43
6444
-1
6445
144
6446
133
6447
24
6448
22
6449
-1
6450
27
6451
117
6452
7
6453
148
6454
-1
6455
19
6456
161
6457
119
6458
71
6459
-1
6460
67
6461
0
6462
72
6463
103
6464
-1
6465
31
6466
14
6467
123
6468
141
6469
-1
6470
75
6471
92
6472
58
6473
174
6474
-1
6475
89
6476
29
6477
122
6478
144
6479
-1
6480
178
6481
17
6482
92
6483
47
6484
-1
6485
18
6486
132
6487
37
6488
78
6489
-1
6490
36
6491
170
6492
165
6493
90
6494
-1
6495
81
6496
54
6497
27
6498
74
6499
-1
6500
49
6501
100
6502
170
6503
162
6504
-1
6505
155
6506
124
6507
65
6508
69
6509
-1
6510
179
6511
169
6512
113
6513
25
6514
-1
6515
124
6516
80
6517
13
6518
115
6519
-1
6520
100
6521
161
6522
4
6523
89
6524
-1
6525
41
6526
41
6527
157
6528
127
6529
-1
6530
142
6531
93
6532
107
6533
179
6534
-1
6535
144
6536
117
6537
160
6538
57
6539
-1
6540
159
6541
74
6542
178
6543
171
6544
-1
6545
28
6546
6
6547
7
6548
50
6549
-1
6550
91
6551
159
6552
141
6553
102
6554
-1
6555
149
6556
120
6557
31
6558
99
6559
-1
6560
52
6561
49
6562
52
6563
17
6564
-1
6565
47
6566
1
6567
89
6568
123
6569
-1
6570
140
6571
143
6572
113
6573
149
6574
-1
6575
174
6576
94
6577
21
6578
54
6579
-1
6580
83
6581
40
6582
78
6583
61
6584
-1
6585
73
6586
10
6587
119
6588
89
6589
-1
6590
73
6591
158
6592
146
6593
130
6594
-1
6595
114
6596
87
6597
98
6598
100
6599
-1
6600
119
6601
82
6602
18
6603
122
6604
-1
6605
134
6606
85
6607
137
6608
6
6609
-1
6610
108
6611
63
6612
139
6613
131
6614
-1
6615
164
6616
97
6617
53
6618
16
6619
-1
6620
140
6621
170
6622
149
6623
120
6624
-1
6625
173
6626
71
6627
87
6628
73
6629
-1
6630
102
6631
162
6632
148
6633
121
6634
-1
6635
115
6636
147
6637
53
6638
118
6639
-1
6640
2
6641
113
6642
39
6643
122
6644
-1
6645
162
6646
44
6647
7
6648
118
6649
-1
6650
78
6651
171
6652
24
6653
73
6654
-1
6655
151
6656
146
6657
99
6658
118
6659
-1
6660
80
6661
70
6662
108
6663
53
6664
-1
6665
139
6666
82
6667
129
6668
168
6669
-1
6670
23
6671
25
6672
106
6673
72
6674
-1
6675
108
6676
5
6677
33
6678
20
6679
-1
6680
24
6681
107
6682
89
6683
70
6684
-1
6685
47
6686
135
6687
155
6688
171
6689
-1
6690
65
6691
113
6692
79
6693
53
6694
-1
6695
173
6696
58
6697
58
6698
36
6699
-1
6700
11
6701
22
6702
137
6703
15
6704
-1
6705
124
6706
8
6707
77
6708
88
6709
-1
6710
67
6711
122
6712
163
6713
135
6714
-1
6715
5
6716
38
6717
112
6718
166
6719
-1
6720
98
6721
9
6722
132
6723
3
6724
-1
6725
167
6726
144
6727
41
6728
72
6729
-1
6730
152
6731
117
6732
81
6733
164
6734
-1
6735
71
6736
6
6737
25
6738
126
6739
-1
6740
124
6741
14
6742
113
6743
170
6744
-1
6745
14
6746
84
6747
115
6748
59
6749
-1
6750
137
6751
73
6752
143
6753
17
6754
-1
6755
63
6756
77
6757
123
6758
142
6759
-1
6760
76
6761
54
6762
103
6763
114
6764
-1
6765
123
6766
153
6767
107
6768
6
6769
-1
6770
155
6771
146
6772
105
6773
124
6774
-1
6775
129
6776
124
6777
143
6778
50
6779
-1
6780
44
6781
156
6782
26
6783
155
6784
-1
6785
25
6786
54
6787
164
6788
103
6789
-1
6790
114
6791
34
6792
141
6793
49
6794
-1
6795
15
6796
149
6797
154
6798
115
6799
-1
6800
43
6801
41
6802
9
6803
119
6804
-1
6805
14
6806
0
6807
47
6808
104
6809
-1
6810
72
6811
5
6812
65
6813
4
6814
-1
6815
153
6816
8
6817
74
6818
153
6819
-1
6820
155
6821
28
6822
125
6823
149
6824
-1
6825
92
6826
119
6827
103
6828
154
6829
-1
6830
38
6831
165
6832
157
6833
142
6834
-1
6835
130
6836
63
6837
118
6838
100
6839
-1
6840
9
6841
101
6842
110
6843
18
6844
-1
6845
9
6846
154
6847
172
6848
71
6849
-1
6850
2
6851
96
6852
108
6853
99
6854
-1
6855
75
6856
81
6857
6
6858
131
6859
-1
6860
53
6861
144
6862
23
6863
31
6864
-1
6865
121
6866
106
6867
116
6868
136
6869
-1
6870
50
6871
13
6872
161
6873
53
6874
-1
6875
149
6876
156
6877
139
6878
78
6879
-1
6880
170
6881
151
6882
154
6883
137
6884
-1
6885
63
6886
17
6887
141
6888
119
6889
-1
6890
2
6891
23
6892
50
6893
161
6894
-1
6895
176
6896
136
6897
12
6898
141
6899
-1
6900
122
6901
72
6902
125
6903
143
6904
-1
6905
18
6906
151
6907
95
6908
149
6909
-1
6910
38
6911
50
6912
142
6913
29
6914
-1
6915
131
6916
122
6917
42
6918
37
6919
-1
6920
154
6921
78
6922
23
6923
19
6924
-1
6925
6
6926
53
6927
42
6928
68
6929
-1
6930
67
6931
65
6932
128
6933
28
6934
-1
6935
107
6936
120
6937
152
6938
165
6939
-1
6940
63
6941
105
6942
71
6943
109
6944
-1
6945
59
6946
62
6947
144
6948
20
6949
-1
6950
2
6951
38
6952
154
6953
133
6954
-1
6955
118
6956
96
6957
151
6958
60
6959
-1
6960
14
6961
7
6962
120
6963
15
6964
-1
6965
116
6966
101
6967
97
6968
45
6969
-1
6970
147
6971
112
6972
65
6973
27
6974
-1
6975
113
6976
169
6977
151
6978
102
6979
-1
6980
135
6981
49
6982
50
6983
9
6984
-1
6985
59
6986
163
6987
118
6988
117
6989
-1
6990
62
6991
31
6992
145
6993
20
6994
-1
6995
39
6996
12
6997
126
6998
60
6999
-1
7000
61
7001
142
7002
17
7003
53
7004
-1
7005
103
7006
37
7007
22
7008
135
7009
-1
7010
57
7011
132
7012
162
7013
98
7014
-1
7015
105
7016
152
7017
111
7018
173
7019
-1
7020
171
7021
50
7022
163
7023
1
7024
-1
7025
148
7026
118
7027
136
7028
51
7029
-1
7030
169
7031
33
7032
22
7033
63
7034
-1
7035
3
7036
64
7037
62
7038
158
7039
-1
7040
133
7041
70
7042
176
7043
156
7044
-1
7045
97
7046
72
7047
119
7048
82
7049
-1
7050
105
7051
33
7052
24
7053
70
7054
-1
7055
57
7056
144
7057
108
7058
62
7059
-1
7060
175
7061
44
7062
172
7063
33
7064
-1
7065
58
7066
98
7067
50
7068
71
7069
-1
7070
166
7071
33
7072
131
7073
47
7074
-1
7075
106
7076
53
7077
144
7078
103
7079
-1
7080
40
7081
51
7082
169
7083
152
7084
-1
7085
155
7086
146
7087
70
7088
155
7089
-1
7090
17
7091
158
7092
51
7093
42
7094
-1
7095
84
7096
176
7097
35
7098
161
7099
-1
7100
149
7101
149
7102
59
7103
153
7104
-1
7105
138
7106
86
7107
27
7108
58
7109
-1
7110
137
7111
131
7112
11
7113
124
7114
-1
7115
163
7116
131
7117
52
7118
47
7119
-1
7120
78
7121
101
7122
31
7123
33
7124
-1
7125
42
7126
77
7127
117
7128
42
7129
-1
7130
175
7131
171
7132
164
7133
33
7134
-1
7135
66
7136
122
7137
117
7138
70
7139
-1
7140
112
7141
60
7142
123
7143
140
7144
-1
7145
26
7146
34
7147
97
7148
85
7149
-1
7150
82
7151
76
7152
139
7153
153
7154
-1
7155
150
7156
159
7157
11
7158
166
7159
-1
7160
21
7161
150
7162
152
7163
116
7164
-1
7165
135
7166
32
7167
177
7168
116
7169
-1
7170
145
7171
122
7172
67
7173
89
7174
-1
7175
96
7176
136
7177
61
7178
144
7179
-1
7180
171
7181
37
7182
8
7183
115
7184
-1
7185
74
7186
36
7187
172
7188
90
7189
-1
7190
95
7191
151
7192
153
7193
65
7194
-1
7195
94
7196
146
7197
76
7198
60
7199
-1
7200
94
7201
113
7202
69
7203
70
7204
-1
7205
31
7206
71
7207
100
7208
130
7209
-1
7210
79
7211
122
7212
115
7213
1
7214
-1
7215
172
7216
49
7217
35
7218
171
7219
-1
7220
129
7221
73
7222
82
7223
47
7224
-1
7225
65
7226
133
7227
24
7228
157
7229
-1
7230
65
7231
58
7232
9
7233
172
7234
-1
7235
70
7236
24
7237
160
7238
93
7239
-1
7240
175
7241
28
7242
3
7243
10
7244
-1
7245
58
7246
53
7247
115
7248
143
7249
-1
7250
17
7251
34
7252
1
7253
56
7254
-1
7255
26
7256
114
7257
102
7258
85
7259
-1
7260
51
7261
21
7262
58
7263
102
7264
-1
7265
80
7266
179
7267
167
7268
167
7269
-1
7270
136
7271
77
7272
176
7273
90
7274
-1
7275
14
7276
26
7277
104
7278
82
7279
-1
7280
32
7281
115
7282
33
7283
66
7284
-1
7285
94
7286
85
7287
151
7288
144
7289
-1
7290
145
7291
147
7292
165
7293
38
7294
-1
7295
132
7296
50
7297
97
7298
30
7299
-1
7300
158
7301
25
7302
56
7303
137
7304
-1
7305
3
7306
117
7307
141
7308
47
7309
-1
7310
142
7311
72
7312
120
7313
155
7314
-1
7315
44
7316
11
7317
162
7318
6
7319
-1
7320
1
7321
15
7322
8
7323
35
7324
-1
7325
146
7326
53
7327
49
7328
167
7329
-1
7330
66
7331
81
7332
73
7333
98
7334
-1
7335
169
7336
70
7337
103
7338
45
7339
-1
7340
112
7341
133
7342
178
7343
179
7344
-1
7345
103
7346
147
7347
80
7348
150
7349
-1
7350
167
7351
174
7352
146
7353
75
7354
-1
7355
119
7356
113
7357
112
7358
80
7359
-1
7360
104
7361
24
7362
41
7363
151
7364
-1
7365
147
7366
136
7367
178
7368
152
7369
-1
7370
103
7371
166
7372
167
7373
67
7374
-1
7375
167
7376
23
7377
33
7378
176
7379
-1
7380
69
7381
162
7382
18
7383
175
7384
-1
7385
109
7386
139
7387
127
7388
46
7389
-1
7390
135
7391
12
7392
92
7393
151
7394
-1
7395
40
7396
105
7397
155
7398
55
7399
-1
7400
13
7401
156
7402
14
7403
23
7404
-1
7405
24
7406
110
7407
137
7408
108
7409
-1
7410
51
7411
90
7412
102
7413
116
7414
-1
7415
107
7416
81
7417
145
7418
82
7419
-1
7420
139
7421
92
7422
142
7423
172
7424
-1
7425
31
7426
142
7427
174
7428
87
7429
-1
7430
131
7431
158
7432
94
7433
59
7434
-1
7435
97
7436
168
7437
17
7438
86
7439
-1
7440
138
7441
3
7442
155
7443
112
7444
-1
7445
82
7446
52
7447
4
7448
62
7449
-1
7450
39
7451
0
7452
164
7453
162
7454
-1
7455
137
7456
49
7457
107
7458
130
7459
-1
7460
114
7461
9
7462
29
7463
29
7464
-1
7465
146
7466
81
7467
174
7468
173
7469
-1
7470
173
7471
131
7472
9
7473
77
7474
-1
7475
132
7476
134
7477
32
7478
119
7479
-1
7480
54
7481
140
7482
145
7483
66
7484
-1
7485
25
7486
3
7487
55
7488
18
7489
-1
7490
139
7491
56
7492
171
7493
100
7494
-1
7495
0
7496
112
7497
148
7498
68
7499
-1
7500
166
7501
69
7502
151
7503
158
7504
-1
7505
105
7506
39
7507
36
7508
0
7509
-1
7510
125
7511
90
7512
141
7513
42
7514
-1
7515
118
7516
177
7517
80
7518
110
7519
-1
7520
140
7521
83
7522
172
7523
15
7524
-1
7525
21
7526
38
7527
58
7528
4
7529
-1
7530
34
7531
16
7532
177
7533
57
7534
-1
7535
100
7536
154
7537
114
7538
93
7539
-1
7540
138
7541
92
7542
56
7543
43
7544
-1
7545
35
7546
58
7547
83
7548
109
7549
-1
7550
136
7551
110
7552
73
7553
67
7554
-1
7555
168
7556
92
7557
174
7558
4
7559
-1
7560
176
7561
109
7562
116
7563
74
7564
-1
7565
122
7566
94
7567
151
7568
111
7569
-1
7570
136
7571
167
7572
25
7573
124
7574
-1
7575
112
7576
85
7577
10
7578
3
7579
-1
7580
162
7581
50
7582
66
7583
156
7584
-1
7585
62
7586
128
7587
4
7588
36
7589
-1
7590
156
7591
134
7592
140
7593
40
7594
-1
7595
20
7596
116
7597
153
7598
148
7599
-1
7600
65
7601
25
7602
92
7603
64
7604
-1
7605
87
7606
16
7607
150
7608
60
7609
-1
7610
119
7611
109
7612
98
7613
11
7614
-1
7615
92
7616
125
7617
147
7618
5
7619
-1
7620
38
7621
104
7622
79
7623
83
7624
-1
7625
145
7626
161
7627
30
7628
113
7629
-1
7630
70
7631
86
7632
166
7633
140
7634
-1
7635
148
7636
126
7637
136
7638
90
7639
-1
7640
65
7641
133
7642
64
7643
21
7644
-1
7645
70
7646
169
7647
119
7648
41
7649
-1
7650
57
7651
36
7652
88
7653
26
7654
-1
7655
175
7656
132
7657
110
7658
176
7659
-1
7660
7
7661
140
7662
37
7663
56
7664
-1
7665
72
7666
26
7667
144
7668
58
7669
-1
7670
142
7671
8
7672
99
7673
36
7674
-1
7675
108
7676
127
7677
100
7678
80
7679
-1
7680
26
7681
49
7682
69
7683
58
7684
-1
7685
88
7686
63
7687
2
7688
15
7689
-1
7690
150
7691
21
7692
50
7693
91
7694
-1
7695
123
7696
13
7697
56
7698
112
7699
-1
7700
41
7701
76
7702
170
7703
122
7704
-1
7705
77
7706
96
7707
135
7708
68
7709
-1
7710
147
7711
138
7712
94
7713
38
7714
-1
7715
113
7716
63
7717
138
7718
43
7719
-1
7720
10
7721
3
7722
26
7723
54
7724
-1
7725
129
7726
37
7727
151
7728
149
7729
-1
7730
64
7731
157
7732
103
7733
2
7734
-1
7735
66
7736
78
7737
93
7738
145
7739
-1
7740
141
7741
68
7742
109
7743
178
7744
-1
7745
39
7746
24
7747
105
7748
121
7749
-1
7750
155
7751
110
7752
141
7753
134
7754
-1
7755
24
7756
165
7757
133
7758
25
7759
-1
7760
153
7761
42
7762
51
7763
1
7764
-1
7765
151
7766
127
7767
129
7768
16
7769
-1
7770
158
7771
92
7772
53
7773
26
7774
-1
7775
103
7776
5
7777
14
7778
31
7779
-1
7780
156
7781
50
7782
101
7783
25
7784
-1
7785
137
7786
141
7787
98
7788
32
7789
-1
7790
113
7791
41
7792
146
7793
13
7794
-1
7795
104
7796
165
7797
36
7798
171
7799
-1
7800
72
7801
109
7802
127
7803
144
7804
-1
7805
122
7806
9
7807
71
7808
49
7809
-1
7810
101
7811
97
7812
172
7813
122
7814
-1
7815
96
7816
179
7817
126
7818
176
7819
-1
7820
24
7821
42
7822
71
7823
84
7824
-1
7825
33
7826
0
7827
125
7828
45
7829
-1
7830
157
7831
60
7832
31
7833
114
7834
-1
7835
165
7836
135
7837
60
7838
0
7839
-1
7840
157
7841
133
7842
7
7843
11
7844
-1
7845
137
7846
145
7847
101
7848
42
7849
-1
7850
24
7851
68
7852
56
7853
126
7854
-1
7855
48
7856
26
7857
150
7858
9
7859
-1
7860
100
7861
164
7862
169
7863
22
7864
-1
7865
118
7866
48
7867
151
7868
24
7869
-1
7870
1
7871
55
7872
157
7873
22
7874
-1
7875
109
7876
116
7877
97
7878
32
7879
-1
7880
166
7881
93
7882
140
7883
66
7884
-1
7885
120
7886
154
7887
32
7888
179
7889
-1
7890
110
7891
131
7892
125
7893
142
7894
-1
7895
82
7896
104
7897
168
7898
28
7899
-1
7900
107
7901
117
7902
22
7903
116
7904
-1
7905
43
7906
161
7907
109
7908
29
7909
-1
7910
163
7911
146
7912
166
7913
138
7914
-1
7915
33
7916
100
7917
96
7918
88
7919
-1
7920
149
7921
133
7922
168
7923
164
7924
-1
7925
176
7926
166
7927
100
7928
134
7929
-1
7930
65
7931
94
7932
176
7933
23
7934
-1
7935
18
7936
174
7937
26
7938
19
7939
-1
7940
128
7941
44
7942
108
7943
141
7944
-1
7945
0
7946
45
7947
88
7948
142
7949
-1
7950
167
7951
153
7952
102
7953
61
7954
-1
7955
23
7956
1
7957
62
7958
8
7959
-1
7960
113
7961
126
7962
160
7963
48
7964
-1
7965
135
7966
62
7967
172
7968
85
7969
-1
7970
10
7971
154
7972
67
7973
14
7974
-1
7975
154
7976
158
7977
155
7978
60
7979
-1
7980
153
7981
93
7982
13
7983
76
7984
-1
7985
122
7986
138
7987
110
7988
29
7989
-1
7990
65
7991
96
7992
82
7993
134
7994
-1
7995
156
7996
100
7997
1
7998
156
7999
-1
