********************************************************************************
The planted motif0 is:
AAAGTGCTGTTTGTG
0
-1
1
-1
2
-1
3
-1
4
-1
5
-1
6
-1
7
-1
8
-1
9
-1
10
-1
11
-1
12
-1
13
-1
14
-1
15
-1
16
-1
17
-1
18
-1
19
-1
20
-1
21
-1
22
-1
23
-1
24
-1
25
-1
26
-1
27
-1
28
-1
29
-1
30
-1
31
-1
32
-1
33
-1
34
-1
35
-1
36
-1
37
-1
38
-1
39
-1
40
-1
41
-1
42
-1
43
-1
44
-1
45
-1
46
-1
47
-1
48
-1
49
-1
50
-1
51
-1
52
-1
53
-1
54
-1
55
-1
56
-1
57
-1
58
-1
59
-1
60
-1
61
-1
62
-1
63
-1
64
-1
65
-1
66
-1
67
-1
68
-1
69
-1
70
-1
71
-1
72
-1
73
-1
74
-1
75
-1
76
-1
77
-1
78
-1
79
-1
80
-1
81
-1
82
-1
83
-1
84
-1
85
-1
86
-1
87
-1
88
-1
89
-1
90
-1
91
-1
92
-1
93
-1
94
-1
95
-1
96
-1
97
-1
98
-1
99
-1
100
-1
101
-1
102
-1
103
-1
104
-1
105
-1
106
-1
107
-1
108
-1
109
-1
110
-1
111
-1
112
-1
113
-1
114
-1
115
-1
116
-1
117
-1
118
-1
119
-1
120
-1
121
-1
122
-1
123
-1
124
-1
125
-1
126
-1
127
-1
128
-1
129
-1
130
-1
131
-1
132
-1
133
-1
134
-1
135
-1
136
-1
137
-1
138
-1
139
-1
140
-1
141
-1
142
-1
143
-1
144
-1
145
-1
146
-1
147
-1
148
-1
149
-1
150
-1
151
-1
152
-1
153
-1
154
-1
155
-1
156
-1
157
-1
158
-1
159
-1
160
-1
161
-1
162
-1
163
-1
164
-1
165
-1
166
-1
167
-1
168
-1
169
-1
170
-1
171
-1
172
-1
173
-1
174
-1
175
-1
176
-1
177
-1
178
-1
179
-1
180
-1
181
-1
182
-1
183
-1
184
-1
185
-1
186
-1
187
-1
188
-1
189
-1
190
-1
191
-1
192
-1
193
-1
194
-1
195
-1
196
-1
197
-1
198
-1
199
-1
200
-1
201
-1
202
-1
203
-1
204
-1
205
-1
206
-1
207
-1
208
-1
209
-1
210
-1
211
-1
212
-1
213
-1
214
-1
215
-1
216
-1
217
-1
218
-1
219
-1
220
-1
221
-1
222
-1
223
-1
224
-1
225
-1
226
-1
227
-1
228
-1
229
-1
230
-1
231
-1
232
-1
233
-1
234
-1
235
-1
236
-1
237
-1
238
-1
239
-1
240
-1
241
-1
242
-1
243
-1
244
-1
245
-1
246
-1
247
-1
248
-1
249
-1
250
-1
251
-1
252
-1
253
-1
254
-1
255
-1
256
-1
257
-1
258
-1
259
-1
260
-1
261
-1
262
-1
263
-1
264
-1
265
-1
266
-1
267
-1
268
-1
269
-1
270
-1
271
-1
272
-1
273
-1
274
-1
275
-1
276
-1
277
-1
278
-1
279
-1
280
-1
281
-1
282
-1
283
-1
284
-1
285
-1
286
-1
287
-1
288
-1
289
-1
290
-1
291
-1
292
-1
293
-1
294
-1
295
-1
296
-1
297
-1
298
-1
299
-1
300
-1
301
-1
302
-1
303
-1
304
-1
305
-1
306
-1
307
-1
308
-1
309
-1
310
-1
311
-1
312
-1
313
-1
314
-1
315
-1
316
-1
317
-1
318
-1
319
-1
320
-1
321
-1
322
-1
323
-1
324
-1
325
-1
326
-1
327
-1
328
-1
329
-1
330
-1
331
-1
332
-1
333
-1
334
-1
335
-1
336
-1
337
-1
338
-1
339
-1
340
-1
341
-1
342
-1
343
-1
344
-1
345
-1
346
-1
347
-1
348
-1
349
-1
350
-1
351
-1
352
-1
353
-1
354
-1
355
-1
356
-1
357
-1
358
-1
359
-1
360
-1
361
-1
362
-1
363
-1
364
-1
365
-1
366
-1
367
-1
368
-1
369
-1
370
-1
371
-1
372
-1
373
-1
374
-1
375
-1
376
-1
377
-1
378
-1
379
-1
380
-1
381
-1
382
-1
383
-1
384
-1
385
-1
386
-1
387
-1
388
-1
389
-1
390
-1
391
-1
392
-1
393
-1
394
-1
395
-1
396
-1
397
-1
398
-1
399
-1
400
-1
401
-1
402
-1
403
-1
404
-1
405
-1
406
-1
407
-1
408
-1
409
-1
410
-1
411
-1
412
-1
413
-1
414
-1
415
-1
416
-1
417
-1
418
-1
419
-1
420
-1
421
-1
422
-1
423
-1
424
-1
425
-1
426
-1
427
-1
428
-1
429
-1
430
-1
431
-1
432
-1
433
-1
434
-1
435
-1
436
-1
437
-1
438
-1
439
-1
440
-1
441
-1
442
-1
443
-1
444
-1
445
-1
446
-1
447
-1
448
-1
449
-1
450
-1
451
-1
452
-1
453
-1
454
-1
455
-1
456
-1
457
-1
458
-1
459
-1
460
-1
461
-1
462
-1
463
-1
464
-1
465
-1
466
-1
467
-1
468
-1
469
-1
470
-1
471
-1
472
-1
473
-1
474
-1
475
-1
476
-1
477
-1
478
-1
479
-1
480
-1
481
-1
482
-1
483
-1
484
-1
485
-1
486
-1
487
-1
488
-1
489
-1
490
-1
491
-1
492
-1
493
-1
494
-1
495
-1
496
-1
497
-1
498
-1
499
-1
500
-1
501
-1
502
-1
503
-1
504
-1
505
-1
506
-1
507
-1
508
-1
509
-1
510
-1
511
-1
512
-1
513
-1
514
-1
515
-1
516
-1
517
-1
518
-1
519
-1
520
-1
521
-1
522
-1
523
-1
524
-1
525
-1
526
-1
527
-1
528
-1
529
-1
530
-1
531
-1
532
-1
533
-1
534
-1
535
-1
536
-1
537
-1
538
-1
539
-1
540
-1
541
-1
542
-1
543
-1
544
-1
545
-1
546
-1
547
-1
548
-1
549
-1
550
-1
551
-1
552
-1
553
-1
554
-1
555
-1
556
-1
557
-1
558
-1
559
-1
560
-1
561
-1
562
-1
563
-1
564
-1
565
-1
566
-1
567
-1
568
-1
569
-1
570
-1
571
-1
572
-1
573
-1
574
-1
575
-1
576
-1
577
-1
578
-1
579
-1
580
-1
581
-1
582
-1
583
-1
584
-1
585
-1
586
-1
587
-1
588
-1
589
-1
590
-1
591
-1
592
-1
593
-1
594
-1
595
-1
596
-1
597
-1
598
-1
599
-1
600
-1
601
-1
602
-1
603
-1
604
-1
605
-1
606
-1
607
-1
608
-1
609
-1
610
-1
611
-1
612
-1
613
-1
614
-1
615
-1
616
-1
617
-1
618
-1
619
-1
620
-1
621
-1
622
-1
623
-1
624
-1
625
-1
626
-1
627
-1
628
-1
629
-1
630
-1
631
-1
632
-1
633
-1
634
-1
635
-1
636
-1
637
-1
638
-1
639
-1
640
-1
641
-1
642
-1
643
-1
644
-1
645
-1
646
-1
647
-1
648
-1
649
-1
650
-1
651
-1
652
-1
653
-1
654
-1
655
-1
656
-1
657
-1
658
-1
659
-1
660
-1
661
-1
662
-1
663
-1
664
-1
665
-1
666
-1
667
-1
668
-1
669
-1
670
-1
671
-1
672
-1
673
-1
674
-1
675
-1
676
-1
677
-1
678
-1
679
-1
680
-1
681
-1
682
-1
683
-1
684
-1
685
-1
686
-1
687
-1
688
-1
689
-1
690
-1
691
-1
692
-1
693
-1
694
-1
695
-1
696
-1
697
-1
698
-1
699
-1
700
-1
701
-1
702
-1
703
-1
704
-1
705
-1
706
-1
707
-1
708
-1
709
-1
710
-1
711
-1
712
-1
713
-1
714
-1
715
-1
716
-1
717
-1
718
-1
719
-1
720
-1
721
-1
722
-1
723
-1
724
-1
725
-1
726
-1
727
-1
728
-1
729
-1
730
-1
731
-1
732
-1
733
-1
734
-1
735
-1
736
-1
737
-1
738
-1
739
-1
740
-1
741
-1
742
-1
743
-1
744
-1
745
-1
746
-1
747
-1
748
-1
749
-1
750
-1
751
-1
752
-1
753
-1
754
-1
755
-1
756
-1
757
-1
758
-1
759
-1
760
-1
761
-1
762
-1
763
-1
764
-1
765
-1
766
-1
767
-1
768
-1
769
-1
770
-1
771
-1
772
-1
773
-1
774
-1
775
-1
776
-1
777
-1
778
-1
779
-1
780
-1
781
-1
782
-1
783
-1
784
-1
785
-1
786
-1
787
-1
788
-1
789
-1
790
-1
791
-1
792
-1
793
-1
794
-1
795
-1
796
-1
797
-1
798
-1
799
-1
800
-1
801
-1
802
-1
803
-1
804
-1
805
-1
806
-1
807
-1
808
-1
809
-1
810
-1
811
-1
812
-1
813
-1
814
-1
815
-1
816
-1
817
-1
818
-1
819
-1
820
-1
821
-1
822
-1
823
-1
824
-1
825
-1
826
-1
827
-1
828
-1
829
-1
830
-1
831
-1
832
-1
833
-1
834
-1
835
-1
836
-1
837
-1
838
-1
839
-1
840
-1
841
-1
842
-1
843
-1
844
-1
845
-1
846
-1
847
-1
848
-1
849
-1
850
-1
851
-1
852
-1
853
-1
854
-1
855
-1
856
-1
857
-1
858
-1
859
-1
860
-1
861
-1
862
-1
863
-1
864
-1
865
-1
866
-1
867
-1
868
-1
869
-1
870
-1
871
-1
872
-1
873
-1
874
-1
875
-1
876
-1
877
-1
878
-1
879
-1
880
-1
881
-1
882
-1
883
-1
884
-1
885
-1
886
-1
887
-1
888
-1
889
-1
890
-1
891
-1
892
-1
893
-1
894
-1
895
-1
896
-1
897
-1
898
-1
899
-1
900
-1
901
-1
902
-1
903
-1
904
-1
905
-1
906
-1
907
-1
908
-1
909
-1
910
-1
911
-1
912
-1
913
-1
914
-1
915
-1
916
-1
917
-1
918
-1
919
-1
920
-1
921
-1
922
-1
923
-1
924
-1
925
-1
926
-1
927
-1
928
-1
929
-1
930
-1
931
-1
932
-1
933
-1
934
-1
935
-1
936
-1
937
-1
938
-1
939
-1
940
-1
941
-1
942
-1
943
-1
944
-1
945
-1
946
-1
947
-1
948
-1
949
-1
950
-1
951
-1
952
-1
953
-1
954
-1
955
-1
956
-1
957
-1
958
-1
959
-1
960
-1
961
-1
962
-1
963
-1
964
-1
965
-1
966
-1
967
-1
968
-1
969
-1
970
-1
971
-1
972
-1
973
-1
974
-1
975
-1
976
-1
977
-1
978
-1
979
-1
980
-1
981
-1
982
-1
983
-1
984
-1
985
-1
986
-1
987
-1
988
-1
989
-1
990
-1
991
-1
992
-1
993
-1
994
-1
995
-1
996
-1
997
-1
998
-1
999
-1
1000
-1
1001
-1
1002
-1
1003
-1
1004
-1
1005
-1
1006
-1
1007
-1
1008
-1
1009
-1
1010
-1
1011
-1
1012
-1
1013
-1
1014
-1
1015
-1
1016
-1
1017
-1
1018
-1
1019
-1
1020
-1
1021
-1
1022
-1
1023
-1
1024
-1
1025
-1
1026
-1
1027
-1
1028
-1
1029
-1
1030
-1
1031
-1
1032
-1
1033
-1
1034
-1
1035
-1
1036
-1
1037
-1
1038
-1
1039
-1
1040
-1
1041
-1
1042
-1
1043
-1
1044
-1
1045
-1
1046
-1
1047
-1
1048
-1
1049
-1
1050
-1
1051
-1
1052
-1
1053
-1
1054
-1
1055
-1
1056
-1
1057
-1
1058
-1
1059
-1
1060
-1
1061
-1
1062
-1
1063
-1
1064
-1
1065
-1
1066
-1
1067
-1
1068
-1
1069
-1
1070
-1
1071
-1
1072
-1
1073
-1
1074
-1
1075
-1
1076
-1
1077
-1
1078
-1
1079
-1
1080
-1
1081
-1
1082
-1
1083
-1
1084
-1
1085
-1
1086
-1
1087
-1
1088
-1
1089
-1
1090
-1
1091
-1
1092
-1
1093
-1
1094
-1
1095
-1
1096
-1
1097
-1
1098
-1
1099
-1
1100
-1
1101
-1
1102
-1
1103
-1
1104
-1
1105
-1
1106
-1
1107
-1
1108
-1
1109
-1
1110
-1
1111
-1
1112
-1
1113
-1
1114
-1
1115
-1
1116
-1
1117
-1
1118
-1
1119
-1
1120
-1
1121
-1
1122
-1
1123
-1
1124
-1
1125
-1
1126
-1
1127
-1
1128
-1
1129
-1
1130
-1
1131
-1
1132
-1
1133
-1
1134
-1
1135
-1
1136
-1
1137
-1
1138
-1
1139
-1
1140
-1
1141
-1
1142
-1
1143
-1
1144
-1
1145
-1
1146
-1
1147
-1
1148
-1
1149
-1
1150
-1
1151
-1
1152
-1
1153
-1
1154
-1
1155
-1
1156
-1
1157
-1
1158
-1
1159
-1
1160
-1
1161
-1
1162
-1
1163
-1
1164
-1
1165
-1
1166
-1
1167
-1
1168
-1
1169
-1
1170
-1
1171
-1
1172
-1
1173
-1
1174
-1
1175
-1
1176
-1
1177
-1
1178
-1
1179
-1
1180
-1
1181
-1
1182
-1
1183
-1
1184
-1
1185
-1
1186
-1
1187
-1
1188
-1
1189
-1
1190
-1
1191
-1
1192
-1
1193
-1
1194
-1
1195
-1
1196
-1
1197
-1
1198
-1
1199
-1
1200
-1
1201
-1
1202
-1
1203
-1
1204
-1
1205
-1
1206
-1
1207
-1
1208
-1
1209
-1
1210
-1
1211
-1
1212
-1
1213
-1
1214
-1
1215
-1
1216
-1
1217
-1
1218
-1
1219
-1
1220
-1
1221
-1
1222
-1
1223
-1
1224
-1
1225
-1
1226
-1
1227
-1
1228
-1
1229
-1
1230
-1
1231
-1
1232
-1
1233
-1
1234
-1
1235
-1
1236
-1
1237
-1
1238
-1
1239
-1
1240
-1
1241
-1
1242
-1
1243
-1
1244
-1
1245
-1
1246
-1
1247
-1
1248
-1
1249
-1
1250
-1
1251
-1
1252
-1
1253
-1
1254
-1
1255
-1
1256
-1
1257
-1
1258
-1
1259
-1
1260
-1
1261
-1
1262
-1
1263
-1
1264
-1
1265
-1
1266
-1
1267
-1
1268
-1
1269
-1
1270
-1
1271
-1
1272
-1
1273
-1
1274
-1
1275
-1
1276
-1
1277
-1
1278
-1
1279
-1
1280
-1
1281
-1
1282
-1
1283
-1
1284
-1
1285
-1
1286
-1
1287
-1
1288
-1
1289
-1
1290
-1
1291
-1
1292
-1
1293
-1
1294
-1
1295
-1
1296
-1
1297
-1
1298
-1
1299
-1
1300
-1
1301
-1
1302
-1
1303
-1
1304
-1
1305
-1
1306
-1
1307
-1
1308
-1
1309
-1
1310
-1
1311
-1
1312
-1
1313
-1
1314
-1
1315
-1
1316
-1
1317
-1
1318
-1
1319
-1
1320
-1
1321
-1
1322
-1
1323
-1
1324
-1
1325
-1
1326
-1
1327
-1
1328
-1
1329
-1
1330
-1
1331
-1
1332
-1
1333
-1
1334
-1
1335
-1
1336
-1
1337
-1
1338
-1
1339
-1
1340
-1
1341
-1
1342
-1
1343
-1
1344
-1
1345
-1
1346
-1
1347
-1
1348
-1
1349
-1
1350
-1
1351
-1
1352
-1
1353
-1
1354
-1
1355
-1
1356
-1
1357
-1
1358
-1
1359
-1
1360
-1
1361
-1
1362
-1
1363
-1
1364
-1
1365
-1
1366
-1
1367
-1
1368
-1
1369
-1
1370
-1
1371
-1
1372
-1
1373
-1
1374
-1
1375
-1
1376
-1
1377
-1
1378
-1
1379
-1
1380
-1
1381
-1
1382
-1
1383
-1
1384
-1
1385
-1
1386
-1
1387
-1
1388
-1
1389
-1
1390
-1
1391
-1
1392
-1
1393
-1
1394
-1
1395
-1
1396
-1
1397
-1
1398
-1
1399
-1
1400
-1
1401
-1
1402
-1
1403
-1
1404
-1
1405
-1
1406
-1
1407
-1
1408
-1
1409
-1
1410
-1
1411
-1
1412
-1
1413
-1
1414
-1
1415
-1
1416
-1
1417
-1
1418
-1
1419
-1
1420
-1
1421
-1
1422
-1
1423
-1
1424
-1
1425
-1
1426
-1
1427
-1
1428
-1
1429
-1
1430
-1
1431
-1
1432
-1
1433
-1
1434
-1
1435
-1
1436
-1
1437
-1
1438
-1
1439
-1
1440
-1
1441
-1
1442
-1
1443
-1
1444
-1
1445
-1
1446
-1
1447
-1
1448
-1
1449
-1
1450
-1
1451
-1
1452
-1
1453
-1
1454
-1
1455
-1
1456
-1
1457
-1
1458
-1
1459
-1
1460
-1
1461
-1
1462
-1
1463
-1
1464
-1
1465
-1
1466
-1
1467
-1
1468
-1
1469
-1
1470
-1
1471
-1
1472
-1
1473
-1
1474
-1
1475
-1
1476
-1
1477
-1
1478
-1
1479
-1
1480
-1
1481
-1
1482
-1
1483
-1
1484
-1
1485
-1
1486
-1
1487
-1
1488
-1
1489
-1
1490
-1
1491
-1
1492
-1
1493
-1
1494
-1
1495
-1
1496
-1
1497
-1
1498
-1
1499
-1
1500
-1
1501
-1
1502
-1
1503
-1
1504
-1
1505
-1
1506
-1
1507
-1
1508
-1
1509
-1
1510
-1
1511
-1
1512
-1
1513
-1
1514
-1
1515
-1
1516
-1
1517
-1
1518
-1
1519
-1
1520
-1
1521
-1
1522
-1
1523
-1
1524
-1
1525
-1
1526
-1
1527
-1
1528
-1
1529
-1
1530
-1
1531
-1
1532
-1
1533
-1
1534
-1
1535
-1
1536
-1
1537
-1
1538
-1
1539
-1
1540
-1
1541
-1
1542
-1
1543
-1
1544
-1
1545
-1
1546
-1
1547
-1
1548
-1
1549
-1
1550
-1
1551
-1
1552
-1
1553
-1
1554
-1
1555
-1
1556
-1
1557
-1
1558
-1
1559
-1
1560
-1
1561
-1
1562
-1
1563
-1
1564
-1
1565
-1
1566
-1
1567
-1
1568
-1
1569
-1
1570
-1
1571
-1
1572
-1
1573
-1
1574
-1
1575
-1
1576
-1
1577
-1
1578
-1
1579
-1
1580
-1
1581
-1
1582
-1
1583
-1
1584
-1
1585
-1
1586
-1
1587
-1
1588
-1
1589
-1
1590
-1
1591
-1
1592
-1
1593
-1
1594
-1
1595
-1
1596
-1
1597
-1
1598
-1
1599
-1
1600
-1
1601
-1
1602
-1
1603
-1
1604
-1
1605
-1
1606
-1
1607
-1
1608
-1
1609
-1
1610
-1
1611
-1
1612
-1
1613
-1
1614
-1
1615
-1
1616
-1
1617
-1
1618
-1
1619
-1
1620
-1
1621
-1
1622
-1
1623
-1
1624
-1
1625
-1
1626
-1
1627
-1
1628
-1
1629
-1
1630
-1
1631
-1
1632
-1
1633
-1
1634
-1
1635
-1
1636
-1
1637
-1
1638
-1
1639
-1
1640
-1
1641
-1
1642
-1
1643
-1
1644
-1
1645
-1
1646
-1
1647
-1
1648
-1
1649
-1
1650
-1
1651
-1
1652
-1
1653
-1
1654
-1
1655
-1
1656
-1
1657
-1
1658
-1
1659
-1
1660
-1
1661
-1
1662
-1
1663
-1
1664
-1
1665
-1
1666
-1
1667
-1
1668
-1
1669
-1
1670
-1
1671
-1
1672
-1
1673
-1
1674
-1
1675
-1
1676
-1
1677
-1
1678
-1
1679
-1
1680
-1
1681
-1
1682
-1
1683
-1
1684
-1
1685
-1
1686
-1
1687
-1
1688
-1
1689
-1
1690
-1
1691
-1
1692
-1
1693
-1
1694
-1
1695
-1
1696
-1
1697
-1
1698
-1
1699
-1
1700
-1
1701
-1
1702
-1
1703
-1
1704
-1
1705
-1
1706
-1
1707
-1
1708
-1
1709
-1
1710
-1
1711
-1
1712
-1
1713
-1
1714
-1
1715
-1
1716
-1
1717
-1
1718
-1
1719
-1
1720
-1
1721
-1
1722
-1
1723
-1
1724
-1
1725
-1
1726
-1
1727
-1
1728
-1
1729
-1
1730
-1
1731
-1
1732
-1
1733
-1
1734
-1
1735
-1
1736
-1
1737
-1
1738
-1
1739
-1
1740
-1
1741
-1
1742
-1
1743
-1
1744
-1
1745
-1
1746
-1
1747
-1
1748
-1
1749
-1
1750
-1
1751
-1
1752
-1
1753
-1
1754
-1
1755
-1
1756
-1
1757
-1
1758
-1
1759
-1
1760
-1
1761
-1
1762
-1
1763
-1
1764
-1
1765
-1
1766
-1
1767
-1
1768
-1
1769
-1
1770
-1
1771
-1
1772
-1
1773
-1
1774
-1
1775
-1
1776
-1
1777
-1
1778
-1
1779
-1
1780
-1
1781
-1
1782
-1
1783
-1
1784
-1
1785
-1
1786
-1
1787
-1
1788
-1
1789
-1
1790
-1
1791
-1
1792
-1
1793
-1
1794
-1
1795
-1
1796
-1
1797
-1
1798
-1
1799
-1
1800
-1
1801
-1
1802
-1
1803
-1
1804
-1
1805
-1
1806
-1
1807
-1
1808
-1
1809
-1
1810
-1
1811
-1
1812
-1
1813
-1
1814
-1
1815
-1
1816
-1
1817
-1
1818
-1
1819
-1
1820
-1
1821
-1
1822
-1
1823
-1
1824
-1
1825
-1
1826
-1
1827
-1
1828
-1
1829
-1
1830
-1
1831
-1
1832
-1
1833
-1
1834
-1
1835
-1
1836
-1
1837
-1
1838
-1
1839
-1
1840
-1
1841
-1
1842
-1
1843
-1
1844
-1
1845
-1
1846
-1
1847
-1
1848
-1
1849
-1
1850
-1
1851
-1
1852
-1
1853
-1
1854
-1
1855
-1
1856
-1
1857
-1
1858
-1
1859
-1
1860
-1
1861
-1
1862
-1
1863
-1
1864
-1
1865
-1
1866
-1
1867
-1
1868
-1
1869
-1
1870
-1
1871
-1
1872
-1
1873
-1
1874
-1
1875
-1
1876
-1
1877
-1
1878
-1
1879
-1
1880
-1
1881
-1
1882
-1
1883
-1
1884
-1
1885
-1
1886
-1
1887
-1
1888
-1
1889
-1
1890
-1
1891
-1
1892
-1
1893
-1
1894
-1
1895
-1
1896
-1
1897
-1
1898
-1
1899
-1
1900
-1
1901
-1
1902
-1
1903
-1
1904
-1
1905
-1
1906
-1
1907
-1
1908
-1
1909
-1
1910
-1
1911
-1
1912
-1
1913
-1
1914
-1
1915
-1
1916
-1
1917
-1
1918
-1
1919
-1
1920
-1
1921
-1
1922
-1
1923
-1
1924
-1
1925
-1
1926
-1
1927
-1
1928
-1
1929
-1
1930
-1
1931
-1
1932
-1
1933
-1
1934
-1
1935
-1
1936
-1
1937
-1
1938
-1
1939
-1
1940
-1
1941
-1
1942
-1
1943
-1
1944
-1
1945
-1
1946
-1
1947
-1
1948
-1
1949
-1
1950
-1
1951
-1
1952
-1
1953
-1
1954
-1
1955
-1
1956
-1
1957
-1
1958
-1
1959
-1
1960
-1
1961
-1
1962
-1
1963
-1
1964
-1
1965
-1
1966
-1
1967
-1
1968
-1
1969
-1
1970
-1
1971
-1
1972
-1
1973
-1
1974
-1
1975
-1
1976
-1
1977
-1
1978
-1
1979
-1
1980
-1
1981
-1
1982
-1
1983
-1
1984
-1
1985
-1
1986
-1
1987
-1
1988
-1
1989
-1
1990
-1
1991
-1
1992
-1
1993
-1
1994
-1
1995
-1
1996
-1
1997
-1
1998
-1
1999
-1
2000
-1
2001
-1
2002
-1
2003
-1
2004
-1
2005
-1
2006
-1
2007
-1
2008
-1
2009
-1
2010
-1
2011
-1
2012
-1
2013
-1
2014
-1
2015
-1
2016
-1
2017
-1
2018
-1
2019
-1
2020
-1
2021
-1
2022
-1
2023
-1
2024
-1
2025
-1
2026
-1
2027
-1
2028
-1
2029
-1
2030
-1
2031
-1
2032
-1
2033
-1
2034
-1
2035
-1
2036
-1
2037
-1
2038
-1
2039
-1
2040
-1
2041
-1
2042
-1
2043
-1
2044
-1
2045
-1
2046
-1
2047
-1
2048
-1
2049
-1
2050
-1
2051
-1
2052
-1
2053
-1
2054
-1
2055
-1
2056
-1
2057
-1
2058
-1
2059
-1
2060
-1
2061
-1
2062
-1
2063
-1
2064
-1
2065
-1
2066
-1
2067
-1
2068
-1
2069
-1
2070
-1
2071
-1
2072
-1
2073
-1
2074
-1
2075
-1
2076
-1
2077
-1
2078
-1
2079
-1
2080
-1
2081
-1
2082
-1
2083
-1
2084
-1
2085
-1
2086
-1
2087
-1
2088
-1
2089
-1
2090
-1
2091
-1
2092
-1
2093
-1
2094
-1
2095
-1
2096
-1
2097
-1
2098
-1
2099
-1
2100
35
2101
20
2102
161
2103
39
2104
33
2105
105
2106
105
2107
170
2108
136
2109
63
2110
172
2111
58
2112
175
2113
47
2114
162
2115
63
2116
112
2117
92
2118
154
2119
135
2120
60
2121
60
2122
138
2123
25
2124
141
2125
115
2126
121
2127
137
2128
151
2129
140
2130
182
2131
76
2132
38
2133
157
2134
49
2135
166
2136
0
2137
125
2138
30
2139
55
2140
18
2141
24
2142
173
2143
175
2144
0
2145
142
2146
50
2147
93
2148
162
2149
69
2150
140
2151
135
2152
40
2153
142
2154
143
2155
129
2156
109
2157
90
2158
146
2159
39
2160
7
2161
27
2162
48
2163
10
2164
32
2165
158
2166
114
2167
71
2168
167
2169
172
2170
23
2171
56
2172
137
2173
101
2174
94
2175
168
2176
161
2177
2
2178
15
2179
110
2180
77
2181
28
2182
171
2183
122
2184
38
2185
147
2186
12
2187
134
2188
39
2189
32
2190
58
2191
74
2192
129
2193
143
2194
100
2195
153
2196
12
2197
76
2198
135
2199
102
2200
21
2201
154
2202
63
2203
152
2204
166
2205
35
2206
19
2207
31
2208
150
2209
154
2210
88
2211
85
2212
109
2213
178
2214
0
2215
150
2216
136
2217
177
2218
123
2219
77
2220
78
2221
96
2222
177
2223
115
2224
117
2225
49
2226
66
2227
75
2228
67
2229
131
2230
101
2231
59
2232
109
2233
0
2234
100
2235
103
2236
54
2237
132
2238
184
2239
142
2240
123
2241
111
2242
17
2243
182
2244
150
2245
81
2246
179
2247
134
2248
15
2249
116
2250
39
2251
35
2252
66
2253
49
2254
95
2255
25
2256
36
2257
3
2258
4
2259
129
2260
45
2261
50
2262
37
2263
74
2264
134
2265
166
2266
119
2267
19
2268
166
2269
184
2270
7
2271
72
2272
10
2273
163
2274
162
2275
182
2276
185
2277
74
2278
6
2279
68
2280
119
2281
103
2282
158
2283
0
2284
63
2285
105
2286
69
2287
36
2288
131
2289
185
2290
45
2291
131
2292
14
2293
159
2294
169
2295
151
2296
184
2297
78
2298
46
2299
84
2300
69
2301
113
2302
85
2303
176
2304
34
2305
103
2306
65
2307
40
2308
100
2309
32
2310
37
2311
153
2312
105
2313
80
2314
129
2315
160
2316
5
2317
71
2318
145
2319
27
2320
117
2321
146
2322
110
2323
173
2324
89
2325
28
2326
147
2327
7
2328
159
2329
6
2330
170
2331
159
2332
159
2333
105
2334
94
2335
104
2336
60
2337
133
2338
87
2339
166
2340
133
2341
47
2342
45
2343
110
2344
29
2345
180
2346
74
2347
76
2348
53
2349
25
2350
132
2351
176
2352
131
2353
62
2354
30
2355
38
2356
99
2357
82
2358
172
2359
32
2360
64
2361
2
2362
40
2363
32
2364
15
2365
62
2366
89
2367
24
2368
101
2369
7
2370
14
2371
176
2372
45
2373
34
2374
171
2375
17
2376
170
2377
169
2378
72
2379
77
2380
77
2381
157
2382
10
2383
60
2384
59
2385
92
2386
159
2387
101
2388
97
2389
160
2390
134
2391
135
2392
24
2393
62
2394
141
2395
129
2396
17
2397
156
2398
106
2399
90
2400
164
2401
117
2402
63
2403
121
2404
157
2405
163
2406
171
2407
135
2408
35
2409
30
2410
61
2411
159
2412
25
2413
165
2414
124
2415
113
2416
91
2417
105
2418
126
2419
120
2420
34
2421
28
2422
124
2423
148
2424
69
2425
93
2426
173
2427
131
2428
39
2429
104
2430
48
2431
57
2432
92
2433
81
2434
72
2435
176
2436
165
2437
18
2438
18
2439
113
2440
170
2441
170
2442
47
2443
147
2444
83
2445
55
2446
46
2447
35
2448
83
2449
47
2450
1
2451
58
2452
3
2453
113
2454
179
2455
9
2456
47
2457
126
2458
78
2459
102
2460
26
2461
146
2462
135
2463
34
2464
24
2465
92
2466
86
2467
125
2468
33
2469
167
2470
144
2471
135
2472
7
2473
103
2474
183
2475
67
2476
147
2477
84
2478
41
2479
169
2480
37
2481
50
2482
163
2483
8
2484
182
2485
52
2486
39
2487
47
2488
129
2489
123
2490
180
2491
135
2492
74
2493
101
2494
137
2495
51
2496
5
2497
24
2498
185
2499
171
2500
44
2501
63
2502
7
2503
75
2504
113
2505
0
2506
121
2507
67
2508
136
2509
165
2510
63
2511
22
2512
25
2513
4
2514
33
2515
59
2516
101
2517
130
2518
79
2519
23
2520
13
2521
95
2522
119
2523
185
2524
156
2525
14
2526
160
2527
63
2528
176
2529
58
2530
64
2531
169
2532
9
2533
1
2534
157
2535
110
2536
73
2537
115
2538
174
2539
132
2540
62
2541
59
2542
91
2543
81
2544
50
2545
174
2546
76
2547
26
2548
88
2549
106
2550
111
2551
52
2552
64
2553
113
2554
133
2555
178
2556
106
2557
113
2558
53
2559
72
2560
31
2561
35
2562
84
2563
54
2564
173
2565
21
2566
156
2567
177
2568
182
2569
73
2570
61
2571
99
2572
50
2573
116
2574
100
2575
67
2576
137
2577
182
2578
5
2579
72
2580
176
2581
120
2582
27
2583
134
2584
48
2585
182
2586
69
2587
147
2588
159
2589
174
2590
115
2591
100
2592
33
2593
162
2594
53
2595
182
2596
73
2597
44
2598
112
2599
66
2600
175
2601
127
2602
1
2603
153
2604
113
2605
171
2606
141
2607
54
2608
54
2609
127
2610
8
2611
94
2612
136
2613
46
2614
82
2615
136
2616
91
2617
46
2618
174
2619
144
2620
10
2621
120
2622
102
2623
98
2624
173
2625
108
2626
80
2627
13
2628
103
2629
37
2630
93
2631
37
2632
147
2633
25
2634
13
2635
59
2636
73
2637
63
2638
29
2639
49
2640
45
2641
76
2642
82
2643
18
2644
168
2645
9
2646
0
2647
105
2648
85
2649
161
2650
130
2651
145
2652
185
2653
71
2654
32
2655
48
2656
30
2657
175
2658
89
2659
106
2660
40
2661
21
2662
172
2663
7
2664
57
2665
180
2666
98
2667
15
2668
182
2669
176
2670
145
2671
86
2672
168
2673
143
2674
182
2675
92
2676
41
2677
79
2678
54
2679
173
2680
61
2681
12
2682
102
2683
14
2684
15
2685
168
2686
155
2687
108
2688
107
2689
135
2690
29
2691
57
2692
139
2693
140
2694
31
2695
139
2696
152
2697
86
2698
62
2699
67
2700
129
2701
21
2702
173
2703
1
2704
147
2705
105
2706
146
2707
59
2708
139
2709
182
2710
103
2711
84
2712
27
2713
52
2714
63
2715
8
2716
167
2717
48
2718
67
2719
173
2720
123
2721
113
2722
185
2723
21
2724
59
2725
78
2726
165
2727
19
2728
156
2729
72
2730
106
2731
164
2732
50
2733
180
2734
182
2735
0
2736
61
2737
4
2738
107
2739
144
2740
161
2741
71
2742
102
2743
75
2744
113
2745
29
2746
56
2747
80
2748
113
2749
36
2750
144
2751
159
2752
126
2753
27
2754
119
2755
59
2756
154
2757
60
2758
137
2759
182
2760
104
2761
157
2762
96
2763
139
2764
73
2765
85
2766
93
2767
137
2768
104
2769
9
2770
28
2771
28
2772
24
2773
2
2774
85
2775
104
2776
3
2777
161
2778
87
2779
35
2780
125
2781
155
2782
77
2783
57
2784
61
2785
69
2786
132
2787
66
2788
59
2789
34
2790
20
2791
97
2792
165
2793
174
2794
82
2795
142
2796
142
2797
27
2798
61
2799
132
2800
56
2801
149
2802
114
2803
103
2804
95
2805
42
2806
81
2807
85
2808
140
2809
150
2810
104
2811
107
2812
111
2813
54
2814
100
2815
57
2816
142
2817
92
2818
141
2819
129
2820
146
2821
88
2822
150
2823
5
2824
11
2825
83
2826
24
2827
94
2828
167
2829
39
2830
148
2831
77
2832
183
2833
101
2834
148
2835
71
2836
53
2837
145
2838
7
2839
120
2840
169
2841
130
2842
146
2843
147
2844
117
2845
114
2846
12
2847
93
2848
0
2849
100
2850
42
2851
7
2852
177
2853
133
2854
80
2855
139
2856
74
2857
11
2858
40
2859
13
2860
123
2861
103
2862
11
2863
55
2864
113
2865
72
2866
60
2867
163
2868
12
2869
29
2870
54
2871
14
2872
140
2873
112
2874
139
2875
85
2876
14
2877
61
2878
87
2879
181
2880
17
2881
40
2882
19
2883
106
2884
159
2885
184
2886
53
2887
173
2888
127
2889
103
2890
76
2891
56
2892
94
2893
63
2894
75
2895
30
2896
112
2897
46
2898
72
2899
115
2900
29
2901
61
2902
28
2903
146
2904
171
2905
33
2906
163
2907
113
2908
20
2909
112
2910
90
2911
103
2912
61
2913
131
2914
121
2915
32
2916
145
2917
154
2918
56
2919
130
2920
17
2921
111
2922
12
2923
78
2924
141
2925
2
2926
163
2927
53
2928
83
2929
152
2930
84
2931
130
2932
133
2933
144
2934
139
2935
5
2936
177
2937
185
2938
50
2939
53
2940
69
2941
2
2942
98
2943
151
2944
41
2945
42
2946
184
2947
10
2948
132
2949
16
2950
2
2951
34
2952
135
2953
36
2954
3
2955
101
2956
55
2957
5
2958
171
2959
123
2960
47
2961
134
2962
165
2963
29
2964
146
2965
67
2966
10
2967
52
2968
154
2969
148
2970
40
2971
75
2972
38
2973
94
2974
138
2975
60
2976
91
2977
125
2978
114
2979
4
2980
134
2981
130
2982
31
2983
19
2984
126
2985
153
2986
23
2987
179
2988
134
2989
109
2990
41
2991
176
2992
163
2993
163
2994
166
2995
22
2996
76
2997
120
2998
77
2999
59
