********************************************************************************
The planted motif0 is:
GCGGATACCTCCGGA
0
58
1
-1
2
175
3
-1
4
47
5
-1
6
162
7
-1
8
63
9
-1
10
112
11
-1
12
92
13
-1
14
154
15
-1
16
135
17
-1
18
60
19
-1
20
60
21
-1
22
138
23
-1
24
25
25
-1
26
141
27
-1
28
115
29
-1
30
121
31
-1
32
137
33
-1
34
151
35
-1
36
140
37
-1
38
182
39
-1
40
76
41
-1
42
38
43
-1
44
157
45
-1
46
49
47
-1
48
166
49
-1
50
0
51
-1
52
125
53
-1
54
30
55
-1
56
55
57
-1
58
18
59
-1
60
24
61
-1
62
173
63
-1
64
175
65
-1
66
0
67
-1
68
142
69
-1
70
50
71
-1
72
93
73
-1
74
162
75
-1
76
69
77
-1
78
140
79
-1
80
135
81
-1
82
40
83
-1
84
142
85
-1
86
143
87
-1
88
129
89
-1
90
109
91
-1
92
90
93
-1
94
146
95
-1
96
39
97
-1
98
7
99
-1
100
27
101
-1
102
48
103
-1
104
10
105
-1
106
32
107
-1
108
158
109
-1
110
114
111
-1
112
71
113
-1
114
167
115
-1
116
172
117
-1
118
23
119
-1
120
56
121
-1
122
137
123
-1
124
101
125
-1
126
94
127
-1
128
168
129
-1
130
161
131
-1
132
2
133
-1
134
15
135
-1
136
110
137
-1
138
77
139
-1
140
28
141
-1
142
171
143
-1
144
122
145
-1
146
38
147
-1
148
147
149
-1
150
12
151
-1
152
134
153
-1
154
39
155
-1
156
32
157
-1
158
58
159
-1
160
74
161
-1
162
129
163
-1
164
143
165
-1
166
100
167
-1
168
153
169
-1
170
12
171
-1
172
76
173
-1
174
135
175
-1
176
102
177
-1
178
21
179
-1
180
154
181
-1
182
63
183
-1
184
152
185
-1
186
166
187
-1
188
35
189
-1
190
19
191
-1
192
31
193
-1
194
150
195
-1
196
154
197
-1
198
88
199
-1
200
85
201
-1
202
109
203
-1
204
178
205
-1
206
0
207
-1
208
150
209
-1
210
136
211
-1
212
177
213
-1
214
123
215
-1
216
77
217
-1
218
78
219
-1
220
96
221
-1
222
177
223
-1
224
115
225
-1
226
117
227
-1
228
49
229
-1
230
66
231
-1
232
75
233
-1
234
67
235
-1
236
131
237
-1
238
101
239
-1
240
59
241
-1
242
109
243
-1
244
0
245
-1
246
100
247
-1
248
103
249
-1
250
54
251
-1
252
132
253
-1
254
184
255
-1
256
142
257
-1
258
123
259
-1
260
111
261
-1
262
17
263
-1
264
182
265
-1
266
150
267
-1
268
81
269
-1
270
179
271
-1
272
134
273
-1
274
15
275
-1
276
116
277
-1
278
39
279
-1
280
35
281
-1
282
66
283
-1
284
49
285
-1
286
95
287
-1
288
25
289
-1
290
36
291
-1
292
3
293
-1
294
4
295
-1
296
129
297
-1
298
45
299
-1
300
50
301
-1
302
37
303
-1
304
74
305
-1
306
134
307
-1
308
166
309
-1
310
119
311
-1
312
19
313
-1
314
166
315
-1
316
184
317
-1
318
7
319
-1
320
72
321
-1
322
10
323
-1
324
163
325
-1
326
162
327
-1
328
182
329
-1
330
185
331
-1
332
74
333
-1
334
6
335
-1
336
68
337
-1
338
119
339
-1
340
103
341
-1
342
158
343
-1
344
0
345
-1
346
63
347
-1
348
105
349
-1
350
69
351
-1
352
36
353
-1
354
131
355
-1
356
185
357
-1
358
45
359
-1
360
131
361
-1
362
14
363
-1
364
159
365
-1
366
169
367
-1
368
151
369
-1
370
184
371
-1
372
78
373
-1
374
46
375
-1
376
84
377
-1
378
69
379
-1
380
113
381
-1
382
85
383
-1
384
176
385
-1
386
34
387
-1
388
103
389
-1
390
65
391
-1
392
40
393
-1
394
100
395
-1
396
32
397
-1
398
37
399
-1
400
153
401
-1
402
105
403
-1
404
80
405
-1
406
129
407
-1
408
160
409
-1
410
5
411
-1
412
71
413
-1
414
145
415
-1
416
27
417
-1
418
117
419
-1
420
146
421
-1
422
110
423
-1
424
173
425
-1
426
89
427
-1
428
28
429
-1
430
147
431
-1
432
7
433
-1
434
159
435
-1
436
6
437
-1
438
170
439
-1
440
159
441
-1
442
159
443
-1
444
105
445
-1
446
94
447
-1
448
104
449
-1
450
60
451
-1
452
133
453
-1
454
87
455
-1
456
166
457
-1
458
133
459
-1
460
47
461
-1
462
45
463
-1
464
110
465
-1
466
29
467
-1
468
180
469
-1
470
74
471
-1
472
76
473
-1
474
53
475
-1
476
25
477
-1
478
132
479
-1
480
176
481
-1
482
131
483
-1
484
62
485
-1
486
30
487
-1
488
38
489
-1
490
99
491
-1
492
82
493
-1
494
172
495
-1
496
32
497
-1
498
64
499
-1
500
2
501
-1
502
40
503
-1
504
32
505
-1
506
15
507
-1
508
62
509
-1
510
89
511
-1
512
24
513
-1
514
101
515
-1
516
7
517
-1
518
14
519
-1
520
176
521
-1
522
45
523
-1
524
34
525
-1
526
171
527
-1
528
17
529
-1
530
170
531
-1
532
169
533
-1
534
72
535
-1
536
77
537
-1
538
77
539
-1
540
157
541
-1
542
10
543
-1
544
60
545
-1
546
59
547
-1
548
92
549
-1
550
159
551
-1
552
101
553
-1
554
97
555
-1
556
160
557
-1
558
134
559
-1
560
135
561
-1
562
24
563
-1
564
62
565
-1
566
141
567
-1
568
129
569
-1
570
17
571
-1
572
156
573
-1
574
106
575
-1
576
90
577
-1
578
164
579
-1
580
117
581
-1
582
63
583
-1
584
121
585
-1
586
157
587
-1
588
163
589
-1
590
171
591
-1
592
135
593
-1
594
35
595
-1
596
30
597
-1
598
61
599
-1
600
159
601
-1
602
25
603
-1
604
165
605
-1
606
124
607
-1
608
113
609
-1
610
91
611
-1
612
105
613
-1
614
126
615
-1
616
120
617
-1
618
34
619
-1
620
28
621
-1
622
124
623
-1
624
148
625
-1
626
69
627
-1
628
93
629
-1
630
173
631
-1
632
131
633
-1
634
39
635
-1
636
104
637
-1
638
48
639
-1
640
57
641
-1
642
92
643
-1
644
81
645
-1
646
72
647
-1
648
176
649
-1
650
165
651
-1
652
18
653
-1
654
18
655
-1
656
113
657
-1
658
170
659
-1
660
170
661
-1
662
47
663
-1
664
147
665
-1
666
83
667
-1
668
55
669
-1
670
46
671
-1
672
35
673
-1
674
83
675
-1
676
47
677
-1
678
1
679
-1
680
58
681
-1
682
3
683
-1
684
113
685
-1
686
179
687
-1
688
9
689
-1
690
47
691
-1
692
126
693
-1
694
78
695
-1
696
102
697
-1
698
26
699
-1
700
146
701
-1
702
135
703
-1
704
34
705
-1
706
24
707
-1
708
92
709
-1
710
86
711
-1
712
125
713
-1
714
33
715
-1
716
167
717
-1
718
144
719
-1
720
135
721
-1
722
7
723
-1
724
103
725
-1
726
183
727
-1
728
67
729
-1
730
147
731
-1
732
84
733
-1
734
41
735
-1
736
169
737
-1
738
37
739
-1
740
50
741
-1
742
163
743
-1
744
8
745
-1
746
182
747
-1
748
52
749
-1
750
39
751
-1
752
47
753
-1
754
129
755
-1
756
123
757
-1
758
180
759
-1
760
135
761
-1
762
74
763
-1
764
101
765
-1
766
137
767
-1
768
51
769
-1
770
5
771
-1
772
24
773
-1
774
185
775
-1
776
171
777
-1
778
44
779
-1
780
63
781
-1
782
7
783
-1
784
75
785
-1
786
113
787
-1
788
0
789
-1
790
121
791
-1
792
67
793
-1
794
136
795
-1
796
165
797
-1
798
63
799
-1
800
22
801
-1
802
25
803
-1
804
4
805
-1
806
33
807
-1
808
59
809
-1
810
101
811
-1
812
130
813
-1
814
79
815
-1
816
23
817
-1
818
13
819
-1
820
95
821
-1
822
119
823
-1
824
185
825
-1
826
156
827
-1
828
14
829
-1
830
160
831
-1
832
63
833
-1
834
176
835
-1
836
58
837
-1
838
64
839
-1
840
169
841
-1
842
9
843
-1
844
1
845
-1
846
157
847
-1
848
110
849
-1
850
73
851
-1
852
115
853
-1
854
174
855
-1
856
132
857
-1
858
62
859
-1
860
59
861
-1
862
91
863
-1
864
81
865
-1
866
50
867
-1
868
174
869
-1
870
76
871
-1
872
26
873
-1
874
88
875
-1
876
106
877
-1
878
111
879
-1
880
52
881
-1
882
64
883
-1
884
113
885
-1
886
133
887
-1
888
178
889
-1
890
106
891
-1
892
113
893
-1
894
53
895
-1
896
72
897
-1
898
31
899
-1
900
35
901
-1
902
84
903
-1
904
54
905
-1
906
173
907
-1
908
21
909
-1
910
156
911
-1
912
177
913
-1
914
182
915
-1
916
73
917
-1
918
61
919
-1
920
99
921
-1
922
50
923
-1
924
116
925
-1
926
100
927
-1
928
67
929
-1
930
137
931
-1
932
182
933
-1
934
5
935
-1
936
72
937
-1
938
176
939
-1
940
120
941
-1
942
27
943
-1
944
134
945
-1
946
48
947
-1
948
182
949
-1
950
69
951
-1
952
147
953
-1
954
159
955
-1
956
174
957
-1
958
115
959
-1
960
100
961
-1
962
33
963
-1
964
162
965
-1
966
53
967
-1
968
182
969
-1
970
73
971
-1
972
44
973
-1
974
112
975
-1
976
66
977
-1
978
175
979
-1
980
127
981
-1
982
1
983
-1
984
153
985
-1
986
113
987
-1
988
171
989
-1
990
141
991
-1
992
54
993
-1
994
54
995
-1
996
127
997
-1
998
8
999
-1
1000
94
1001
-1
1002
136
1003
-1
1004
46
1005
-1
1006
82
1007
-1
1008
136
1009
-1
1010
91
1011
-1
1012
46
1013
-1
1014
174
1015
-1
1016
144
1017
-1
1018
10
1019
-1
1020
120
1021
-1
1022
102
1023
-1
1024
98
1025
-1
1026
173
1027
-1
1028
108
1029
-1
1030
80
1031
-1
1032
13
1033
-1
1034
103
1035
-1
1036
37
1037
-1
1038
93
1039
-1
1040
37
1041
-1
1042
147
1043
-1
1044
25
1045
-1
1046
13
1047
-1
1048
59
1049
-1
1050
73
1051
-1
1052
63
1053
-1
1054
29
1055
-1
1056
49
1057
-1
1058
45
1059
-1
1060
76
1061
-1
1062
82
1063
-1
1064
18
1065
-1
1066
168
1067
-1
1068
9
1069
-1
1070
0
1071
-1
1072
105
1073
-1
1074
85
1075
-1
1076
161
1077
-1
1078
130
1079
-1
1080
145
1081
-1
1082
185
1083
-1
1084
71
1085
-1
1086
32
1087
-1
1088
48
1089
-1
1090
30
1091
-1
1092
175
1093
-1
1094
89
1095
-1
1096
106
1097
-1
1098
40
1099
-1
1100
21
1101
-1
1102
172
1103
-1
1104
7
1105
-1
1106
57
1107
-1
1108
180
1109
-1
1110
98
1111
-1
1112
15
1113
-1
1114
182
1115
-1
1116
176
1117
-1
1118
145
1119
-1
1120
86
1121
-1
1122
168
1123
-1
1124
143
1125
-1
1126
182
1127
-1
1128
92
1129
-1
1130
41
1131
-1
1132
79
1133
-1
1134
54
1135
-1
1136
173
1137
-1
1138
61
1139
-1
1140
12
1141
-1
1142
102
1143
-1
1144
14
1145
-1
1146
15
1147
-1
1148
168
1149
-1
1150
155
1151
-1
1152
108
1153
-1
1154
107
1155
-1
1156
135
1157
-1
1158
29
1159
-1
1160
57
1161
-1
1162
139
1163
-1
1164
140
1165
-1
1166
31
1167
-1
1168
139
1169
-1
1170
152
1171
-1
1172
86
1173
-1
1174
62
1175
-1
1176
67
1177
-1
1178
129
1179
-1
1180
21
1181
-1
1182
173
1183
-1
1184
1
1185
-1
1186
147
1187
-1
1188
105
1189
-1
1190
146
1191
-1
1192
59
1193
-1
1194
139
1195
-1
1196
182
1197
-1
1198
103
1199
-1
1200
84
1201
-1
1202
27
1203
-1
1204
52
1205
-1
1206
63
1207
-1
1208
8
1209
-1
1210
167
1211
-1
1212
48
1213
-1
1214
67
1215
-1
1216
173
1217
-1
1218
123
1219
-1
1220
113
1221
-1
1222
185
1223
-1
1224
21
1225
-1
1226
59
1227
-1
1228
78
1229
-1
1230
165
1231
-1
1232
19
1233
-1
1234
156
1235
-1
1236
72
1237
-1
1238
106
1239
-1
1240
164
1241
-1
1242
50
1243
-1
1244
180
1245
-1
1246
182
1247
-1
1248
0
1249
-1
1250
61
1251
-1
1252
4
1253
-1
1254
107
1255
-1
1256
144
1257
-1
1258
161
1259
-1
1260
71
1261
-1
1262
102
1263
-1
1264
75
1265
-1
1266
113
1267
-1
1268
29
1269
-1
1270
56
1271
-1
1272
80
1273
-1
1274
113
1275
-1
1276
36
1277
-1
1278
144
1279
-1
1280
159
1281
-1
1282
126
1283
-1
1284
27
1285
-1
1286
119
1287
-1
1288
59
1289
-1
1290
154
1291
-1
1292
60
1293
-1
1294
137
1295
-1
1296
182
1297
-1
1298
104
1299
-1
1300
157
1301
-1
1302
96
1303
-1
1304
139
1305
-1
1306
73
1307
-1
1308
85
1309
-1
1310
93
1311
-1
1312
137
1313
-1
1314
104
1315
-1
1316
9
1317
-1
1318
28
1319
-1
1320
28
1321
-1
1322
24
1323
-1
1324
2
1325
-1
1326
85
1327
-1
1328
104
1329
-1
1330
3
1331
-1
1332
161
1333
-1
1334
87
1335
-1
1336
35
1337
-1
1338
125
1339
-1
1340
155
1341
-1
1342
77
1343
-1
1344
57
1345
-1
1346
61
1347
-1
1348
69
1349
-1
1350
132
1351
-1
1352
66
1353
-1
1354
59
1355
-1
1356
34
1357
-1
1358
20
1359
-1
1360
97
1361
-1
1362
165
1363
-1
1364
174
1365
-1
1366
82
1367
-1
1368
142
1369
-1
1370
142
1371
-1
1372
27
1373
-1
1374
61
1375
-1
1376
132
1377
-1
1378
56
1379
-1
1380
149
1381
-1
1382
114
1383
-1
1384
103
1385
-1
1386
95
1387
-1
1388
42
1389
-1
1390
81
1391
-1
1392
85
1393
-1
1394
140
1395
-1
1396
150
1397
-1
1398
104
1399
-1
1400
107
1401
-1
1402
111
1403
-1
1404
54
1405
-1
1406
100
1407
-1
1408
57
1409
-1
1410
142
1411
-1
1412
92
1413
-1
1414
141
1415
-1
1416
129
1417
-1
1418
146
1419
-1
1420
88
1421
-1
1422
150
1423
-1
1424
5
1425
-1
1426
11
1427
-1
1428
83
1429
-1
1430
24
1431
-1
1432
94
1433
-1
1434
167
1435
-1
1436
39
1437
-1
1438
148
1439
-1
1440
77
1441
-1
1442
183
1443
-1
1444
101
1445
-1
1446
148
1447
-1
1448
71
1449
-1
1450
53
1451
-1
1452
145
1453
-1
1454
7
1455
-1
1456
120
1457
-1
1458
169
1459
-1
1460
130
1461
-1
1462
146
1463
-1
1464
147
1465
-1
1466
117
1467
-1
1468
114
1469
-1
1470
12
1471
-1
1472
93
1473
-1
1474
0
1475
-1
1476
100
1477
-1
1478
42
1479
-1
1480
7
1481
-1
1482
177
1483
-1
1484
133
1485
-1
1486
80
1487
-1
1488
139
1489
-1
1490
74
1491
-1
1492
11
1493
-1
1494
40
1495
-1
1496
13
1497
-1
1498
123
1499
-1
1500
103
1501
-1
1502
11
1503
-1
1504
55
1505
-1
1506
113
1507
-1
1508
72
1509
-1
1510
60
1511
-1
1512
163
1513
-1
1514
12
1515
-1
1516
29
1517
-1
1518
54
1519
-1
1520
14
1521
-1
1522
140
1523
-1
1524
112
1525
-1
1526
139
1527
-1
1528
85
1529
-1
1530
14
1531
-1
1532
61
1533
-1
1534
87
1535
-1
1536
181
1537
-1
1538
17
1539
-1
1540
40
1541
-1
1542
19
1543
-1
1544
106
1545
-1
1546
159
1547
-1
1548
184
1549
-1
1550
53
1551
-1
1552
173
1553
-1
1554
127
1555
-1
1556
103
1557
-1
1558
76
1559
-1
1560
56
1561
-1
1562
94
1563
-1
1564
63
1565
-1
1566
75
1567
-1
1568
30
1569
-1
1570
112
1571
-1
1572
46
1573
-1
1574
72
1575
-1
1576
115
1577
-1
1578
29
1579
-1
1580
61
1581
-1
1582
28
1583
-1
1584
146
1585
-1
1586
171
1587
-1
1588
33
1589
-1
1590
163
1591
-1
1592
113
1593
-1
1594
20
1595
-1
1596
112
1597
-1
1598
90
1599
-1
1600
103
1601
-1
1602
61
1603
-1
1604
131
1605
-1
1606
121
1607
-1
1608
32
1609
-1
1610
145
1611
-1
1612
154
1613
-1
1614
56
1615
-1
1616
130
1617
-1
1618
17
1619
-1
1620
111
1621
-1
1622
12
1623
-1
1624
78
1625
-1
1626
141
1627
-1
1628
2
1629
-1
1630
163
1631
-1
1632
53
1633
-1
1634
83
1635
-1
1636
152
1637
-1
1638
84
1639
-1
1640
130
1641
-1
1642
133
1643
-1
1644
144
1645
-1
1646
139
1647
-1
1648
5
1649
-1
1650
177
1651
-1
1652
185
1653
-1
1654
50
1655
-1
1656
53
1657
-1
1658
69
1659
-1
1660
2
1661
-1
1662
98
1663
-1
1664
151
1665
-1
1666
41
1667
-1
1668
42
1669
-1
1670
184
1671
-1
1672
10
1673
-1
1674
132
1675
-1
1676
16
1677
-1
1678
2
1679
-1
1680
34
1681
-1
1682
135
1683
-1
1684
36
1685
-1
1686
3
1687
-1
1688
101
1689
-1
1690
55
1691
-1
1692
5
1693
-1
1694
171
1695
-1
1696
123
1697
-1
1698
47
1699
-1
1700
134
1701
-1
1702
165
1703
-1
1704
29
1705
-1
1706
146
1707
-1
1708
67
1709
-1
1710
10
1711
-1
1712
52
1713
-1
1714
154
1715
-1
1716
148
1717
-1
1718
40
1719
-1
1720
75
1721
-1
1722
38
1723
-1
1724
94
1725
-1
1726
138
1727
-1
1728
60
1729
-1
1730
91
1731
-1
1732
125
1733
-1
1734
114
1735
-1
1736
4
1737
-1
1738
134
1739
-1
1740
130
1741
-1
1742
31
1743
-1
1744
19
1745
-1
1746
126
1747
-1
1748
153
1749
-1
1750
23
1751
-1
1752
179
1753
-1
1754
134
1755
-1
1756
109
1757
-1
1758
41
1759
-1
1760
176
1761
-1
1762
163
1763
-1
1764
163
1765
-1
1766
166
1767
-1
1768
22
1769
-1
1770
76
1771
-1
1772
120
1773
-1
1774
77
1775
-1
1776
59
1777
-1
1778
98
1779
-1
1780
49
1781
-1
1782
168
1783
-1
1784
140
1785
-1
1786
147
1787
-1
1788
20
1789
-1
1790
86
1791
-1
1792
27
1793
-1
1794
120
1795
-1
1796
29
1797
-1
1798
68
1799
-1
1800
132
1801
-1
1802
131
1803
-1
1804
7
1805
-1
1806
71
1807
-1
1808
57
1809
-1
1810
181
1811
-1
1812
97
1813
-1
1814
42
1815
-1
1816
114
1817
-1
1818
24
1819
-1
1820
106
1821
-1
1822
64
1823
-1
1824
142
1825
-1
1826
141
1827
-1
1828
123
1829
-1
1830
47
1831
-1
1832
18
1833
-1
1834
97
1835
-1
1836
119
1837
-1
1838
95
1839
-1
1840
84
1841
-1
1842
55
1843
-1
1844
66
1845
-1
1846
72
1847
-1
1848
102
1849
-1
1850
21
1851
-1
1852
128
1853
-1
1854
92
1855
-1
1856
36
1857
-1
1858
151
1859
-1
1860
168
1861
-1
1862
14
1863
-1
1864
145
1865
-1
1866
23
1867
-1
1868
140
1869
-1
1870
179
1871
-1
1872
63
1873
-1
1874
71
1875
-1
1876
109
1877
-1
1878
62
1879
-1
1880
155
1881
-1
1882
36
1883
-1
1884
120
1885
-1
1886
71
1887
-1
1888
60
1889
-1
1890
88
1891
-1
1892
110
1893
-1
1894
5
1895
-1
1896
27
1897
-1
1898
10
1899
-1
1900
19
1901
-1
1902
53
1903
-1
1904
119
1905
-1
1906
64
1907
-1
1908
24
1909
-1
1910
107
1911
-1
1912
43
1913
-1
1914
2
1915
-1
1916
116
1917
-1
1918
111
1919
-1
1920
153
1921
-1
1922
99
1923
-1
1924
131
1925
-1
1926
139
1927
-1
1928
57
1929
-1
1930
83
1931
-1
1932
78
1933
-1
1934
56
1935
-1
1936
62
1937
-1
1938
53
1939
-1
1940
47
1941
-1
1942
70
1943
-1
1944
78
1945
-1
1946
25
1947
-1
1948
41
1949
-1
1950
92
1951
-1
1952
36
1953
-1
1954
67
1955
-1
1956
157
1957
-1
1958
120
1959
-1
1960
150
1961
-1
1962
32
1963
-1
1964
6
1965
-1
1966
159
1967
-1
1968
157
1969
-1
1970
92
1971
-1
1972
64
1973
-1
1974
138
1975
-1
1976
57
1977
-1
1978
175
1979
-1
1980
117
1981
-1
1982
182
1983
-1
1984
100
1985
-1
1986
140
1987
-1
1988
25
1989
-1
1990
142
1991
-1
1992
22
1993
-1
1994
96
1995
-1
1996
121
1997
-1
1998
68
1999
-1
2000
106
2001
-1
2002
68
2003
-1
2004
183
2005
-1
2006
110
2007
-1
2008
42
2009
-1
2010
126
2011
-1
2012
14
2013
-1
2014
111
2015
-1
2016
11
2017
-1
2018
2
2019
-1
2020
1
2021
-1
2022
17
2023
-1
2024
167
2025
-1
2026
22
2027
-1
2028
78
2029
-1
2030
75
2031
-1
2032
7
2033
-1
2034
144
2035
-1
2036
174
2037
-1
2038
140
2039
-1
2040
51
2041
-1
2042
168
2043
-1
2044
162
2045
-1
2046
173
2047
-1
2048
70
2049
-1
2050
87
2051
-1
2052
44
2053
-1
2054
168
2055
-1
2056
80
2057
-1
2058
179
2059
-1
2060
20
2061
-1
2062
175
2063
-1
2064
29
2065
-1
2066
52
2067
-1
2068
166
2069
-1
2070
65
2071
-1
2072
175
2073
-1
2074
120
2075
-1
2076
21
2077
-1
2078
66
2079
-1
2080
167
2081
-1
2082
122
2083
-1
2084
154
2085
-1
2086
20
2087
-1
2088
41
2089
-1
2090
129
2091
-1
2092
77
2093
-1
2094
76
2095
-1
2096
113
2097
-1
2098
72
2099
-1
2100
121
2101
-1
2102
151
2103
-1
2104
79
2105
-1
2106
12
2107
-1
2108
132
2109
-1
2110
123
2111
-1
2112
146
2113
-1
2114
177
2115
-1
2116
63
2117
-1
2118
127
2119
-1
2120
114
2121
-1
2122
16
2123
-1
2124
183
2125
-1
2126
136
2127
-1
2128
97
2129
-1
2130
143
2131
-1
2132
169
2133
-1
2134
83
2135
-1
2136
103
2137
-1
2138
103
2139
-1
2140
10
2141
-1
2142
34
2143
-1
2144
84
2145
-1
2146
88
2147
-1
2148
83
2149
-1
2150
136
2151
-1
2152
126
2153
-1
2154
127
2155
-1
2156
75
2157
-1
2158
6
2159
-1
2160
169
2161
-1
2162
140
2163
-1
2164
112
2165
-1
2166
141
2167
-1
2168
138
2169
-1
2170
106
2171
-1
2172
143
2173
-1
2174
32
2175
-1
2176
91
2177
-1
2178
12
2179
-1
2180
100
2181
-1
2182
20
2183
-1
2184
112
2185
-1
2186
27
2187
-1
2188
181
2189
-1
2190
122
2191
-1
2192
86
2193
-1
2194
84
2195
-1
2196
28
2197
-1
2198
104
2199
-1
2200
22
2201
-1
2202
14
2203
-1
2204
179
2205
-1
2206
137
2207
-1
2208
82
2209
-1
2210
10
2211
-1
2212
7
2213
-1
2214
75
2215
-1
2216
111
2217
-1
2218
155
2219
-1
2220
182
2221
-1
2222
128
2223
-1
2224
94
2225
-1
2226
1
2227
-1
2228
73
2229
-1
2230
85
2231
-1
2232
89
2233
-1
2234
88
2235
-1
2236
142
2237
-1
2238
17
2239
-1
2240
9
2241
-1
2242
165
2243
-1
2244
179
2245
-1
2246
96
2247
-1
2248
98
2249
-1
2250
35
2251
-1
2252
97
2253
-1
2254
63
2255
-1
2256
28
2257
-1
2258
172
2259
-1
2260
183
2261
-1
2262
138
2263
-1
2264
38
2265
-1
2266
99
2267
-1
2268
114
2269
-1
2270
138
2271
-1
2272
149
2273
-1
2274
100
2275
-1
2276
114
2277
-1
2278
136
2279
-1
2280
10
2281
-1
2282
128
2283
-1
2284
101
2285
-1
2286
32
2287
-1
2288
151
2289
-1
2290
95
2291
-1
2292
55
2293
-1
2294
70
2295
-1
2296
82
2297
-1
2298
57
2299
-1
2300
185
2301
-1
2302
130
2303
-1
2304
17
2305
-1
2306
22
2307
-1
2308
148
2309
-1
2310
72
2311
-1
2312
109
2313
-1
2314
103
2315
-1
2316
151
2317
-1
2318
155
2319
-1
2320
12
2321
-1
2322
85
2323
-1
2324
64
2325
-1
2326
84
2327
-1
2328
162
2329
-1
2330
1
2331
-1
2332
181
2333
-1
2334
44
2335
-1
2336
28
2337
-1
2338
67
2339
-1
2340
36
2341
-1
2342
174
2343
-1
2344
74
2345
-1
2346
109
2347
-1
2348
66
2349
-1
2350
43
2351
-1
2352
24
2353
-1
2354
142
2355
-1
2356
33
2357
-1
2358
167
2359
-1
2360
183
2361
-1
2362
45
2363
-1
2364
115
2365
-1
2366
174
2367
-1
2368
34
2369
-1
2370
131
2371
-1
2372
17
2373
-1
2374
183
2375
-1
2376
6
2377
-1
2378
123
2379
-1
2380
102
2381
-1
2382
174
2383
-1
2384
113
2385
-1
2386
112
2387
-1
2388
117
2389
-1
2390
184
2391
-1
2392
181
2393
-1
2394
122
2395
-1
2396
177
2397
-1
2398
36
2399
-1
2400
30
2401
-1
2402
73
2403
-1
2404
159
2405
-1
2406
116
2407
-1
2408
71
2409
-1
2410
38
2411
-1
2412
77
2413
-1
2414
176
2415
-1
2416
124
2417
-1
2418
105
2419
-1
2420
176
2421
-1
2422
170
2423
-1
2424
89
2425
-1
2426
172
2427
-1
2428
182
2429
-1
2430
80
2431
-1
2432
27
2433
-1
2434
47
2435
-1
2436
47
2437
-1
2438
87
2439
-1
2440
121
2441
-1
2442
138
2443
-1
2444
3
2445
-1
2446
179
2447
-1
2448
107
2449
-1
2450
156
2451
-1
2452
97
2453
-1
2454
127
2455
-1
2456
124
2457
-1
2458
153
2459
-1
2460
101
2461
-1
2462
130
2463
-1
2464
81
2465
-1
2466
137
2467
-1
2468
82
2469
-1
2470
159
2471
-1
2472
92
2473
-1
2474
33
2475
-1
2476
17
2477
-1
2478
124
2479
-1
2480
115
2481
-1
2482
23
2483
-1
2484
10
2485
-1
2486
32
2487
-1
2488
26
2489
-1
2490
138
2491
-1
2492
156
2493
-1
2494
173
2495
-1
2496
146
2497
-1
2498
83
2499
-1
2500
143
2501
-1
2502
43
2503
-1
2504
13
2505
-1
2506
167
2507
-1
2508
185
2509
-1
2510
93
2511
-1
2512
88
2513
-1
2514
161
2515
-1
2516
165
2517
-1
2518
87
2519
-1
2520
178
2521
-1
2522
44
2523
-1
2524
82
2525
-1
2526
108
2527
-1
2528
169
2529
-1
2530
15
2531
-1
2532
96
2533
-1
2534
86
2535
-1
2536
182
2537
-1
2538
56
2539
-1
2540
39
2541
-1
2542
160
2543
-1
2544
82
2545
-1
2546
114
2547
-1
2548
165
2549
-1
2550
70
2551
-1
2552
111
2553
-1
2554
10
2555
-1
2556
66
2557
-1
2558
96
2559
-1
2560
182
2561
-1
2562
151
2563
-1
2564
28
2565
-1
2566
115
2567
-1
2568
7
2569
-1
2570
99
2571
-1
2572
22
2573
-1
2574
49
2575
-1
2576
54
2577
-1
2578
171
2579
-1
2580
31
2581
-1
2582
58
2583
-1
2584
84
2585
-1
2586
75
2587
-1
2588
25
2589
-1
2590
30
2591
-1
2592
127
2593
-1
2594
70
2595
-1
2596
122
2597
-1
2598
93
2599
-1
2600
166
2601
-1
2602
149
2603
-1
2604
49
2605
-1
2606
59
2607
-1
2608
49
2609
-1
2610
59
2611
-1
2612
131
2613
-1
2614
9
2615
-1
2616
49
2617
-1
2618
168
2619
-1
2620
127
2621
-1
2622
117
2623
-1
2624
167
2625
-1
2626
129
2627
-1
2628
17
2629
-1
2630
176
2631
-1
2632
169
2633
-1
2634
110
2635
-1
2636
86
2637
-1
2638
133
2639
-1
2640
71
2641
-1
2642
50
2643
-1
2644
43
2645
-1
2646
92
2647
-1
2648
53
2649
-1
2650
172
2651
-1
2652
20
2653
-1
2654
72
2655
-1
2656
41
2657
-1
2658
176
2659
-1
2660
5
2661
-1
2662
94
2663
-1
2664
85
2665
-1
2666
42
2667
-1
2668
54
2669
-1
2670
54
2671
-1
2672
30
2673
-1
2674
97
2675
-1
2676
63
2677
-1
2678
160
2679
-1
2680
120
2681
-1
2682
66
2683
-1
2684
122
2685
-1
2686
127
2687
-1
2688
34
2689
-1
2690
66
2691
-1
2692
12
2693
-1
2694
95
2695
-1
2696
7
2697
-1
2698
19
2699
-1
2700
12
2701
-1
2702
0
2703
-1
2704
122
2705
-1
2706
121
2707
-1
2708
50
2709
-1
2710
2
2711
-1
2712
8
2713
-1
2714
128
2715
-1
2716
107
2717
-1
2718
25
2719
-1
2720
5
2721
-1
2722
138
2723
-1
2724
138
2725
-1
2726
49
2727
-1
2728
165
2729
-1
2730
95
2731
-1
2732
54
2733
-1
2734
57
2735
-1
2736
58
2737
-1
2738
68
2739
-1
2740
119
2741
-1
2742
114
2743
-1
2744
4
2745
-1
2746
92
2747
-1
2748
76
2749
-1
2750
90
2751
-1
2752
92
2753
-1
2754
136
2755
-1
2756
94
2757
-1
2758
170
2759
-1
2760
93
2761
-1
2762
94
2763
-1
2764
145
2765
-1
2766
98
2767
-1
2768
16
2769
-1
2770
44
2771
-1
2772
73
2773
-1
2774
65
2775
-1
2776
19
2777
-1
2778
162
2779
-1
2780
81
2781
-1
2782
145
2783
-1
2784
12
2785
-1
2786
94
2787
-1
2788
73
2789
-1
2790
65
2791
-1
2792
176
2793
-1
2794
149
2795
-1
2796
144
2797
-1
2798
144
2799
-1
2800
161
2801
-1
2802
3
2803
-1
2804
182
2805
-1
2806
182
2807
-1
2808
141
2809
-1
2810
1
2811
-1
2812
151
2813
-1
2814
6
2815
-1
2816
38
2817
-1
2818
115
2819
-1
2820
64
2821
-1
2822
134
2823
-1
2824
81
2825
-1
2826
71
2827
-1
2828
101
2829
-1
2830
120
2831
-1
2832
69
2833
-1
2834
37
2835
-1
2836
123
2837
-1
2838
17
2839
-1
2840
139
2841
-1
2842
181
2843
-1
2844
152
2845
-1
2846
97
2847
-1
2848
15
2849
-1
2850
158
2851
-1
2852
93
2853
-1
2854
9
2855
-1
2856
86
2857
-1
2858
71
2859
-1
2860
89
2861
-1
2862
144
2863
-1
2864
24
2865
-1
2866
117
2867
-1
2868
54
2869
-1
2870
31
2871
-1
2872
30
2873
-1
2874
64
2875
-1
2876
99
2877
-1
2878
90
2879
-1
2880
76
2881
-1
2882
77
2883
-1
2884
124
2885
-1
2886
139
2887
-1
2888
135
2889
-1
2890
154
2891
-1
2892
55
2893
-1
2894
68
2895
-1
2896
180
2897
-1
2898
19
2899
-1
2900
117
2901
-1
2902
113
2903
-1
2904
110
2905
-1
2906
16
2907
-1
2908
59
2909
-1
2910
144
2911
-1
2912
35
2913
-1
2914
141
2915
-1
2916
144
2917
-1
2918
174
2919
-1
2920
90
2921
-1
2922
59
2923
-1
2924
43
2925
-1
2926
2
2927
-1
2928
54
2929
-1
2930
99
2931
-1
2932
121
2933
-1
2934
19
2935
-1
2936
26
2937
-1
2938
10
2939
-1
2940
27
2941
-1
2942
184
2943
-1
2944
59
2945
-1
2946
52
2947
-1
2948
60
2949
-1
2950
121
2951
-1
2952
165
2953
-1
2954
32
2955
-1
2956
163
2957
-1
2958
3
2959
-1
2960
6
2961
-1
2962
49
2963
-1
2964
100
2965
-1
2966
123
2967
-1
2968
154
2969
-1
2970
151
2971
-1
2972
31
2973
-1
2974
61
2975
-1
2976
144
2977
-1
2978
79
2979
-1
2980
51
2981
-1
2982
49
2983
-1
2984
107
2985
-1
2986
27
2987
-1
2988
100
2989
-1
2990
68
2991
-1
2992
63
2993
-1
2994
70
2995
-1
2996
116
2997
-1
2998
122
2999
-1
3000
122
3001
-1
3002
24
3003
-1
3004
84
3005
-1
3006
150
3007
-1
3008
9
3009
-1
3010
178
3011
-1
3012
10
3013
-1
3014
103
3015
-1
3016
87
3017
-1
3018
113
3019
-1
3020
82
3021
-1
3022
141
3023
-1
3024
80
3025
-1
3026
1
3027
-1
3028
79
3029
-1
3030
48
3031
-1
3032
43
3033
-1
3034
89
3035
-1
3036
87
3037
-1
3038
19
3039
-1
3040
150
3041
-1
3042
140
3043
-1
3044
114
3045
-1
3046
94
3047
-1
3048
10
3049
-1
3050
122
3051
-1
3052
141
3053
-1
3054
23
3055
-1
3056
141
3057
-1
3058
144
3059
-1
3060
42
3061
-1
3062
101
3063
-1
3064
12
3065
-1
3066
159
3067
-1
3068
6
3069
-1
3070
151
3071
-1
3072
7
3073
-1
3074
21
3075
-1
3076
28
3077
-1
3078
167
3079
-1
3080
174
3081
-1
3082
40
3083
-1
3084
127
3085
-1
3086
58
3087
-1
3088
95
3089
-1
3090
21
3091
-1
3092
153
3093
-1
3094
79
3095
-1
3096
61
3097
-1
3098
181
3099
-1
3100
137
3101
-1
3102
4
3103
-1
3104
25
3105
-1
3106
47
3107
-1
3108
163
3109
-1
3110
168
3111
-1
3112
169
3113
-1
3114
43
3115
-1
3116
159
3117
-1
3118
119
3119
-1
3120
12
3121
-1
3122
40
3123
-1
3124
60
3125
-1
3126
58
3127
-1
3128
39
3129
-1
3130
176
3131
-1
3132
138
3133
-1
3134
171
3135
-1
3136
152
3137
-1
3138
132
3139
-1
3140
81
3141
-1
3142
123
3143
-1
3144
34
3145
-1
3146
119
3147
-1
3148
140
3149
-1
3150
110
3151
-1
3152
7
3153
-1
3154
130
3155
-1
3156
119
3157
-1
3158
27
3159
-1
3160
95
3161
-1
3162
48
3163
-1
3164
97
3165
-1
3166
33
3167
-1
3168
64
3169
-1
3170
77
3171
-1
3172
165
3173
-1
3174
106
3175
-1
3176
12
3177
-1
3178
44
3179
-1
3180
145
3181
-1
3182
117
3183
-1
3184
94
3185
-1
3186
150
3187
-1
3188
36
3189
-1
3190
6
3191
-1
3192
104
3193
-1
3194
75
3195
-1
3196
54
3197
-1
3198
81
3199
-1
3200
87
3201
-1
3202
4
3203
-1
3204
83
3205
-1
3206
171
3207
-1
3208
185
3209
-1
3210
133
3211
-1
3212
152
3213
-1
3214
119
3215
-1
3216
38
3217
-1
3218
4
3219
-1
3220
4
3221
-1
3222
114
3223
-1
3224
176
3225
-1
3226
46
3227
-1
3228
17
3229
-1
3230
68
3231
-1
3232
115
3233
-1
3234
17
3235
-1
3236
162
3237
-1
3238
105
3239
-1
3240
145
3241
-1
3242
85
3243
-1
3244
94
3245
-1
3246
3
3247
-1
3248
5
3249
-1
3250
11
3251
-1
3252
140
3253
-1
3254
154
3255
-1
3256
127
3257
-1
3258
149
3259
-1
3260
150
3261
-1
3262
70
3263
-1
3264
185
3265
-1
3266
91
3267
-1
3268
49
3269
-1
3270
111
3271
-1
3272
57
3273
-1
3274
178
3275
-1
3276
137
3277
-1
3278
47
3279
-1
3280
172
3281
-1
3282
175
3283
-1
3284
1
3285
-1
3286
166
3287
-1
3288
175
3289
-1
3290
93
3291
-1
3292
122
3293
-1
3294
140
3295
-1
3296
160
3297
-1
3298
26
3299
-1
3300
7
3301
-1
3302
130
3303
-1
3304
29
3305
-1
3306
19
3307
-1
3308
108
3309
-1
3310
115
3311
-1
3312
119
3313
-1
3314
13
3315
-1
3316
179
3317
-1
3318
149
3319
-1
3320
106
3321
-1
3322
25
3323
-1
3324
183
3325
-1
3326
95
3327
-1
3328
66
3329
-1
3330
59
3331
-1
3332
8
3333
-1
3334
82
3335
-1
3336
95
3337
-1
3338
76
3339
-1
3340
33
3341
-1
3342
179
3343
-1
3344
107
3345
-1
3346
36
3347
-1
3348
83
3349
-1
3350
64
3351
-1
3352
133
3353
-1
3354
80
3355
-1
3356
117
3357
-1
3358
184
3359
-1
3360
159
3361
-1
3362
116
3363
-1
3364
84
3365
-1
3366
9
3367
-1
3368
182
3369
-1
3370
18
3371
-1
3372
37
3373
-1
3374
70
3375
-1
3376
7
3377
-1
3378
125
3379
-1
3380
3
3381
-1
3382
70
3383
-1
3384
68
3385
-1
3386
142
3387
-1
3388
104
3389
-1
3390
43
3391
-1
3392
158
3393
-1
3394
183
3395
-1
3396
83
3397
-1
3398
7
3399
-1
3400
76
3401
-1
3402
130
3403
-1
3404
25
3405
-1
3406
100
3407
-1
3408
177
3409
-1
3410
152
3411
-1
3412
117
3413
-1
3414
18
3415
-1
3416
134
3417
-1
3418
164
3419
-1
3420
144
3421
-1
3422
161
3423
-1
3424
55
3425
-1
3426
35
3427
-1
3428
108
3429
-1
3430
73
3431
-1
3432
42
3433
-1
3434
125
3435
-1
3436
84
3437
-1
3438
61
3439
-1
3440
70
3441
-1
3442
85
3443
-1
3444
101
3445
-1
3446
125
3447
-1
3448
114
3449
-1
3450
51
3451
-1
3452
88
3453
-1
3454
56
3455
-1
3456
12
3457
-1
3458
84
3459
-1
3460
140
3461
-1
3462
103
3463
-1
3464
89
3465
-1
3466
105
3467
-1
3468
10
3469
-1
3470
140
3471
-1
3472
129
3473
-1
3474
43
3475
-1
3476
62
3477
-1
3478
97
3479
-1
3480
160
3481
-1
3482
57
3483
-1
3484
86
3485
-1
3486
114
3487
-1
3488
6
3489
-1
3490
113
3491
-1
3492
184
3493
-1
3494
16
3495
-1
3496
57
3497
-1
3498
96
3499
-1
3500
79
3501
-1
3502
133
3503
-1
3504
174
3505
-1
3506
105
3507
-1
3508
66
3509
-1
3510
9
3511
-1
3512
24
3513
-1
3514
73
3515
-1
3516
39
3517
-1
3518
177
3519
-1
3520
32
3521
-1
3522
31
3523
-1
3524
82
3525
-1
3526
38
3527
-1
3528
175
3529
-1
3530
38
3531
-1
3532
101
3533
-1
3534
159
3535
-1
3536
64
3537
-1
3538
50
3539
-1
3540
59
3541
-1
3542
59
3543
-1
3544
94
3545
-1
3546
35
3547
-1
3548
152
3549
-1
3550
102
3551
-1
3552
93
3553
-1
3554
141
3555
-1
3556
15
3557
-1
3558
122
3559
-1
3560
163
3561
-1
3562
139
3563
-1
3564
101
3565
-1
3566
153
3567
-1
3568
153
3569
-1
3570
130
3571
-1
3572
173
3573
-1
3574
112
3575
-1
3576
20
3577
-1
3578
170
3579
-1
3580
140
3581
-1
3582
90
3583
-1
3584
2
3585
-1
3586
20
3587
-1
3588
114
3589
-1
3590
36
3591
-1
3592
40
3593
-1
3594
96
3595
-1
3596
157
3597
-1
3598
40
3599
-1
3600
137
3601
-1
3602
159
3603
-1
3604
70
3605
-1
3606
67
3607
-1
3608
93
3609
-1
3610
96
3611
-1
3612
184
3613
-1
3614
148
3615
-1
3616
1
3617
-1
3618
2
3619
-1
3620
66
3621
-1
3622
6
3623
-1
3624
99
3625
-1
3626
95
3627
-1
3628
95
3629
-1
3630
144
3631
-1
3632
182
3633
-1
3634
160
3635
-1
3636
22
3637
-1
3638
29
3639
-1
3640
21
3641
-1
3642
168
3643
-1
3644
42
3645
-1
3646
115
3647
-1
3648
160
3649
-1
3650
35
3651
-1
3652
173
3653
-1
3654
46
3655
-1
3656
36
3657
-1
3658
180
3659
-1
3660
76
3661
-1
3662
119
3663
-1
3664
25
3665
-1
3666
14
3667
-1
3668
4
3669
-1
3670
55
3671
-1
3672
31
3673
-1
3674
76
3675
-1
3676
64
3677
-1
3678
82
3679
-1
3680
135
3681
-1
3682
161
3683
-1
3684
168
3685
-1
3686
43
3687
-1
3688
172
3689
-1
3690
147
3691
-1
3692
43
3693
-1
3694
148
3695
-1
3696
2
3697
-1
3698
183
3699
-1
3700
62
3701
-1
3702
123
3703
-1
3704
94
3705
-1
3706
73
3707
-1
3708
18
3709
-1
3710
40
3711
-1
3712
34
3713
-1
3714
53
3715
-1
3716
79
3717
-1
3718
43
3719
-1
3720
86
3721
-1
3722
173
3723
-1
3724
75
3725
-1
3726
84
3727
-1
3728
154
3729
-1
3730
19
3731
-1
3732
152
3733
-1
3734
73
3735
-1
3736
148
3737
-1
3738
153
3739
-1
3740
149
3741
-1
3742
44
3743
-1
3744
147
3745
-1
3746
170
3747
-1
3748
155
3749
-1
3750
66
3751
-1
3752
79
3753
-1
3754
167
3755
-1
3756
52
3757
-1
3758
137
3759
-1
3760
15
3761
-1
3762
111
3763
-1
3764
79
3765
-1
3766
180
3767
-1
3768
135
3769
-1
3770
177
3771
-1
3772
50
3773
-1
3774
142
3775
-1
3776
149
3777
-1
3778
157
3779
-1
3780
76
3781
-1
3782
31
3783
-1
3784
67
3785
-1
3786
156
3787
-1
3788
56
3789
-1
3790
13
3791
-1
3792
168
3793
-1
3794
176
3795
-1
3796
127
3797
-1
3798
3
3799
-1
3800
90
3801
-1
3802
134
3803
-1
3804
10
3805
-1
3806
52
3807
-1
3808
40
3809
-1
3810
133
3811
-1
3812
96
3813
-1
3814
38
3815
-1
3816
139
3817
-1
3818
86
3819
-1
3820
183
3821
-1
3822
142
3823
-1
3824
173
3825
-1
3826
49
3827
-1
3828
23
3829
-1
3830
60
3831
-1
3832
35
3833
-1
3834
145
3835
-1
3836
80
3837
-1
3838
21
3839
-1
3840
20
3841
-1
3842
167
3843
-1
3844
68
3845
-1
3846
173
3847
-1
3848
115
3849
-1
3850
39
3851
-1
3852
80
3853
-1
3854
151
3855
-1
3856
86
3857
-1
3858
45
3859
-1
3860
67
3861
-1
3862
178
3863
-1
3864
149
3865
-1
3866
34
3867
-1
3868
54
3869
-1
3870
175
3871
-1
3872
23
3873
-1
3874
39
3875
-1
3876
52
3877
-1
3878
12
3879
-1
3880
138
3881
-1
3882
2
3883
-1
3884
51
3885
-1
3886
120
3887
-1
3888
28
3889
-1
3890
126
3891
-1
3892
72
3893
-1
3894
177
3895
-1
3896
67
3897
-1
3898
49
3899
-1
3900
15
3901
-1
3902
113
3903
-1
3904
102
3905
-1
3906
74
3907
-1
3908
83
3909
-1
3910
145
3911
-1
3912
156
3913
-1
3914
55
3915
-1
3916
11
3917
-1
3918
181
3919
-1
3920
67
3921
-1
3922
117
3923
-1
3924
47
3925
-1
3926
162
3927
-1
3928
26
3929
-1
3930
152
3931
-1
3932
113
3933
-1
3934
144
3935
-1
3936
59
3937
-1
3938
1
3939
-1
3940
52
3941
-1
3942
129
3943
-1
3944
142
3945
-1
3946
137
3947
-1
3948
35
3949
-1
3950
16
3951
-1
3952
74
3953
-1
3954
184
3955
-1
3956
178
3957
-1
3958
57
3959
-1
3960
96
3961
-1
3962
84
3963
-1
3964
53
3965
-1
3966
18
3967
-1
3968
89
3969
-1
3970
20
3971
-1
3972
77
3973
-1
3974
2
3975
-1
3976
16
3977
-1
3978
95
3979
-1
3980
185
3981
-1
3982
135
3983
-1
3984
104
3985
-1
3986
171
3987
-1
3988
33
3989
-1
3990
45
3991
-1
3992
172
3993
-1
3994
35
3995
-1
3996
3
3997
-1
3998
32
3999
-1
4000
184
4001
-1
4002
104
4003
-1
4004
173
4005
-1
4006
10
4007
-1
4008
183
4009
-1
4010
165
4011
-1
4012
6
4013
-1
4014
18
4015
-1
4016
67
4017
-1
4018
125
4019
-1
4020
77
4021
-1
4022
138
4023
-1
4024
156
4025
-1
4026
79
4027
-1
4028
143
4029
-1
4030
92
4031
-1
4032
156
4033
-1
4034
133
4035
-1
4036
10
4037
-1
4038
55
4039
-1
4040
51
4041
-1
4042
182
4043
-1
4044
16
4045
-1
4046
150
4047
-1
4048
175
4049
-1
4050
96
4051
-1
4052
77
4053
-1
4054
143
4055
-1
4056
119
4057
-1
4058
96
4059
-1
4060
157
4061
-1
4062
81
4063
-1
4064
64
4065
-1
4066
44
4067
-1
4068
53
4069
-1
4070
73
4071
-1
4072
171
4073
-1
4074
7
4075
-1
4076
174
4077
-1
4078
52
4079
-1
4080
166
4081
-1
4082
174
4083
-1
4084
125
4085
-1
4086
49
4087
-1
4088
175
4089
-1
4090
100
4091
-1
4092
180
4093
-1
4094
179
4095
-1
4096
133
4097
-1
4098
67
4099
-1
4100
108
4101
-1
4102
29
4103
-1
4104
136
4105
-1
4106
50
4107
-1
4108
148
4109
-1
4110
107
4111
-1
4112
123
4113
-1
4114
80
4115
-1
4116
87
4117
-1
4118
68
4119
-1
4120
118
4121
-1
4122
0
4123
-1
4124
118
4125
-1
4126
118
4127
-1
4128
70
4129
-1
4130
112
4131
-1
4132
168
4133
-1
4134
35
4135
-1
4136
76
4137
-1
4138
24
4139
-1
4140
174
4141
-1
4142
140
4143
-1
4144
48
4145
-1
4146
61
4147
-1
4148
167
4149
-1
4150
0
4151
-1
4152
177
4153
-1
4154
135
4155
-1
4156
138
4157
-1
4158
130
4159
-1
4160
163
4161
-1
4162
20
4163
-1
4164
68
4165
-1
4166
180
4167
-1
4168
154
4169
-1
4170
26
4171
-1
4172
177
4173
-1
4174
16
4175
-1
4176
157
4177
-1
4178
33
4179
-1
4180
67
4181
-1
4182
30
4183
-1
4184
34
4185
-1
4186
49
4187
-1
4188
138
4189
-1
4190
76
4191
-1
4192
153
4193
-1
4194
119
4195
-1
4196
115
4197
-1
4198
164
4199
-1
4200
33
4201
-1
4202
81
4203
-1
4204
97
4205
-1
4206
136
4207
-1
4208
53
4209
-1
4210
64
4211
-1
4212
30
4213
-1
4214
70
4215
-1
4216
118
4217
-1
4218
12
4219
-1
4220
180
4221
-1
4222
74
4223
-1
4224
140
4225
-1
4226
47
4227
-1
4228
108
4229
-1
4230
109
4231
-1
4232
135
4233
-1
4234
151
4235
-1
4236
74
4237
-1
4238
65
4239
-1
4240
64
4241
-1
4242
82
4243
-1
4244
184
4245
-1
4246
141
4247
-1
4248
179
4249
-1
4250
0
4251
-1
4252
131
4253
-1
4254
122
4255
-1
4256
99
4257
-1
4258
102
4259
-1
4260
78
4261
-1
4262
121
4263
-1
4264
48
4265
-1
4266
93
4267
-1
4268
165
4269
-1
4270
20
4271
-1
4272
177
4273
-1
4274
122
4275
-1
4276
133
4277
-1
4278
145
4279
-1
4280
17
4281
-1
4282
136
4283
-1
4284
43
4285
-1
4286
82
4287
-1
4288
164
4289
-1
4290
104
4291
-1
4292
105
4293
-1
4294
114
4295
-1
4296
84
4297
-1
4298
9
4299
-1
4300
183
4301
-1
4302
72
4303
-1
4304
97
4305
-1
4306
62
4307
-1
4308
126
4309
-1
4310
126
4311
-1
4312
87
4313
-1
4314
5
4315
-1
4316
81
4317
-1
4318
117
4319
-1
4320
142
4321
-1
4322
64
4323
-1
4324
26
4325
-1
4326
142
4327
-1
4328
64
4329
-1
4330
111
4331
-1
4332
138
4333
-1
4334
22
4335
-1
4336
54
4337
-1
4338
154
4339
-1
4340
22
4341
-1
4342
143
4343
-1
4344
183
4345
-1
4346
94
4347
-1
4348
90
4349
-1
4350
128
4351
-1
4352
112
4353
-1
4354
118
4355
-1
4356
19
4357
-1
4358
88
4359
-1
4360
114
4361
-1
4362
99
4363
-1
4364
179
4365
-1
4366
122
4367
-1
4368
33
4369
-1
4370
44
4371
-1
4372
98
4373
-1
4374
42
4375
-1
4376
108
4377
-1
4378
157
4379
-1
4380
171
4381
-1
4382
9
4383
-1
4384
133
4385
-1
4386
178
4387
-1
4388
64
4389
-1
4390
121
4391
-1
4392
156
4393
-1
4394
52
4395
-1
4396
155
4397
-1
4398
76
4399
-1
4400
50
4401
-1
4402
176
4403
-1
4404
143
4405
-1
4406
140
4407
-1
4408
116
4409
-1
4410
144
4411
-1
4412
140
4413
-1
4414
15
4415
-1
4416
139
4417
-1
4418
117
4419
-1
4420
68
4421
-1
4422
24
4423
-1
4424
102
4425
-1
4426
114
4427
-1
4428
67
4429
-1
4430
34
4431
-1
4432
5
4433
-1
4434
166
4435
-1
4436
127
4437
-1
4438
178
4439
-1
4440
114
4441
-1
4442
105
4443
-1
4444
100
4445
-1
4446
135
4447
-1
4448
161
4449
-1
4450
93
4451
-1
4452
16
4453
-1
4454
132
4455
-1
4456
57
4457
-1
4458
123
4459
-1
4460
0
4461
-1
4462
101
4463
-1
4464
68
4465
-1
4466
67
4467
-1
4468
33
4469
-1
4470
183
4471
-1
4472
39
4473
-1
4474
22
4475
-1
4476
49
4477
-1
4478
135
4479
-1
4480
167
4481
-1
4482
132
4483
-1
4484
1
4485
-1
4486
76
4487
-1
4488
155
4489
-1
4490
147
4491
-1
4492
185
4493
-1
4494
32
4495
-1
4496
96
4497
-1
4498
59
4499
-1
4500
172
4501
-1
4502
183
4503
-1
4504
130
4505
-1
4506
28
4507
-1
4508
82
4509
-1
4510
145
4511
-1
4512
139
4513
-1
4514
155
4515
-1
4516
22
4517
-1
4518
158
4519
-1
4520
141
4521
-1
4522
152
4523
-1
4524
175
4525
-1
4526
64
4527
-1
4528
31
4529
-1
4530
95
4531
-1
4532
12
4533
-1
4534
81
4535
-1
4536
37
4537
-1
4538
8
4539
-1
4540
73
4541
-1
4542
154
4543
-1
4544
177
4545
-1
4546
0
4547
-1
4548
77
4549
-1
4550
50
4551
-1
4552
29
4553
-1
4554
158
4555
-1
4556
102
4557
-1
4558
94
4559
-1
4560
137
4561
-1
4562
34
4563
-1
4564
83
4565
-1
4566
41
4567
-1
4568
117
4569
-1
4570
185
4571
-1
4572
31
4573
-1
4574
60
4575
-1
4576
41
4577
-1
4578
71
4579
-1
4580
63
4581
-1
4582
185
4583
-1
4584
178
4585
-1
4586
38
4587
-1
4588
21
4589
-1
4590
176
4591
-1
4592
141
4593
-1
4594
33
4595
-1
4596
60
4597
-1
4598
105
4599
-1
4600
0
4601
-1
4602
153
4603
-1
4604
69
4605
-1
4606
167
4607
-1
4608
127
4609
-1
4610
62
4611
-1
4612
155
4613
-1
4614
2
4615
-1
4616
18
4617
-1
4618
147
4619
-1
4620
25
4621
-1
4622
120
4623
-1
4624
164
4625
-1
4626
70
4627
-1
4628
66
4629
-1
4630
71
4631
-1
4632
90
4633
-1
4634
164
4635
-1
4636
134
4637
-1
4638
158
4639
-1
4640
71
4641
-1
4642
30
4643
-1
4644
38
4645
-1
4646
5
4647
-1
4648
82
4649
-1
4650
166
4651
-1
4652
97
4653
-1
4654
171
4655
-1
4656
175
4657
-1
4658
91
4659
-1
4660
18
4661
-1
4662
73
4663
-1
4664
115
4665
-1
4666
86
4667
-1
4668
77
4669
-1
4670
43
4671
-1
4672
107
4673
-1
4674
90
4675
-1
4676
122
4677
-1
4678
123
4679
-1
4680
121
4681
-1
4682
78
4683
-1
4684
130
4685
-1
4686
158
4687
-1
4688
89
4689
-1
4690
182
4691
-1
4692
25
4693
-1
4694
104
4695
-1
4696
50
4697
-1
4698
72
4699
-1
4700
60
4701
-1
4702
80
4703
-1
4704
2
4705
-1
4706
41
4707
-1
4708
23
4709
-1
4710
32
4711
-1
4712
140
4713
-1
4714
168
4715
-1
4716
4
4717
-1
4718
173
4719
-1
4720
126
4721
-1
4722
117
4723
-1
4724
130
4725
-1
4726
3
4727
-1
4728
151
4729
-1
4730
45
4731
-1
4732
12
4733
-1
4734
47
4735
-1
4736
172
4737
-1
4738
54
4739
-1
4740
83
4741
-1
4742
166
4743
-1
4744
164
4745
-1
4746
94
4747
-1
4748
167
4749
-1
4750
129
4751
-1
4752
147
4753
-1
4754
137
4755
-1
4756
40
4757
-1
4758
162
4759
-1
4760
1
4761
-1
4762
129
4763
-1
4764
68
4765
-1
4766
72
4767
-1
4768
184
4769
-1
4770
121
4771
-1
4772
86
4773
-1
4774
15
4775
-1
4776
159
4777
-1
4778
105
4779
-1
4780
146
4781
-1
4782
73
4783
-1
4784
158
4785
-1
4786
143
4787
-1
4788
140
4789
-1
4790
49
4791
-1
4792
150
4793
-1
4794
51
4795
-1
4796
179
4797
-1
4798
72
4799
-1
4800
72
4801
-1
4802
46
4803
-1
4804
21
4805
-1
4806
114
4807
-1
4808
12
4809
-1
4810
116
4811
-1
4812
115
4813
-1
4814
164
4815
-1
4816
108
4817
-1
4818
94
4819
-1
4820
81
4821
-1
4822
74
4823
-1
4824
170
4825
-1
4826
113
4827
-1
4828
125
4829
-1
4830
114
4831
-1
4832
38
4833
-1
4834
68
4835
-1
4836
159
4837
-1
4838
76
4839
-1
4840
169
4841
-1
4842
172
4843
-1
4844
9
4845
-1
4846
172
4847
-1
4848
164
4849
-1
4850
39
4851
-1
4852
68
4853
-1
4854
75
4855
-1
4856
46
4857
-1
4858
109
4859
-1
4860
140
4861
-1
4862
139
4863
-1
4864
134
4865
-1
4866
176
4867
-1
4868
16
4869
-1
4870
155
4871
-1
4872
6
4873
-1
4874
168
4875
-1
4876
174
4877
-1
4878
159
4879
-1
4880
124
4881
-1
4882
96
4883
-1
4884
49
4885
-1
4886
164
4887
-1
4888
185
4889
-1
4890
78
4891
-1
4892
15
4893
-1
4894
45
4895
-1
4896
150
4897
-1
4898
164
4899
-1
4900
59
4901
-1
4902
41
4903
-1
4904
119
4905
-1
4906
70
4907
-1
4908
69
4909
-1
4910
137
4911
-1
4912
185
4913
-1
4914
3
4915
-1
4916
69
4917
-1
4918
58
4919
-1
4920
53
4921
-1
4922
114
4923
-1
4924
49
4925
-1
4926
1
4927
-1
4928
152
4929
-1
4930
59
4931
-1
4932
49
4933
-1
4934
34
4935
-1
4936
147
4937
-1
4938
125
4939
-1
4940
18
4941
-1
4942
154
4943
-1
4944
47
4945
-1
4946
8
4947
-1
4948
185
4949
-1
4950
165
4951
-1
4952
69
4953
-1
4954
112
4955
-1
4956
43
4957
-1
4958
68
4959
-1
4960
158
4961
-1
4962
7
4963
-1
4964
11
4965
-1
4966
9
4967
-1
4968
55
4969
-1
4970
81
4971
-1
4972
14
4973
-1
4974
174
4975
-1
4976
88
4977
-1
4978
113
4979
-1
4980
96
4981
-1
4982
105
4983
-1
4984
126
4985
-1
4986
119
4987
-1
4988
92
4989
-1
4990
117
4991
-1
4992
23
4993
-1
4994
28
4995
-1
4996
154
4997
-1
4998
79
4999
-1
5000
144
5001
-1
5002
1
5003
-1
5004
115
5005
-1
5006
84
5007
-1
5008
70
5009
-1
5010
151
5011
-1
5012
15
5013
-1
5014
159
5015
-1
5016
117
5017
-1
5018
49
5019
-1
5020
3
5021
-1
5022
143
5023
-1
5024
1
5025
-1
5026
43
5027
-1
5028
44
5029
-1
5030
120
5031
-1
5032
75
5033
-1
5034
89
5035
-1
5036
51
5037
-1
5038
5
5039
-1
5040
44
5041
-1
5042
33
5043
-1
5044
26
5045
-1
5046
128
5047
-1
5048
108
5049
-1
5050
24
5051
-1
5052
170
5053
-1
5054
162
5055
-1
5056
107
5057
-1
5058
171
5059
-1
5060
160
5061
-1
5062
41
5063
-1
5064
107
5065
-1
5066
89
5067
-1
5068
90
5069
-1
5070
160
5071
-1
5072
50
5073
-1
5074
128
5075
-1
5076
60
5077
-1
5078
25
5079
-1
5080
36
5081
-1
5082
16
5083
-1
5084
56
5085
-1
5086
184
5087
-1
5088
72
5089
-1
5090
7
5091
-1
5092
22
5093
-1
5094
145
5095
-1
5096
22
5097
-1
5098
175
5099
-1
5100
125
5101
-1
5102
75
5103
-1
5104
80
5105
-1
5106
51
5107
-1
5108
35
5109
-1
5110
76
5111
-1
5112
8
5113
-1
5114
6
5115
-1
5116
157
5117
-1
5118
3
5119
-1
5120
118
5121
-1
5122
153
5123
-1
5124
59
5125
-1
5126
22
5127
-1
5128
62
5129
-1
5130
176
5131
-1
5132
111
5133
-1
5134
152
5135
-1
5136
150
5137
-1
5138
157
5139
-1
5140
1
5141
-1
5142
108
5143
-1
5144
51
5145
-1
5146
40
5147
-1
5148
14
5149
-1
5150
120
5151
-1
5152
106
5153
-1
5154
7
5155
-1
5156
31
5157
-1
5158
178
5159
-1
5160
109
5161
-1
5162
49
5163
-1
5164
32
5165
-1
5166
121
5167
-1
5168
162
5169
-1
5170
73
5171
-1
5172
74
5173
-1
5174
131
5175
-1
5176
113
5177
-1
5178
178
5179
-1
5180
77
5181
-1
5182
43
5183
-1
5184
96
5185
-1
5186
85
5187
-1
5188
42
5189
-1
5190
167
5191
-1
5192
106
5193
-1
5194
106
5195
-1
5196
22
5197
-1
5198
46
5199
-1
5200
48
5201
-1
5202
149
5203
-1
5204
185
5205
-1
5206
41
5207
-1
5208
74
5209
-1
5210
51
5211
-1
5212
122
5213
-1
5214
118
5215
-1
5216
57
5217
-1
5218
56
5219
-1
5220
120
5221
-1
5222
18
5223
-1
5224
35
5225
-1
5226
34
5227
-1
5228
17
5229
-1
5230
9
5231
-1
5232
38
5233
-1
5234
57
5235
-1
5236
7
5237
-1
5238
18
5239
-1
5240
171
5241
-1
5242
63
5243
-1
5244
86
5245
-1
5246
73
5247
-1
5248
79
5249
-1
5250
167
5251
-1
5252
150
5253
-1
5254
69
5255
-1
5256
98
5257
-1
5258
21
5259
-1
5260
46
5261
-1
5262
51
5263
-1
5264
42
5265
-1
5266
176
5267
-1
5268
12
5269
-1
5270
130
5271
-1
5272
138
5273
-1
5274
165
5275
-1
5276
97
5277
-1
5278
3
5279
-1
5280
22
5281
-1
5282
89
5283
-1
5284
136
5285
-1
5286
163
5287
-1
5288
142
5289
-1
5290
140
5291
-1
5292
108
5293
-1
5294
86
5295
-1
5296
15
5297
-1
5298
180
5299
-1
5300
69
5301
-1
5302
15
5303
-1
5304
3
5305
-1
5306
61
5307
-1
5308
97
5309
-1
5310
66
5311
-1
5312
51
5313
-1
5314
97
5315
-1
5316
79
5317
-1
5318
85
5319
-1
5320
82
5321
-1
5322
52
5323
-1
5324
87
5325
-1
5326
25
5327
-1
5328
142
5329
-1
5330
95
5331
-1
5332
16
5333
-1
5334
91
5335
-1
5336
32
5337
-1
5338
137
5339
-1
5340
40
5341
-1
5342
72
5343
-1
5344
142
5345
-1
5346
29
5347
-1
5348
114
5349
-1
5350
125
5351
-1
5352
157
5353
-1
5354
143
5355
-1
5356
160
5357
-1
5358
54
5359
-1
5360
105
5361
-1
5362
104
5363
-1
5364
96
5365
-1
5366
62
5367
-1
5368
139
5369
-1
5370
6
5371
-1
5372
128
5373
-1
5374
14
5375
-1
5376
120
5377
-1
5378
106
5379
-1
5380
184
5381
-1
5382
145
5383
-1
5384
31
5385
-1
5386
101
5387
-1
5388
137
5389
-1
5390
154
5391
-1
5392
164
5393
-1
5394
72
5395
-1
5396
179
5397
-1
5398
11
5399
-1
5400
46
5401
-1
5402
100
5403
-1
5404
113
5405
-1
5406
157
5407
-1
5408
22
5409
-1
5410
128
5411
-1
5412
171
5413
-1
5414
14
5415
-1
5416
52
5417
-1
5418
35
5419
-1
5420
168
5421
-1
5422
155
5423
-1
5424
21
5425
-1
5426
72
5427
-1
5428
32
5429
-1
5430
156
5431
-1
5432
62
5433
-1
5434
39
5435
-1
5436
180
5437
-1
5438
180
5439
-1
5440
95
5441
-1
5442
162
5443
-1
5444
3
5445
-1
5446
162
5447
-1
5448
12
5449
-1
5450
28
5451
-1
5452
54
5453
-1
5454
152
5455
-1
5456
21
5457
-1
5458
156
5459
-1
5460
7
5461
-1
5462
8
5463
-1
5464
141
5465
-1
5466
119
5467
-1
5468
21
5469
-1
5470
164
5471
-1
5472
43
5473
-1
5474
64
5475
-1
5476
18
5477
-1
5478
86
5479
-1
5480
134
5481
-1
5482
49
5483
-1
5484
13
5485
-1
5486
26
5487
-1
5488
89
5489
-1
5490
65
5491
-1
5492
34
5493
-1
5494
34
5495
-1
5496
22
5497
-1
5498
176
5499
-1
5500
69
5501
-1
5502
89
5503
-1
5504
163
5505
-1
5506
22
5507
-1
5508
90
5509
-1
5510
162
5511
-1
5512
71
5513
-1
5514
103
5515
-1
5516
23
5517
-1
5518
14
5519
-1
5520
162
5521
-1
5522
6
5523
-1
5524
182
5525
-1
5526
64
5527
-1
5528
29
5529
-1
5530
62
5531
-1
5532
173
5533
-1
5534
139
5535
-1
5536
47
5537
-1
5538
32
5539
-1
5540
130
5541
-1
5542
70
5543
-1
5544
86
5545
-1
5546
23
5547
-1
5548
29
5549
-1
5550
102
5551
-1
5552
63
5553
-1
5554
93
5555
-1
5556
54
5557
-1
5558
100
5559
-1
5560
117
5561
-1
5562
153
5563
-1
5564
142
5565
-1
5566
34
5567
-1
5568
88
5569
-1
5570
156
5571
-1
5572
6
5573
-1
5574
42
5575
-1
5576
183
5577
-1
5578
168
5579
-1
5580
149
5581
-1
5582
144
5583
-1
5584
44
5585
-1
5586
82
5587
-1
5588
23
5589
-1
5590
109
5591
-1
5592
4
5593
-1
5594
174
5595
-1
5596
133
5597
-1
5598
160
5599
-1
5600
107
5601
-1
5602
180
5603
-1
5604
104
5605
-1
5606
95
5607
-1
5608
107
5609
-1
5610
28
5611
-1
5612
93
5613
-1
5614
158
5615
-1
5616
146
5617
-1
5618
139
5619
-1
5620
81
5621
-1
5622
62
5623
-1
5624
25
5625
-1
5626
95
5627
-1
5628
32
5629
-1
5630
95
5631
-1
5632
37
5633
-1
5634
128
5635
-1
5636
159
5637
-1
5638
47
5639
-1
5640
165
5641
-1
5642
98
5643
-1
5644
62
5645
-1
5646
50
5647
-1
5648
54
5649
-1
5650
143
5651
-1
5652
171
5653
-1
5654
80
5655
-1
5656
76
5657
-1
5658
30
5659
-1
5660
159
5661
-1
5662
40
5663
-1
5664
155
5665
-1
5666
79
5667
-1
5668
6
5669
-1
5670
112
5671
-1
5672
130
5673
-1
5674
144
5675
-1
5676
138
5677
-1
5678
89
5679
-1
5680
73
5681
-1
5682
40
5683
-1
5684
50
5685
-1
5686
98
5687
-1
5688
30
5689
-1
5690
145
5691
-1
5692
108
5693
-1
5694
170
5695
-1
5696
111
5697
-1
5698
8
5699
-1
5700
114
5701
-1
5702
41
5703
-1
5704
100
5705
-1
5706
96
5707
-1
5708
152
5709
-1
5710
57
5711
-1
5712
9
5713
-1
5714
59
5715
-1
5716
18
5717
-1
5718
141
5719
-1
5720
49
5721
-1
5722
170
5723
-1
5724
104
5725
-1
5726
125
5727
-1
5728
30
5729
-1
5730
96
5731
-1
5732
104
5733
-1
5734
38
5735
-1
5736
76
5737
-1
5738
87
5739
-1
5740
24
5741
-1
5742
57
5743
-1
5744
154
5745
-1
5746
132
5747
-1
5748
54
5749
-1
5750
120
5751
-1
5752
140
5753
-1
5754
145
5755
-1
5756
27
5757
-1
5758
51
5759
-1
5760
38
5761
-1
5762
21
5763
-1
5764
63
5765
-1
5766
21
5767
-1
5768
159
5769
-1
5770
177
5771
-1
5772
65
5773
-1
5774
30
5775
-1
5776
82
5777
-1
5778
24
5779
-1
5780
36
5781
-1
5782
171
5783
-1
5784
66
5785
-1
5786
144
5787
-1
5788
91
5789
-1
5790
152
5791
-1
5792
135
5793
-1
5794
84
5795
-1
5796
4
5797
-1
5798
102
5799
-1
5800
8
5801
-1
5802
75
5803
-1
5804
9
5805
-1
5806
133
5807
-1
5808
7
5809
-1
5810
159
5811
-1
5812
142
5813
-1
5814
52
5815
-1
5816
130
5817
-1
5818
135
5819
-1
5820
78
5821
-1
5822
133
5823
-1
5824
6
5825
-1
5826
97
5827
-1
5828
79
5829
-1
5830
81
5831
-1
5832
181
5833
-1
5834
74
5835
-1
5836
150
5837
-1
5838
5
5839
-1
5840
21
5841
-1
5842
77
5843
-1
5844
12
5845
-1
5846
24
5847
-1
5848
37
5849
-1
5850
166
5851
-1
5852
65
5853
-1
5854
52
5855
-1
5856
91
5857
-1
5858
107
5859
-1
5860
182
5861
-1
5862
94
5863
-1
5864
20
5865
-1
5866
71
5867
-1
5868
78
5869
-1
5870
39
5871
-1
5872
94
5873
-1
5874
160
5875
-1
5876
62
5877
-1
5878
94
5879
-1
5880
141
5881
-1
5882
153
5883
-1
5884
36
5885
-1
5886
170
5887
-1
5888
79
5889
-1
5890
85
5891
-1
5892
152
5893
-1
5894
24
5895
-1
5896
110
5897
-1
5898
70
5899
-1
5900
15
5901
-1
5902
77
5903
-1
5904
43
5905
-1
5906
44
5907
-1
5908
173
5909
-1
5910
75
5911
-1
5912
93
5913
-1
5914
70
5915
-1
5916
48
5917
-1
5918
4
5919
-1
5920
94
5921
-1
5922
141
5923
-1
5924
61
5925
-1
5926
14
5927
-1
5928
3
5929
-1
5930
114
5931
-1
5932
147
5933
-1
5934
53
5935
-1
5936
20
5937
-1
5938
34
5939
-1
5940
83
5941
-1
5942
151
5943
-1
5944
132
5945
-1
5946
34
5947
-1
5948
178
5949
-1
5950
80
5951
-1
5952
129
5953
-1
5954
64
5955
-1
5956
120
5957
-1
5958
71
5959
-1
5960
130
5961
-1
5962
44
5963
-1
5964
134
5965
-1
5966
129
5967
-1
5968
28
5969
-1
5970
185
5971
-1
5972
185
5973
-1
5974
6
5975
-1
5976
163
5977
-1
5978
68
5979
-1
5980
137
5981
-1
5982
152
5983
-1
5984
100
5985
-1
5986
65
5987
-1
5988
27
5989
-1
5990
130
5991
-1
5992
70
5993
-1
5994
76
5995
-1
5996
170
5997
-1
5998
98
5999
-1
6000
111
6001
-1
6002
10
6003
-1
6004
168
6005
-1
6006
60
6007
-1
6008
65
6009
-1
6010
36
6011
-1
6012
114
6013
-1
6014
23
6015
-1
6016
144
6017
-1
6018
57
6019
-1
6020
182
6021
-1
6022
182
6023
-1
6024
42
6025
-1
6026
94
6027
-1
6028
70
6029
-1
6030
4
6031
-1
6032
133
6033
-1
6034
185
6035
-1
6036
155
6037
-1
6038
178
6039
-1
6040
12
6041
-1
6042
59
6043
-1
6044
152
6045
-1
6046
165
6047
-1
6048
10
6049
-1
6050
25
6051
-1
6052
139
6053
-1
6054
142
6055
-1
6056
164
6057
-1
6058
82
6059
-1
6060
113
6061
-1
6062
33
6063
-1
6064
37
6065
-1
6066
69
6067
-1
6068
140
6069
-1
6070
131
6071
-1
6072
54
6073
-1
6074
174
6075
-1
6076
116
6077
-1
6078
177
6079
-1
6080
178
6081
-1
6082
72
6083
-1
6084
17
6085
-1
6086
88
6087
-1
6088
85
6089
-1
6090
5
6091
-1
6092
46
6093
-1
6094
179
6095
-1
6096
32
6097
-1
6098
48
6099
-1
6100
145
6101
-1
6102
165
6103
-1
6104
56
6105
-1
6106
36
6107
-1
6108
181
6109
-1
6110
36
6111
-1
6112
109
6113
-1
6114
131
6115
-1
6116
153
6117
-1
6118
8
6119
-1
6120
88
6121
-1
6122
75
6123
-1
6124
76
6125
-1
6126
32
6127
-1
6128
58
6129
-1
6130
26
6131
-1
6132
46
6133
-1
6134
147
6135
-1
6136
161
6137
-1
6138
126
6139
-1
6140
124
6141
-1
6142
124
6143
-1
6144
149
6145
-1
6146
164
6147
-1
6148
114
6149
-1
6150
42
6151
-1
6152
2
6153
-1
6154
53
6155
-1
6156
76
6157
-1
6158
31
6159
-1
6160
1
6161
-1
6162
177
6163
-1
6164
158
6165
-1
6166
172
6167
-1
6168
74
6169
-1
6170
95
6171
-1
6172
70
6173
-1
6174
53
6175
-1
6176
32
6177
-1
6178
31
6179
-1
6180
163
6181
-1
6182
167
6183
-1
6184
73
6185
-1
6186
60
6187
-1
6188
50
6189
-1
6190
113
6191
-1
6192
2
6193
-1
6194
81
6195
-1
6196
8
6197
-1
6198
15
6199
-1
6200
20
6201
-1
6202
11
6203
-1
6204
112
6205
-1
6206
45
6207
-1
6208
71
6209
-1
6210
33
6211
-1
6212
116
6213
-1
6214
136
6215
-1
6216
90
6217
-1
6218
149
6219
-1
6220
54
6221
-1
6222
94
6223
-1
6224
144
6225
-1
6226
79
6227
-1
6228
109
6229
-1
6230
144
6231
-1
6232
93
6233
-1
6234
43
6235
-1
6236
82
6237
-1
6238
5
6239
-1
6240
34
6241
-1
6242
42
6243
-1
6244
162
6245
-1
6246
146
6247
-1
6248
104
6249
-1
6250
178
6251
-1
6252
25
6253
-1
6254
9
6255
-1
6256
169
6257
-1
6258
107
6259
-1
6260
11
6261
-1
6262
15
6263
-1
6264
121
6265
-1
6266
148
6267
-1
6268
26
6269
-1
6270
32
6271
-1
6272
9
6273
-1
6274
92
6275
-1
6276
97
6277
-1
6278
185
6279
-1
6280
66
6281
-1
6282
173
6283
-1
6284
133
6285
-1
6286
148
6287
-1
6288
154
6289
-1
6290
42
6291
-1
6292
135
6293
-1
6294
114
6295
-1
6296
67
6297
-1
6298
60
6299
-1
6300
183
6301
-1
6302
157
6303
-1
6304
166
6305
-1
6306
69
6307
-1
6308
157
6309
-1
6310
57
6311
-1
6312
158
6313
-1
6314
57
6315
-1
6316
158
6317
-1
6318
65
6319
-1
6320
40
6321
-1
6322
39
6323
-1
6324
129
6325
-1
6326
26
6327
-1
6328
149
6329
-1
6330
116
6331
-1
6332
17
6333
-1
6334
123
6335
-1
6336
39
6337
-1
6338
183
6339
-1
6340
53
6341
-1
6342
29
6343
-1
6344
174
6345
-1
6346
62
6347
-1
6348
21
6349
-1
6350
27
6351
-1
6352
69
6353
-1
6354
87
6355
-1
6356
103
6357
-1
6358
90
6359
-1
6360
112
6361
-1
6362
68
6363
-1
6364
125
6365
-1
6366
26
6367
-1
6368
144
6369
-1
6370
48
6371
-1
6372
168
6373
-1
6374
181
6375
-1
6376
95
6377
-1
6378
162
6379
-1
6380
50
6381
-1
6382
121
6383
-1
6384
60
6385
-1
6386
99
6387
-1
6388
7
6389
-1
6390
137
6391
-1
6392
105
6393
-1
6394
115
6395
-1
6396
44
6397
-1
6398
74
6399
-1
6400
36
6401
-1
6402
46
6403
-1
6404
113
6405
-1
6406
72
6407
-1
6408
90
6409
-1
6410
118
6411
-1
6412
148
6413
-1
6414
10
6415
-1
6416
139
6417
-1
6418
77
6419
-1
6420
101
6421
-1
6422
64
6423
-1
6424
165
6425
-1
6426
65
6427
-1
6428
11
6429
-1
6430
161
6431
-1
6432
155
6433
-1
6434
70
6435
-1
6436
170
6437
-1
6438
131
6439
-1
6440
92
6441
-1
6442
30
6443
-1
6444
140
6445
-1
6446
119
6447
-1
6448
92
6449
-1
6450
93
6451
-1
6452
152
6453
-1
6454
119
6455
-1
6456
182
6457
-1
6458
94
6459
-1
6460
93
6461
-1
6462
51
6463
-1
6464
171
6465
-1
6466
109
6467
-1
6468
64
6469
-1
6470
132
6471
-1
6472
15
6473
-1
6474
120
6475
-1
6476
14
6477
-1
6478
142
6479
-1
6480
97
6481
-1
6482
96
6483
-1
6484
155
6485
-1
6486
2
6487
-1
6488
53
6489
-1
6490
2
6491
-1
6492
19
6493
-1
6494
41
6495
-1
6496
166
6497
-1
6498
34
6499
-1
6500
165
6501
-1
6502
6
6503
-1
6504
85
6505
-1
6506
150
6507
-1
6508
118
6509
-1
6510
161
6511
-1
6512
20
6513
-1
6514
20
6515
-1
6516
68
6517
-1
6518
114
6519
-1
6520
10
6521
-1
6522
158
6523
-1
6524
53
6525
-1
6526
129
6527
-1
6528
172
6529
-1
6530
108
6531
-1
6532
69
6533
-1
6534
107
6535
-1
6536
99
6537
-1
6538
33
6539
-1
6540
155
6541
-1
6542
182
6543
-1
6544
116
6545
-1
6546
5
6547
-1
6548
147
6549
-1
6550
152
6551
-1
6552
58
6553
-1
6554
99
6555
-1
6556
181
6557
-1
6558
73
6559
-1
6560
15
6561
-1
6562
132
6563
-1
6564
106
6565
-1
6566
111
6567
-1
6568
121
6569
-1
6570
109
6571
-1
6572
67
6573
-1
6574
85
6575
-1
6576
85
6577
-1
6578
6
6579
-1
6580
66
6581
-1
6582
122
6583
-1
6584
64
6585
-1
6586
35
6587
-1
6588
95
6589
-1
6590
92
6591
-1
6592
65
6593
-1
6594
75
6595
-1
6596
180
6597
-1
6598
8
6599
-1
6600
10
6601
-1
6602
123
6603
-1
6604
166
6605
-1
6606
159
6607
-1
6608
169
6609
-1
6610
81
6611
-1
6612
111
6613
-1
6614
110
6615
-1
6616
122
6617
-1
6618
32
6619
-1
6620
98
6621
-1
6622
63
6623
-1
6624
43
6625
-1
6626
167
6627
-1
6628
139
6629
-1
6630
78
6631
-1
6632
108
6633
-1
6634
4
6635
-1
6636
21
6637
-1
6638
24
6639
-1
6640
101
6641
-1
6642
141
6643
-1
6644
185
6645
-1
6646
115
6647
-1
6648
65
6649
-1
6650
6
6651
-1
6652
50
6653
-1
6654
49
6655
-1
6656
57
6657
-1
6658
12
6659
-1
6660
154
6661
-1
6662
111
6663
-1
6664
66
6665
-1
6666
155
6667
-1
6668
121
6669
-1
6670
16
6671
-1
6672
4
6673
-1
6674
19
6675
-1
6676
131
6677
-1
6678
60
6679
-1
6680
10
6681
-1
6682
116
6683
-1
6684
5
6685
-1
6686
14
6687
-1
6688
28
6689
-1
6690
106
6691
-1
6692
184
6693
-1
6694
147
6695
-1
6696
61
6697
-1
6698
156
6699
-1
6700
54
6701
-1
6702
72
6703
-1
6704
48
6705
-1
6706
10
6707
-1
6708
63
6709
-1
6710
130
6711
-1
6712
61
6713
-1
6714
131
6715
-1
6716
102
6717
-1
6718
50
6719
-1
6720
117
6721
-1
6722
97
6723
-1
6724
86
6725
-1
6726
105
6727
-1
6728
153
6729
-1
6730
64
6731
-1
6732
88
6733
-1
6734
36
6735
-1
6736
62
6737
-1
6738
14
6739
-1
6740
171
6741
-1
6742
5
6743
-1
6744
125
6745
-1
6746
92
6747
-1
6748
46
6749
-1
6750
166
6751
-1
6752
182
6753
-1
6754
144
6755
-1
6756
163
6757
-1
6758
170
6759
-1
6760
26
6761
-1
6762
131
6763
-1
6764
78
6765
-1
6766
91
6767
-1
6768
31
6769
-1
6770
86
6771
-1
6772
170
6773
-1
6774
41
6775
-1
6776
109
6777
-1
6778
66
6779
-1
6780
44
6781
-1
6782
127
6783
-1
6784
113
6785
-1
6786
123
6787
-1
6788
68
6789
-1
6790
62
6791
-1
6792
136
6793
-1
6794
149
6795
-1
6796
27
6797
-1
6798
82
6799
-1
6800
72
6801
-1
6802
81
6803
-1
6804
162
6805
-1
6806
85
6807
-1
6808
136
6809
-1
6810
161
6811
-1
6812
78
6813
-1
6814
102
6815
-1
6816
99
6817
-1
6818
161
6819
-1
6820
19
6821
-1
6822
14
6823
-1
6824
123
6825
-1
6826
82
6827
-1
6828
52
6829
-1
6830
136
6831
-1
6832
137
6833
-1
6834
182
6835
-1
6836
86
6837
-1
6838
161
6839
-1
6840
172
6841
-1
6842
9
6843
-1
6844
106
6845
-1
6846
69
6847
-1
6848
173
6849
-1
6850
160
6851
-1
6852
120
6853
-1
6854
54
6855
-1
6856
95
6857
-1
6858
19
6859
-1
6860
83
6861
-1
6862
22
6863
-1
6864
61
6865
-1
6866
45
6867
-1
6868
97
6869
-1
6870
11
6871
-1
6872
113
6873
-1
6874
141
6875
-1
6876
16
6877
-1
6878
51
6879
-1
6880
145
6881
-1
6882
45
6883
-1
6884
25
6885
-1
6886
35
6887
-1
6888
119
6889
-1
6890
39
6891
-1
6892
78
6893
-1
6894
86
6895
-1
6896
183
6897
-1
6898
120
6899
-1
6900
57
6901
-1
6902
181
6903
-1
6904
32
6905
-1
6906
156
6907
-1
6908
6
6909
-1
6910
113
6911
-1
6912
32
6913
-1
6914
14
6915
-1
6916
98
6917
-1
6918
44
6919
-1
6920
157
6921
-1
6922
12
6923
-1
6924
104
6925
-1
6926
109
6927
-1
6928
167
6929
-1
6930
134
6931
-1
6932
118
6933
-1
6934
184
6935
-1
6936
144
6937
-1
6938
90
6939
-1
6940
17
6941
-1
6942
58
6943
-1
6944
144
6945
-1
6946
91
6947
-1
6948
139
6949
-1
6950
24
6951
-1
6952
21
6953
-1
6954
127
6955
-1
6956
26
6957
-1
6958
1
6959
-1
6960
95
6961
-1
6962
19
6963
-1
6964
150
6965
-1
6966
121
6967
-1
6968
125
6969
-1
6970
109
6971
-1
6972
61
6973
-1
6974
62
6975
-1
6976
179
6977
-1
6978
93
6979
-1
6980
153
6981
-1
6982
149
6983
-1
6984
166
6985
-1
6986
81
6987
-1
6988
154
6989
-1
6990
68
6991
-1
6992
58
6993
-1
6994
158
6995
-1
6996
161
6997
-1
6998
79
6999
-1
7000
12
7001
-1
7002
11
7003
-1
7004
141
7005
-1
7006
113
7007
-1
7008
84
7009
-1
7010
123
7011
-1
7012
64
7013
-1
7014
24
7015
-1
7016
75
7017
-1
7018
165
7019
-1
7020
68
7021
-1
7022
120
7023
-1
7024
154
7025
-1
7026
123
7027
-1
7028
97
7029
-1
7030
148
7031
-1
7032
163
7033
-1
7034
136
7035
-1
7036
48
7037
-1
7038
78
7039
-1
7040
177
7041
-1
7042
17
7043
-1
7044
86
7045
-1
7046
74
7047
-1
7048
182
7049
-1
7050
124
7051
-1
7052
96
7053
-1
7054
51
7055
-1
7056
130
7057
-1
7058
44
7059
-1
7060
34
7061
-1
7062
167
7063
-1
7064
34
7065
-1
7066
94
7067
-1
7068
131
7069
-1
7070
101
7071
-1
7072
155
7073
-1
7074
1
7075
-1
7076
98
7077
-1
7078
96
7079
-1
7080
141
7081
-1
7082
37
7083
-1
7084
164
7085
-1
7086
79
7087
-1
7088
185
7089
-1
7090
17
7091
-1
7092
41
7093
-1
7094
116
7095
-1
7096
105
7097
-1
7098
9
7099
-1
7100
127
7101
-1
7102
52
7103
-1
7104
171
7105
-1
7106
81
7107
-1
7108
6
7109
-1
7110
2
7111
-1
7112
108
7113
-1
7114
174
7115
-1
7116
62
7117
-1
7118
82
7119
-1
7120
139
7121
-1
7122
42
7123
-1
7124
45
7125
-1
7126
88
7127
-1
7128
136
7129
-1
7130
41
7131
-1
7132
75
7133
-1
7134
14
7135
-1
7136
49
7137
-1
7138
111
7139
-1
7140
138
7141
-1
7142
155
7143
-1
7144
93
7145
-1
7146
63
7147
-1
7148
157
7149
-1
7150
53
7151
-1
7152
35
7153
-1
7154
169
7155
-1
7156
168
7157
-1
7158
148
7159
-1
7160
136
7161
-1
7162
0
7163
-1
7164
27
7165
-1
7166
13
7167
-1
7168
64
7169
-1
7170
177
7171
-1
7172
166
7173
-1
7174
26
7175
-1
7176
53
7177
-1
7178
30
7179
-1
7180
142
7181
-1
7182
159
7183
-1
7184
140
7185
-1
7186
109
7187
-1
7188
141
7189
-1
7190
1
7191
-1
7192
41
7193
-1
7194
126
7195
-1
7196
31
7197
-1
7198
175
7199
-1
7200
128
7201
-1
7202
19
7203
-1
7204
110
7205
-1
7206
108
7207
-1
7208
126
7209
-1
7210
117
7211
-1
7212
49
7213
-1
7214
139
7215
-1
7216
15
7217
-1
7218
2
7219
-1
7220
34
7221
-1
7222
52
7223
-1
7224
51
7225
-1
7226
139
7227
-1
7228
138
7229
-1
7230
161
7231
-1
7232
80
7233
-1
7234
38
7235
-1
7236
140
7237
-1
7238
45
7239
-1
7240
148
7241
-1
7242
171
7243
-1
7244
123
7245
-1
7246
185
7247
-1
7248
17
7249
-1
7250
76
7251
-1
7252
130
7253
-1
7254
87
7255
-1
7256
181
7257
-1
7258
9
7259
-1
7260
119
7261
-1
7262
30
7263
-1
7264
2
7265
-1
7266
184
7267
-1
7268
154
7269
-1
7270
30
7271
-1
7272
40
7273
-1
7274
85
7275
-1
7276
178
7277
-1
7278
133
7279
-1
7280
68
7281
-1
7282
12
7283
-1
7284
31
7285
-1
7286
34
7287
-1
7288
184
7289
-1
7290
73
7291
-1
7292
103
7293
-1
7294
141
7295
-1
7296
60
7297
-1
7298
107
7299
-1
7300
14
7301
-1
7302
101
7303
-1
7304
26
7305
-1
7306
60
7307
-1
7308
144
7309
-1
7310
18
7311
-1
7312
121
7313
-1
7314
70
7315
-1
7316
79
7317
-1
7318
29
7319
-1
7320
80
7321
-1
7322
12
7323
-1
7324
47
7325
-1
7326
111
7327
-1
7328
55
7329
-1
7330
132
7331
-1
7332
128
7333
-1
7334
85
7335
-1
7336
143
7337
-1
7338
174
7339
-1
7340
31
7341
-1
7342
0
7343
-1
7344
40
7345
-1
7346
89
7347
-1
7348
36
7349
-1
7350
5
7351
-1
7352
131
7353
-1
7354
167
7355
-1
7356
2
7357
-1
7358
122
7359
-1
7360
73
7361
-1
7362
87
7363
-1
7364
109
7365
-1
7366
65
7367
-1
7368
98
7369
-1
7370
143
7371
-1
7372
83
7373
-1
7374
130
7375
-1
7376
116
7377
-1
7378
108
7379
-1
7380
165
7381
-1
7382
172
7383
-1
7384
171
7385
-1
7386
184
7387
-1
7388
128
7389
-1
7390
136
7391
-1
7392
23
7393
-1
7394
118
7395
-1
7396
96
7397
-1
7398
62
7399
-1
7400
161
7401
-1
7402
63
7403
-1
7404
24
7405
-1
7406
181
7407
-1
7408
176
7409
-1
7410
23
7411
-1
7412
173
7413
-1
7414
114
7415
-1
7416
159
7417
-1
7418
101
7419
-1
7420
166
7421
-1
7422
66
7423
-1
7424
123
7425
-1
7426
6
7427
-1
7428
7
7429
-1
7430
120
7431
-1
7432
138
7433
-1
7434
58
7435
-1
7436
50
7437
-1
7438
164
7439
-1
7440
43
7441
-1
7442
125
7443
-1
7444
52
7445
-1
7446
157
7447
-1
7448
42
7449
-1
7450
155
7451
-1
7452
81
7453
-1
7454
173
7455
-1
7456
8
7457
-1
7458
61
7459
-1
7460
140
7461
-1
7462
122
7463
-1
7464
124
7465
-1
7466
121
7467
-1
7468
14
7469
-1
7470
180
7471
-1
7472
183
7473
-1
7474
96
7475
-1
7476
64
7477
-1
7478
24
7479
-1
7480
1
7481
-1
7482
170
7483
-1
7484
91
7485
-1
7486
124
7487
-1
7488
137
7489
-1
7490
76
7491
-1
7492
73
7493
-1
7494
180
7495
-1
7496
153
7497
-1
7498
8
7499
-1
7500
79
7501
-1
7502
167
7503
-1
7504
177
7505
-1
7506
135
7507
-1
7508
5
7509
-1
7510
130
7511
-1
7512
18
7513
-1
7514
12
7515
-1
7516
115
7517
-1
7518
91
7519
-1
7520
185
7521
-1
7522
95
7523
-1
7524
144
7525
-1
7526
115
7527
-1
7528
37
7529
-1
7530
84
7531
-1
7532
70
7533
-1
7534
121
7535
-1
7536
69
7537
-1
7538
105
7539
-1
7540
157
7541
-1
7542
41
7543
-1
7544
14
7545
-1
7546
97
7547
-1
7548
89
7549
-1
7550
121
7551
-1
7552
96
7553
-1
7554
38
7555
-1
7556
143
7557
-1
7558
55
7559
-1
7560
108
7561
-1
7562
160
7563
-1
7564
165
7565
-1
7566
114
7567
-1
7568
19
7569
-1
7570
102
7571
-1
7572
112
7573
-1
7574
40
7575
-1
7576
130
7577
-1
7578
12
7579
-1
7580
37
7581
-1
7582
95
7583
-1
7584
69
7585
-1
7586
150
7587
-1
7588
75
7589
-1
7590
114
7591
-1
7592
147
7593
-1
7594
133
7595
-1
7596
165
7597
-1
7598
166
7599
-1
7600
123
7601
-1
7602
142
7603
-1
7604
182
7605
-1
7606
140
7607
-1
7608
159
7609
-1
7610
122
7611
-1
7612
34
7613
-1
7614
81
7615
-1
7616
101
7617
-1
7618
177
7619
-1
7620
158
7621
-1
7622
81
7623
-1
7624
158
7625
-1
7626
30
7627
-1
7628
6
7629
-1
7630
27
7631
-1
7632
52
7633
-1
7634
18
7635
-1
7636
0
7637
-1
7638
97
7639
-1
7640
133
7641
-1
7642
11
7643
-1
7644
63
7645
-1
7646
134
7647
-1
7648
141
7649
-1
7650
134
7651
-1
7652
170
7653
-1
7654
132
7655
-1
7656
134
7657
-1
7658
127
7659
-1
7660
141
7661
-1
7662
54
7663
-1
7664
127
7665
-1
7666
179
7667
-1
7668
179
7669
-1
7670
26
7671
-1
7672
168
7673
-1
7674
159
7675
-1
7676
152
7677
-1
7678
16
7679
-1
7680
109
7681
-1
7682
80
7683
-1
7684
41
7685
-1
7686
154
7687
-1
7688
2
7689
-1
7690
138
7691
-1
7692
55
7693
-1
7694
89
7695
-1
7696
62
7697
-1
7698
143
7699
-1
7700
71
7701
-1
7702
45
7703
-1
7704
47
7705
-1
7706
161
7707
-1
7708
152
7709
-1
7710
22
7711
-1
7712
149
7713
-1
7714
26
7715
-1
7716
122
7717
-1
7718
176
7719
-1
7720
108
7721
-1
7722
60
7723
-1
7724
181
7725
-1
7726
166
7727
-1
7728
177
7729
-1
7730
38
7731
-1
7732
71
7733
-1
7734
41
7735
-1
7736
76
7737
-1
7738
132
7739
-1
7740
24
7741
-1
7742
74
7743
-1
7744
86
7745
-1
7746
20
7747
-1
7748
145
7749
-1
7750
2
7751
-1
7752
177
7753
-1
7754
89
7755
-1
7756
175
7757
-1
7758
47
7759
-1
7760
115
7761
-1
7762
91
7763
-1
7764
129
7765
-1
7766
155
7767
-1
7768
11
7769
-1
7770
13
7771
-1
7772
167
7773
-1
7774
172
7775
-1
7776
2
7777
-1
7778
86
7779
-1
7780
176
7781
-1
7782
130
7783
-1
7784
118
7785
-1
7786
40
7787
-1
7788
105
7789
-1
7790
17
7791
-1
7792
83
7793
-1
7794
94
7795
-1
7796
121
7797
-1
7798
18
7799
-1
7800
14
7801
-1
7802
166
7803
-1
7804
51
7805
-1
7806
103
7807
-1
7808
91
7809
-1
7810
178
7811
-1
7812
120
7813
-1
7814
108
7815
-1
7816
63
7817
-1
7818
43
7819
-1
7820
69
7821
-1
7822
32
7823
-1
7824
115
7825
-1
7826
19
7827
-1
7828
124
7829
-1
7830
142
7831
-1
7832
103
7833
-1
7834
33
7835
-1
7836
55
7837
-1
7838
184
7839
-1
7840
118
7841
-1
7842
26
7843
-1
7844
157
7845
-1
7846
39
7847
-1
7848
147
7849
-1
7850
54
7851
-1
7852
59
7853
-1
7854
165
7855
-1
7856
185
7857
-1
7858
183
7859
-1
7860
165
7861
-1
7862
88
7863
-1
7864
71
7865
-1
7866
93
7867
-1
7868
117
7869
-1
7870
128
7871
-1
7872
161
7873
-1
7874
126
7875
-1
7876
34
7877
-1
7878
87
7879
-1
7880
98
7881
-1
7882
51
7883
-1
7884
47
7885
-1
7886
18
7887
-1
7888
137
7889
-1
7890
180
7891
-1
7892
147
7893
-1
7894
181
7895
-1
7896
164
7897
-1
7898
52
7899
-1
7900
34
7901
-1
7902
157
7903
-1
7904
131
7905
-1
7906
56
7907
-1
7908
54
7909
-1
7910
85
7911
-1
7912
98
7913
-1
7914
10
7915
-1
7916
67
7917
-1
7918
26
7919
-1
7920
184
7921
-1
7922
55
7923
-1
7924
108
7925
-1
7926
182
7927
-1
7928
69
7929
-1
7930
94
7931
-1
7932
45
7933
-1
7934
33
7935
-1
7936
137
7937
-1
7938
57
7939
-1
7940
154
7941
-1
7942
145
7943
-1
7944
125
7945
-1
7946
67
7947
-1
7948
17
7949
-1
7950
44
7951
-1
7952
185
7953
-1
7954
100
7955
-1
7956
167
7957
-1
7958
40
7959
-1
7960
14
7961
-1
7962
22
7963
-1
7964
183
7965
-1
7966
171
7967
-1
7968
154
7969
-1
7970
76
7971
-1
7972
65
7973
-1
7974
9
7975
-1
7976
122
7977
-1
7978
50
7979
-1
7980
173
7981
-1
7982
1
7983
-1
7984
60
7985
-1
7986
68
7987
-1
7988
45
7989
-1
7990
109
7991
-1
7992
52
7993
-1
7994
100
7995
-1
7996
10
7997
-1
7998
53
7999
-1
