********************************************************************************
The planted motif0 is:
GGACTTTTTGACTTC
0
34
1
40
2
181
3
184
4
-1
5
147
6
92
7
184
8
174
9
-1
10
159
11
128
12
183
13
10
14
-1
15
61
16
87
17
27
18
73
19
-1
20
12
21
13
22
79
23
97
24
-1
25
74
26
141
27
102
28
58
29
-1
30
181
31
26
32
72
33
44
34
-1
35
184
36
137
37
36
38
65
39
-1
40
100
41
176
42
99
43
57
44
-1
45
25
46
47
47
69
48
20
49
-1
50
105
51
13
52
11
53
160
54
-1
55
63
56
158
57
85
58
63
59
-1
60
5
61
11
62
23
63
25
64
-1
65
53
66
122
67
35
68
20
69
-1
70
161
71
39
72
33
73
105
74
-1
75
105
76
170
77
136
78
63
79
-1
80
172
81
58
82
175
83
47
84
-1
85
162
86
63
87
112
88
92
89
-1
90
154
91
135
92
60
93
60
94
-1
95
138
96
25
97
141
98
115
99
-1
100
121
101
137
102
151
103
140
104
-1
105
182
106
76
107
38
108
157
109
-1
110
49
111
166
112
0
113
125
114
-1
115
30
116
55
117
18
118
24
119
-1
120
173
121
175
122
0
123
142
124
-1
125
50
126
93
127
162
128
69
129
-1
130
140
131
135
132
40
133
142
134
-1
135
143
136
129
137
109
138
90
139
-1
140
146
141
39
142
7
143
27
144
-1
145
48
146
10
147
32
148
158
149
-1
150
114
151
71
152
167
153
172
154
-1
155
23
156
56
157
137
158
101
159
-1
160
94
161
168
162
161
163
2
164
-1
165
15
166
110
167
77
168
28
169
-1
170
171
171
122
172
38
173
147
174
-1
175
12
176
134
177
39
178
32
179
-1
180
58
181
74
182
129
183
143
184
-1
185
100
186
153
187
12
188
76
189
-1
190
135
191
102
192
21
193
154
194
-1
195
63
196
152
197
166
198
35
199
-1
200
19
201
31
202
150
203
154
204
-1
205
88
206
85
207
109
208
178
209
-1
210
0
211
150
212
136
213
177
214
-1
215
123
216
77
217
78
218
96
219
-1
220
177
221
115
222
117
223
49
224
-1
225
66
226
75
227
67
228
131
229
-1
230
101
231
59
232
109
233
0
234
-1
235
100
236
103
237
54
238
132
239
-1
240
184
241
142
242
123
243
111
244
-1
245
17
246
182
247
150
248
81
249
-1
250
179
251
134
252
15
253
116
254
-1
255
39
256
35
257
66
258
49
259
-1
260
95
261
25
262
36
263
3
264
-1
265
4
266
129
267
45
268
50
269
-1
270
37
271
74
272
134
273
166
274
-1
275
119
276
19
277
166
278
184
279
-1
280
7
281
72
282
10
283
163
284
-1
285
162
286
182
287
185
288
74
289
-1
290
6
291
68
292
119
293
103
294
-1
295
158
296
0
297
63
298
105
299
-1
300
69
301
36
302
131
303
185
304
-1
305
45
306
131
307
14
308
159
309
-1
310
169
311
151
312
184
313
78
314
-1
315
46
316
84
317
69
318
113
319
-1
320
85
321
176
322
34
323
103
324
-1
325
65
326
40
327
100
328
32
329
-1
330
37
331
153
332
105
333
80
334
-1
335
129
336
160
337
5
338
71
339
-1
340
145
341
27
342
117
343
146
344
-1
345
110
346
173
347
89
348
28
349
-1
350
147
351
7
352
159
353
6
354
-1
355
170
356
159
357
159
358
105
359
-1
360
94
361
104
362
60
363
133
364
-1
365
87
366
166
367
133
368
47
369
-1
370
45
371
110
372
29
373
180
374
-1
375
74
376
76
377
53
378
25
379
-1
380
132
381
176
382
131
383
62
384
-1
385
30
386
38
387
99
388
82
389
-1
390
172
391
32
392
64
393
2
394
-1
395
40
396
32
397
15
398
62
399
-1
400
89
401
24
402
101
403
7
404
-1
405
14
406
176
407
45
408
34
409
-1
410
171
411
17
412
170
413
169
414
-1
415
72
416
77
417
77
418
157
419
-1
420
10
421
60
422
59
423
92
424
-1
425
159
426
101
427
97
428
160
429
-1
430
134
431
135
432
24
433
62
434
-1
435
141
436
129
437
17
438
156
439
-1
440
106
441
90
442
164
443
117
444
-1
445
63
446
121
447
157
448
163
449
-1
450
171
451
135
452
35
453
30
454
-1
455
61
456
159
457
25
458
165
459
-1
460
124
461
113
462
91
463
105
464
-1
465
126
466
120
467
34
468
28
469
-1
470
124
471
148
472
69
473
93
474
-1
475
173
476
131
477
39
478
104
479
-1
480
48
481
57
482
92
483
81
484
-1
485
72
486
176
487
165
488
18
489
-1
490
18
491
113
492
170
493
170
494
-1
495
47
496
147
497
83
498
55
499
-1
500
46
501
35
502
83
503
47
504
-1
505
1
506
58
507
3
508
113
509
-1
510
179
511
9
512
47
513
126
514
-1
515
78
516
102
517
26
518
146
519
-1
520
135
521
34
522
24
523
92
524
-1
525
86
526
125
527
33
528
167
529
-1
530
144
531
135
532
7
533
103
534
-1
535
183
536
67
537
147
538
84
539
-1
540
41
541
169
542
37
543
50
544
-1
545
163
546
8
547
182
548
52
549
-1
550
39
551
47
552
129
553
123
554
-1
555
180
556
135
557
74
558
101
559
-1
560
137
561
51
562
5
563
24
564
-1
565
185
566
171
567
44
568
63
569
-1
570
7
571
75
572
113
573
0
574
-1
575
121
576
67
577
136
578
165
579
-1
580
63
581
22
582
25
583
4
584
-1
585
33
586
59
587
101
588
130
589
-1
590
79
591
23
592
13
593
95
594
-1
595
119
596
185
597
156
598
14
599
-1
600
160
601
63
602
176
603
58
604
-1
605
64
606
169
607
9
608
1
609
-1
610
157
611
110
612
73
613
115
614
-1
615
174
616
132
617
62
618
59
619
-1
620
91
621
81
622
50
623
174
624
-1
625
76
626
26
627
88
628
106
629
-1
630
111
631
52
632
64
633
113
634
-1
635
133
636
178
637
106
638
113
639
-1
640
53
641
72
642
31
643
35
644
-1
645
84
646
54
647
173
648
21
649
-1
650
156
651
177
652
182
653
73
654
-1
655
61
656
99
657
50
658
116
659
-1
660
100
661
67
662
137
663
182
664
-1
665
5
666
72
667
176
668
120
669
-1
670
27
671
134
672
48
673
182
674
-1
675
69
676
147
677
159
678
174
679
-1
680
115
681
100
682
33
683
162
684
-1
685
53
686
182
687
73
688
44
689
-1
690
112
691
66
692
175
693
127
694
-1
695
1
696
153
697
113
698
171
699
-1
700
141
701
54
702
54
703
127
704
-1
705
8
706
94
707
136
708
46
709
-1
710
82
711
136
712
91
713
46
714
-1
715
174
716
144
717
10
718
120
719
-1
720
102
721
98
722
173
723
108
724
-1
725
80
726
13
727
103
728
37
729
-1
730
93
731
37
732
147
733
25
734
-1
735
13
736
59
737
73
738
63
739
-1
740
29
741
49
742
45
743
76
744
-1
745
82
746
18
747
168
748
9
749
-1
750
0
751
105
752
85
753
161
754
-1
755
130
756
145
757
185
758
71
759
-1
760
32
761
48
762
30
763
175
764
-1
765
89
766
106
767
40
768
21
769
-1
770
172
771
7
772
57
773
180
774
-1
775
98
776
15
777
182
778
176
779
-1
780
145
781
86
782
168
783
143
784
-1
785
182
786
92
787
41
788
79
789
-1
790
54
791
173
792
61
793
12
794
-1
795
102
796
14
797
15
798
168
799
-1
800
155
801
108
802
107
803
135
804
-1
805
29
806
57
807
139
808
140
809
-1
810
31
811
139
812
152
813
86
814
-1
815
62
816
67
817
129
818
21
819
-1
820
173
821
1
822
147
823
105
824
-1
825
146
826
59
827
139
828
182
829
-1
830
103
831
84
832
27
833
52
834
-1
835
63
836
8
837
167
838
48
839
-1
840
67
841
173
842
123
843
113
844
-1
845
185
846
21
847
59
848
78
849
-1
850
165
851
19
852
156
853
72
854
-1
855
106
856
164
857
50
858
180
859
-1
860
182
861
0
862
61
863
4
864
-1
865
107
866
144
867
161
868
71
869
-1
870
102
871
75
872
113
873
29
874
-1
875
56
876
80
877
113
878
36
879
-1
880
144
881
159
882
126
883
27
884
-1
885
119
886
59
887
154
888
60
889
-1
890
137
891
182
892
104
893
157
894
-1
895
96
896
139
897
73
898
85
899
-1
900
93
901
137
902
104
903
9
904
-1
905
28
906
28
907
24
908
2
909
-1
910
85
911
104
912
3
913
161
914
-1
915
87
916
35
917
125
918
155
919
-1
920
77
921
57
922
61
923
69
924
-1
925
132
926
66
927
59
928
34
929
-1
930
20
931
97
932
165
933
174
934
-1
935
82
936
142
937
142
938
27
939
-1
940
61
941
132
942
56
943
149
944
-1
945
114
946
103
947
95
948
42
949
-1
950
81
951
85
952
140
953
150
954
-1
955
104
956
107
957
111
958
54
959
-1
960
100
961
57
962
142
963
92
964
-1
965
141
966
129
967
146
968
88
969
-1
970
150
971
5
972
11
973
83
974
-1
975
24
976
94
977
167
978
39
979
-1
980
148
981
77
982
183
983
101
984
-1
985
148
986
71
987
53
988
145
989
-1
990
7
991
120
992
169
993
130
994
-1
995
146
996
147
997
117
998
114
999
-1
1000
12
1001
93
1002
0
1003
100
1004
-1
1005
42
1006
7
1007
177
1008
133
1009
-1
1010
80
1011
139
1012
74
1013
11
1014
-1
1015
40
1016
13
1017
123
1018
103
1019
-1
1020
11
1021
55
1022
113
1023
72
1024
-1
1025
60
1026
163
1027
12
1028
29
1029
-1
1030
54
1031
14
1032
140
1033
112
1034
-1
1035
139
1036
85
1037
14
1038
61
1039
-1
1040
87
1041
181
1042
17
1043
40
1044
-1
1045
19
1046
106
1047
159
1048
184
1049
-1
1050
53
1051
173
1052
127
1053
103
1054
-1
1055
76
1056
56
1057
94
1058
63
1059
-1
1060
75
1061
30
1062
112
1063
46
1064
-1
1065
72
1066
115
1067
29
1068
61
1069
-1
1070
28
1071
146
1072
171
1073
33
1074
-1
1075
163
1076
113
1077
20
1078
112
1079
-1
1080
90
1081
103
1082
61
1083
131
1084
-1
1085
121
1086
32
1087
145
1088
154
1089
-1
1090
56
1091
130
1092
17
1093
111
1094
-1
1095
12
1096
78
1097
141
1098
2
1099
-1
1100
163
1101
53
1102
83
1103
152
1104
-1
1105
84
1106
130
1107
133
1108
144
1109
-1
1110
139
1111
5
1112
177
1113
185
1114
-1
1115
50
1116
53
1117
69
1118
2
1119
-1
1120
98
1121
151
1122
41
1123
42
1124
-1
1125
184
1126
10
1127
132
1128
16
1129
-1
1130
2
1131
34
1132
135
1133
36
1134
-1
1135
3
1136
101
1137
55
1138
5
1139
-1
1140
171
1141
123
1142
47
1143
134
1144
-1
1145
165
1146
29
1147
146
1148
67
1149
-1
1150
10
1151
52
1152
154
1153
148
1154
-1
1155
40
1156
75
1157
38
1158
94
1159
-1
1160
138
1161
60
1162
91
1163
125
1164
-1
1165
114
1166
4
1167
134
1168
130
1169
-1
1170
31
1171
19
1172
126
1173
153
1174
-1
1175
23
1176
179
1177
134
1178
109
1179
-1
1180
41
1181
176
1182
163
1183
163
1184
-1
1185
166
1186
22
1187
76
1188
120
1189
-1
1190
77
1191
59
1192
98
1193
49
1194
-1
1195
168
1196
140
1197
147
1198
20
1199
-1
1200
86
1201
27
1202
120
1203
29
1204
-1
1205
68
1206
132
1207
131
1208
7
1209
-1
1210
71
1211
57
1212
181
1213
97
1214
-1
1215
42
1216
114
1217
24
1218
106
1219
-1
1220
64
1221
142
1222
141
1223
123
1224
-1
1225
47
1226
18
1227
97
1228
119
1229
-1
1230
95
1231
84
1232
55
1233
66
1234
-1
1235
72
1236
102
1237
21
1238
128
1239
-1
1240
92
1241
36
1242
151
1243
168
1244
-1
1245
14
1246
145
1247
23
1248
140
1249
-1
1250
179
1251
63
1252
71
1253
109
1254
-1
1255
62
1256
155
1257
36
1258
120
1259
-1
1260
71
1261
60
1262
88
1263
110
1264
-1
1265
5
1266
27
1267
10
1268
19
1269
-1
1270
53
1271
119
1272
64
1273
24
1274
-1
1275
107
1276
43
1277
2
1278
116
1279
-1
1280
111
1281
153
1282
99
1283
131
1284
-1
1285
139
1286
57
1287
83
1288
78
1289
-1
1290
56
1291
62
1292
53
1293
47
1294
-1
1295
70
1296
78
1297
25
1298
41
1299
-1
1300
92
1301
36
1302
67
1303
157
1304
-1
1305
120
1306
150
1307
32
1308
6
1309
-1
1310
159
1311
157
1312
92
1313
64
1314
-1
1315
138
1316
57
1317
175
1318
117
1319
-1
1320
182
1321
100
1322
140
1323
25
1324
-1
1325
142
1326
22
1327
96
1328
121
1329
-1
1330
68
1331
106
1332
68
1333
183
1334
-1
1335
110
1336
42
1337
126
1338
14
1339
-1
1340
111
1341
11
1342
2
1343
1
1344
-1
1345
17
1346
167
1347
22
1348
78
1349
-1
1350
75
1351
7
1352
144
1353
174
1354
-1
1355
140
1356
51
1357
168
1358
162
1359
-1
1360
173
1361
70
1362
87
1363
44
1364
-1
1365
168
1366
80
1367
179
1368
20
1369
-1
1370
175
1371
29
1372
52
1373
166
1374
-1
1375
65
1376
175
1377
120
1378
21
1379
-1
1380
66
1381
167
1382
122
1383
154
1384
-1
1385
20
1386
41
1387
129
1388
77
1389
-1
1390
76
1391
113
1392
72
1393
121
1394
-1
1395
151
1396
79
1397
12
1398
132
1399
-1
1400
123
1401
146
1402
177
1403
63
1404
-1
1405
127
1406
114
1407
16
1408
183
1409
-1
1410
136
1411
97
1412
143
1413
169
1414
-1
1415
83
1416
103
1417
103
1418
10
1419
-1
1420
34
1421
84
1422
88
1423
83
1424
-1
1425
136
1426
126
1427
127
1428
75
1429
-1
1430
6
1431
169
1432
140
1433
112
1434
-1
1435
141
1436
138
1437
106
1438
143
1439
-1
1440
32
1441
91
1442
12
1443
100
1444
-1
1445
20
1446
112
1447
27
1448
181
1449
-1
1450
122
1451
86
1452
84
1453
28
1454
-1
1455
104
1456
22
1457
14
1458
179
1459
-1
1460
137
1461
82
1462
10
1463
7
1464
-1
1465
75
1466
111
1467
155
1468
182
1469
-1
1470
128
1471
94
1472
1
1473
73
1474
-1
1475
85
1476
89
1477
88
1478
142
1479
-1
1480
17
1481
9
1482
165
1483
179
1484
-1
1485
96
1486
98
1487
35
1488
97
1489
-1
1490
63
1491
28
1492
172
1493
183
1494
-1
1495
138
1496
38
1497
99
1498
114
1499
-1
1500
138
1501
149
1502
100
1503
114
1504
-1
1505
136
1506
10
1507
128
1508
101
1509
-1
1510
32
1511
151
1512
95
1513
55
1514
-1
1515
70
1516
82
1517
57
1518
185
1519
-1
1520
130
1521
17
1522
22
1523
148
1524
-1
1525
72
1526
109
1527
103
1528
151
1529
-1
1530
155
1531
12
1532
85
1533
64
1534
-1
1535
84
1536
162
1537
1
1538
181
1539
-1
1540
44
1541
28
1542
67
1543
36
1544
-1
1545
174
1546
74
1547
109
1548
66
1549
-1
1550
43
1551
24
1552
142
1553
33
1554
-1
1555
167
1556
183
1557
45
1558
115
1559
-1
1560
174
1561
34
1562
131
1563
17
1564
-1
1565
183
1566
6
1567
123
1568
102
1569
-1
1570
174
1571
113
1572
112
1573
117
1574
-1
1575
184
1576
181
1577
122
1578
177
1579
-1
1580
36
1581
30
1582
73
1583
159
1584
-1
1585
116
1586
71
1587
38
1588
77
1589
-1
1590
176
1591
124
1592
105
1593
176
1594
-1
1595
170
1596
89
1597
172
1598
182
1599
-1
1600
80
1601
27
1602
47
1603
47
1604
-1
1605
87
1606
121
1607
138
1608
3
1609
-1
1610
179
1611
107
1612
156
1613
97
1614
-1
1615
127
1616
124
1617
153
1618
101
1619
-1
1620
130
1621
81
1622
137
1623
82
1624
-1
1625
159
1626
92
1627
33
1628
17
1629
-1
1630
124
1631
115
1632
23
1633
10
1634
-1
1635
32
1636
26
1637
138
1638
156
1639
-1
1640
173
1641
146
1642
83
1643
143
1644
-1
1645
43
1646
13
1647
167
1648
185
1649
-1
1650
93
1651
88
1652
161
1653
165
1654
-1
1655
87
1656
178
1657
44
1658
82
1659
-1
1660
108
1661
169
1662
15
1663
96
1664
-1
1665
86
1666
182
1667
56
1668
39
1669
-1
1670
160
1671
82
1672
114
1673
165
1674
-1
1675
70
1676
111
1677
10
1678
66
1679
-1
1680
96
1681
182
1682
151
1683
28
1684
-1
1685
115
1686
7
1687
99
1688
22
1689
-1
1690
49
1691
54
1692
171
1693
31
1694
-1
1695
58
1696
84
1697
75
1698
25
1699
-1
1700
30
1701
127
1702
70
1703
122
1704
-1
1705
93
1706
166
1707
149
1708
49
1709
-1
1710
59
1711
49
1712
59
1713
131
1714
-1
1715
9
1716
49
1717
168
1718
127
1719
-1
1720
117
1721
167
1722
129
1723
17
1724
-1
1725
176
1726
169
1727
110
1728
86
1729
-1
1730
133
1731
71
1732
50
1733
43
1734
-1
1735
92
1736
53
1737
172
1738
20
1739
-1
1740
72
1741
41
1742
176
1743
5
1744
-1
1745
94
1746
85
1747
42
1748
54
1749
-1
1750
54
1751
30
1752
97
1753
63
1754
-1
1755
160
1756
120
1757
66
1758
122
1759
-1
1760
127
1761
34
1762
66
1763
12
1764
-1
1765
95
1766
7
1767
19
1768
12
1769
-1
1770
0
1771
122
1772
121
1773
50
1774
-1
1775
2
1776
8
1777
128
1778
107
1779
-1
1780
25
1781
5
1782
138
1783
138
1784
-1
1785
49
1786
165
1787
95
1788
54
1789
-1
1790
57
1791
58
1792
68
1793
119
1794
-1
1795
114
1796
4
1797
92
1798
76
1799
-1
1800
90
1801
92
1802
136
1803
94
1804
-1
1805
170
1806
93
1807
94
1808
145
1809
-1
1810
98
1811
16
1812
44
1813
73
1814
-1
1815
65
1816
19
1817
162
1818
81
1819
-1
1820
145
1821
12
1822
94
1823
73
1824
-1
1825
65
1826
176
1827
149
1828
144
1829
-1
1830
144
1831
161
1832
3
1833
182
1834
-1
1835
182
1836
141
1837
1
1838
151
1839
-1
1840
6
1841
38
1842
115
1843
64
1844
-1
1845
134
1846
81
1847
71
1848
101
1849
-1
1850
120
1851
69
1852
37
1853
123
1854
-1
1855
17
1856
139
1857
181
1858
152
1859
-1
1860
97
1861
15
1862
158
1863
93
1864
-1
1865
9
1866
86
1867
71
1868
89
1869
-1
1870
144
1871
24
1872
117
1873
54
1874
-1
1875
31
1876
30
1877
64
1878
99
1879
-1
1880
90
1881
76
1882
77
1883
124
1884
-1
1885
139
1886
135
1887
154
1888
55
1889
-1
1890
68
1891
180
1892
19
1893
117
1894
-1
1895
113
1896
110
1897
16
1898
59
1899
-1
1900
144
1901
35
1902
141
1903
144
1904
-1
1905
174
1906
90
1907
59
1908
43
1909
-1
1910
2
1911
54
1912
99
1913
121
1914
-1
1915
19
1916
26
1917
10
1918
27
1919
-1
1920
184
1921
59
1922
52
1923
60
1924
-1
1925
121
1926
165
1927
32
1928
163
1929
-1
1930
3
1931
6
1932
49
1933
100
1934
-1
1935
123
1936
154
1937
151
1938
31
1939
-1
1940
61
1941
144
1942
79
1943
51
1944
-1
1945
49
1946
107
1947
27
1948
100
1949
-1
1950
68
1951
63
1952
70
1953
116
1954
-1
1955
122
1956
122
1957
24
1958
84
1959
-1
1960
150
1961
9
1962
178
1963
10
1964
-1
1965
103
1966
87
1967
113
1968
82
1969
-1
1970
141
1971
80
1972
1
1973
79
1974
-1
1975
48
1976
43
1977
89
1978
87
1979
-1
1980
19
1981
150
1982
140
1983
114
1984
-1
1985
94
1986
10
1987
122
1988
141
1989
-1
1990
23
1991
141
1992
144
1993
42
1994
-1
1995
101
1996
12
1997
159
1998
6
1999
-1
2000
151
2001
7
2002
21
2003
28
2004
-1
2005
167
2006
174
2007
40
2008
127
2009
-1
2010
58
2011
95
2012
21
2013
153
2014
-1
2015
79
2016
61
2017
181
2018
137
2019
-1
2020
4
2021
25
2022
47
2023
163
2024
-1
2025
168
2026
169
2027
43
2028
159
2029
-1
2030
119
2031
12
2032
40
2033
60
2034
-1
2035
58
2036
39
2037
176
2038
138
2039
-1
2040
171
2041
152
2042
132
2043
81
2044
-1
2045
123
2046
34
2047
119
2048
140
2049
-1
2050
110
2051
7
2052
130
2053
119
2054
-1
2055
27
2056
95
2057
48
2058
97
2059
-1
2060
33
2061
64
2062
77
2063
165
2064
-1
2065
106
2066
12
2067
44
2068
145
2069
-1
2070
117
2071
94
2072
150
2073
36
2074
-1
2075
6
2076
104
2077
75
2078
54
2079
-1
2080
81
2081
87
2082
4
2083
83
2084
-1
2085
171
2086
185
2087
133
2088
152
2089
-1
2090
119
2091
38
2092
4
2093
4
2094
-1
2095
114
2096
176
2097
46
2098
17
2099
-1
2100
68
2101
115
2102
17
2103
162
2104
-1
2105
105
2106
145
2107
85
2108
94
2109
-1
2110
3
2111
5
2112
11
2113
140
2114
-1
2115
154
2116
127
2117
149
2118
150
2119
-1
2120
70
2121
185
2122
91
2123
49
2124
-1
2125
111
2126
57
2127
178
2128
137
2129
-1
2130
47
2131
172
2132
175
2133
1
2134
-1
2135
166
2136
175
2137
93
2138
122
2139
-1
2140
140
2141
160
2142
26
2143
7
2144
-1
2145
130
2146
29
2147
19
2148
108
2149
-1
2150
115
2151
119
2152
13
2153
179
2154
-1
2155
149
2156
106
2157
25
2158
183
2159
-1
2160
95
2161
66
2162
59
2163
8
2164
-1
2165
82
2166
95
2167
76
2168
33
2169
-1
2170
179
2171
107
2172
36
2173
83
2174
-1
2175
64
2176
133
2177
80
2178
117
2179
-1
2180
184
2181
159
2182
116
2183
84
2184
-1
2185
9
2186
182
2187
18
2188
37
2189
-1
2190
70
2191
7
2192
125
2193
3
2194
-1
2195
70
2196
68
2197
142
2198
104
2199
-1
2200
43
2201
158
2202
183
2203
83
2204
-1
2205
7
2206
76
2207
130
2208
25
2209
-1
2210
100
2211
177
2212
152
2213
117
2214
-1
2215
18
2216
134
2217
164
2218
144
2219
-1
2220
161
2221
55
2222
35
2223
108
2224
-1
2225
73
2226
42
2227
125
2228
84
2229
-1
2230
61
2231
70
2232
85
2233
101
2234
-1
2235
125
2236
114
2237
51
2238
88
2239
-1
2240
56
2241
12
2242
84
2243
140
2244
-1
2245
103
2246
89
2247
105
2248
10
2249
-1
2250
140
2251
129
2252
43
2253
62
2254
-1
2255
97
2256
160
2257
57
2258
86
2259
-1
2260
114
2261
6
2262
113
2263
184
2264
-1
2265
16
2266
57
2267
96
2268
79
2269
-1
2270
133
2271
174
2272
105
2273
66
2274
-1
2275
9
2276
24
2277
73
2278
39
2279
-1
2280
177
2281
32
2282
31
2283
82
2284
-1
2285
38
2286
175
2287
38
2288
101
2289
-1
2290
159
2291
64
2292
50
2293
59
2294
-1
2295
59
2296
94
2297
35
2298
152
2299
-1
2300
102
2301
93
2302
141
2303
15
2304
-1
2305
122
2306
163
2307
139
2308
101
2309
-1
2310
153
2311
153
2312
130
2313
173
2314
-1
2315
112
2316
20
2317
170
2318
140
2319
-1
2320
90
2321
2
2322
20
2323
114
2324
-1
2325
36
2326
40
2327
96
2328
157
2329
-1
2330
40
2331
137
2332
159
2333
70
2334
-1
2335
67
2336
93
2337
96
2338
184
2339
-1
2340
148
2341
1
2342
2
2343
66
2344
-1
2345
6
2346
99
2347
95
2348
95
2349
-1
2350
144
2351
182
2352
160
2353
22
2354
-1
2355
29
2356
21
2357
168
2358
42
2359
-1
2360
115
2361
160
2362
35
2363
173
2364
-1
2365
46
2366
36
2367
180
2368
76
2369
-1
2370
119
2371
25
2372
14
2373
4
2374
-1
2375
55
2376
31
2377
76
2378
64
2379
-1
2380
82
2381
135
2382
161
2383
168
2384
-1
2385
43
2386
172
2387
147
2388
43
2389
-1
2390
148
2391
2
2392
183
2393
62
2394
-1
2395
123
2396
94
2397
73
2398
18
2399
-1
2400
40
2401
34
2402
53
2403
79
2404
-1
2405
43
2406
86
2407
173
2408
75
2409
-1
2410
84
2411
154
2412
19
2413
152
2414
-1
2415
73
2416
148
2417
153
2418
149
2419
-1
2420
44
2421
147
2422
170
2423
155
2424
-1
2425
66
2426
79
2427
167
2428
52
2429
-1
2430
137
2431
15
2432
111
2433
79
2434
-1
2435
180
2436
135
2437
177
2438
50
2439
-1
2440
142
2441
149
2442
157
2443
76
2444
-1
2445
31
2446
67
2447
156
2448
56
2449
-1
2450
13
2451
168
2452
176
2453
127
2454
-1
2455
3
2456
90
2457
134
2458
10
2459
-1
2460
52
2461
40
2462
133
2463
96
2464
-1
2465
38
2466
139
2467
86
2468
183
2469
-1
2470
142
2471
173
2472
49
2473
23
2474
-1
2475
60
2476
35
2477
145
2478
80
2479
-1
2480
21
2481
20
2482
167
2483
68
2484
-1
2485
173
2486
115
2487
39
2488
80
2489
-1
2490
151
2491
86
2492
45
2493
67
2494
-1
2495
178
2496
149
2497
34
2498
54
2499
-1
2500
175
2501
23
2502
39
2503
52
2504
-1
2505
12
2506
138
2507
2
2508
51
2509
-1
2510
120
2511
28
2512
126
2513
72
2514
-1
2515
177
2516
67
2517
49
2518
15
2519
-1
2520
113
2521
102
2522
74
2523
83
2524
-1
2525
145
2526
156
2527
55
2528
11
2529
-1
2530
181
2531
67
2532
117
2533
47
2534
-1
2535
162
2536
26
2537
152
2538
113
2539
-1
2540
144
2541
59
2542
1
2543
52
2544
-1
2545
129
2546
142
2547
137
2548
35
2549
-1
2550
16
2551
74
2552
184
2553
178
2554
-1
2555
57
2556
96
2557
84
2558
53
2559
-1
2560
18
2561
89
2562
20
2563
77
2564
-1
2565
2
2566
16
2567
95
2568
185
2569
-1
2570
135
2571
104
2572
171
2573
33
2574
-1
2575
45
2576
172
2577
35
2578
3
2579
-1
2580
32
2581
184
2582
104
2583
173
2584
-1
2585
10
2586
183
2587
165
2588
6
2589
-1
2590
18
2591
67
2592
125
2593
77
2594
-1
2595
138
2596
156
2597
79
2598
143
2599
-1
2600
92
2601
156
2602
133
2603
10
2604
-1
2605
55
2606
51
2607
182
2608
16
2609
-1
2610
150
2611
175
2612
96
2613
77
2614
-1
2615
143
2616
119
2617
96
2618
157
2619
-1
2620
81
2621
64
2622
44
2623
53
2624
-1
2625
73
2626
171
2627
7
2628
174
2629
-1
2630
52
2631
166
2632
174
2633
125
2634
-1
2635
49
2636
175
2637
100
2638
180
2639
-1
2640
179
2641
133
2642
67
2643
108
2644
-1
2645
29
2646
136
2647
50
2648
148
2649
-1
2650
107
2651
123
2652
80
2653
87
2654
-1
2655
68
2656
118
2657
0
2658
118
2659
-1
2660
118
2661
70
2662
112
2663
168
2664
-1
2665
35
2666
76
2667
24
2668
174
2669
-1
2670
140
2671
48
2672
61
2673
167
2674
-1
2675
0
2676
177
2677
135
2678
138
2679
-1
2680
130
2681
163
2682
20
2683
68
2684
-1
2685
180
2686
154
2687
26
2688
177
2689
-1
2690
16
2691
157
2692
33
2693
67
2694
-1
2695
30
2696
34
2697
49
2698
138
2699
-1
2700
76
2701
153
2702
119
2703
115
2704
-1
2705
164
2706
33
2707
81
2708
97
2709
-1
2710
136
2711
53
2712
64
2713
30
2714
-1
2715
70
2716
118
2717
12
2718
180
2719
-1
2720
74
2721
140
2722
47
2723
108
2724
-1
2725
109
2726
135
2727
151
2728
74
2729
-1
2730
65
2731
64
2732
82
2733
184
2734
-1
2735
141
2736
179
2737
0
2738
131
2739
-1
2740
122
2741
99
2742
102
2743
78
2744
-1
2745
121
2746
48
2747
93
2748
165
2749
-1
2750
20
2751
177
2752
122
2753
133
2754
-1
2755
145
2756
17
2757
136
2758
43
2759
-1
2760
82
2761
164
2762
104
2763
105
2764
-1
2765
114
2766
84
2767
9
2768
183
2769
-1
2770
72
2771
97
2772
62
2773
126
2774
-1
2775
126
2776
87
2777
5
2778
81
2779
-1
2780
117
2781
142
2782
64
2783
26
2784
-1
2785
142
2786
64
2787
111
2788
138
2789
-1
2790
22
2791
54
2792
154
2793
22
2794
-1
2795
143
2796
183
2797
94
2798
90
2799
-1
2800
128
2801
112
2802
118
2803
19
2804
-1
2805
88
2806
114
2807
99
2808
179
2809
-1
2810
122
2811
33
2812
44
2813
98
2814
-1
2815
42
2816
108
2817
157
2818
171
2819
-1
2820
9
2821
133
2822
178
2823
64
2824
-1
2825
121
2826
156
2827
52
2828
155
2829
-1
2830
76
2831
50
2832
176
2833
143
2834
-1
2835
140
2836
116
2837
144
2838
140
2839
-1
2840
15
2841
139
2842
117
2843
68
2844
-1
2845
24
2846
102
2847
114
2848
67
2849
-1
2850
34
2851
5
2852
166
2853
127
2854
-1
2855
178
2856
114
2857
105
2858
100
2859
-1
2860
135
2861
161
2862
93
2863
16
2864
-1
2865
132
2866
57
2867
123
2868
0
2869
-1
2870
101
2871
68
2872
67
2873
33
2874
-1
2875
183
2876
39
2877
22
2878
49
2879
-1
2880
135
2881
167
2882
132
2883
1
2884
-1
2885
76
2886
155
2887
147
2888
185
2889
-1
2890
32
2891
96
2892
59
2893
172
2894
-1
2895
183
2896
130
2897
28
2898
82
2899
-1
2900
145
2901
139
2902
155
2903
22
2904
-1
2905
158
2906
141
2907
152
2908
175
2909
-1
2910
64
2911
31
2912
95
2913
12
2914
-1
2915
81
2916
37
2917
8
2918
73
2919
-1
2920
154
2921
177
2922
0
2923
77
2924
-1
2925
50
2926
29
2927
158
2928
102
2929
-1
2930
94
2931
137
2932
34
2933
83
2934
-1
2935
41
2936
117
2937
185
2938
31
2939
-1
2940
60
2941
41
2942
71
2943
63
2944
-1
2945
185
2946
178
2947
38
2948
21
2949
-1
2950
176
2951
141
2952
33
2953
60
2954
-1
2955
105
2956
0
2957
153
2958
69
2959
-1
2960
167
2961
127
2962
62
2963
155
2964
-1
2965
2
2966
18
2967
147
2968
25
2969
-1
2970
120
2971
164
2972
70
2973
66
2974
-1
2975
71
2976
90
2977
164
2978
134
2979
-1
2980
158
2981
71
2982
30
2983
38
2984
-1
2985
5
2986
82
2987
166
2988
97
2989
-1
2990
171
2991
175
2992
91
2993
18
2994
-1
2995
73
2996
115
2997
86
2998
77
2999
-1
3000
43
3001
107
3002
90
3003
122
3004
-1
3005
123
3006
121
3007
78
3008
130
3009
-1
3010
158
3011
89
3012
182
3013
25
3014
-1
3015
104
3016
50
3017
72
3018
60
3019
-1
3020
80
3021
2
3022
41
3023
23
3024
-1
3025
32
3026
140
3027
168
3028
4
3029
-1
3030
173
3031
126
3032
117
3033
130
3034
-1
3035
3
3036
151
3037
45
3038
12
3039
-1
3040
47
3041
172
3042
54
3043
83
3044
-1
3045
166
3046
164
3047
94
3048
167
3049
-1
3050
129
3051
147
3052
137
3053
40
3054
-1
3055
162
3056
1
3057
129
3058
68
3059
-1
3060
72
3061
184
3062
121
3063
86
3064
-1
3065
15
3066
159
3067
105
3068
146
3069
-1
3070
73
3071
158
3072
143
3073
140
3074
-1
3075
49
3076
150
3077
51
3078
179
3079
-1
3080
72
3081
72
3082
46
3083
21
3084
-1
3085
114
3086
12
3087
116
3088
115
3089
-1
3090
164
3091
108
3092
94
3093
81
3094
-1
3095
74
3096
170
3097
113
3098
125
3099
-1
3100
114
3101
38
3102
68
3103
159
3104
-1
3105
76
3106
169
3107
172
3108
9
3109
-1
3110
172
3111
164
3112
39
3113
68
3114
-1
3115
75
3116
46
3117
109
3118
140
3119
-1
3120
139
3121
134
3122
176
3123
16
3124
-1
3125
155
3126
6
3127
168
3128
174
3129
-1
3130
159
3131
124
3132
96
3133
49
3134
-1
3135
164
3136
185
3137
78
3138
15
3139
-1
3140
45
3141
150
3142
164
3143
59
3144
-1
3145
41
3146
119
3147
70
3148
69
3149
-1
3150
137
3151
185
3152
3
3153
69
3154
-1
3155
58
3156
53
3157
114
3158
49
3159
-1
3160
1
3161
152
3162
59
3163
49
3164
-1
3165
34
3166
147
3167
125
3168
18
3169
-1
3170
154
3171
47
3172
8
3173
185
3174
-1
3175
165
3176
69
3177
112
3178
43
3179
-1
3180
68
3181
158
3182
7
3183
11
3184
-1
3185
9
3186
55
3187
81
3188
14
3189
-1
3190
174
3191
88
3192
113
3193
96
3194
-1
3195
105
3196
126
3197
119
3198
92
3199
-1
3200
117
3201
23
3202
28
3203
154
3204
-1
3205
79
3206
144
3207
1
3208
115
3209
-1
3210
84
3211
70
3212
151
3213
15
3214
-1
3215
159
3216
117
3217
49
3218
3
3219
-1
3220
143
3221
1
3222
43
3223
44
3224
-1
3225
120
3226
75
3227
89
3228
51
3229
-1
3230
5
3231
44
3232
33
3233
26
3234
-1
3235
128
3236
108
3237
24
3238
170
3239
-1
3240
162
3241
107
3242
171
3243
160
3244
-1
3245
41
3246
107
3247
89
3248
90
3249
-1
3250
160
3251
50
3252
128
3253
60
3254
-1
3255
25
3256
36
3257
16
3258
56
3259
-1
3260
184
3261
72
3262
7
3263
22
3264
-1
3265
145
3266
22
3267
175
3268
125
3269
-1
3270
75
3271
80
3272
51
3273
35
3274
-1
3275
76
3276
8
3277
6
3278
157
3279
-1
3280
3
3281
118
3282
153
3283
59
3284
-1
3285
22
3286
62
3287
176
3288
111
3289
-1
3290
152
3291
150
3292
157
3293
1
3294
-1
3295
108
3296
51
3297
40
3298
14
3299
-1
3300
120
3301
106
3302
7
3303
31
3304
-1
3305
178
3306
109
3307
49
3308
32
3309
-1
3310
121
3311
162
3312
73
3313
74
3314
-1
3315
131
3316
113
3317
178
3318
77
3319
-1
3320
43
3321
96
3322
85
3323
42
3324
-1
3325
167
3326
106
3327
106
3328
22
3329
-1
3330
46
3331
48
3332
149
3333
185
3334
-1
3335
41
3336
74
3337
51
3338
122
3339
-1
3340
118
3341
57
3342
56
3343
120
3344
-1
3345
18
3346
35
3347
34
3348
17
3349
-1
3350
9
3351
38
3352
57
3353
7
3354
-1
3355
18
3356
171
3357
63
3358
86
3359
-1
3360
73
3361
79
3362
167
3363
150
3364
-1
3365
69
3366
98
3367
21
3368
46
3369
-1
3370
51
3371
42
3372
176
3373
12
3374
-1
3375
130
3376
138
3377
165
3378
97
3379
-1
3380
3
3381
22
3382
89
3383
136
3384
-1
3385
163
3386
142
3387
140
3388
108
3389
-1
3390
86
3391
15
3392
180
3393
69
3394
-1
3395
15
3396
3
3397
61
3398
97
3399
-1
3400
66
3401
51
3402
97
3403
79
3404
-1
3405
85
3406
82
3407
52
3408
87
3409
-1
3410
25
3411
142
3412
95
3413
16
3414
-1
3415
91
3416
32
3417
137
3418
40
3419
-1
3420
72
3421
142
3422
29
3423
114
3424
-1
3425
125
3426
157
3427
143
3428
160
3429
-1
3430
54
3431
105
3432
104
3433
96
3434
-1
3435
62
3436
139
3437
6
3438
128
3439
-1
3440
14
3441
120
3442
106
3443
184
3444
-1
3445
145
3446
31
3447
101
3448
137
3449
-1
3450
154
3451
164
3452
72
3453
179
3454
-1
3455
11
3456
46
3457
100
3458
113
3459
-1
3460
157
3461
22
3462
128
3463
171
3464
-1
3465
14
3466
52
3467
35
3468
168
3469
-1
3470
155
3471
21
3472
72
3473
32
3474
-1
3475
156
3476
62
3477
39
3478
180
3479
-1
3480
180
3481
95
3482
162
3483
3
3484
-1
3485
162
3486
12
3487
28
3488
54
3489
-1
3490
152
3491
21
3492
156
3493
7
3494
-1
3495
8
3496
141
3497
119
3498
21
3499
-1
3500
164
3501
43
3502
64
3503
18
3504
-1
3505
86
3506
134
3507
49
3508
13
3509
-1
3510
26
3511
89
3512
65
3513
34
3514
-1
3515
34
3516
22
3517
176
3518
69
3519
-1
3520
89
3521
163
3522
22
3523
90
3524
-1
3525
162
3526
71
3527
103
3528
23
3529
-1
3530
14
3531
162
3532
6
3533
182
3534
-1
3535
64
3536
29
3537
62
3538
173
3539
-1
3540
139
3541
47
3542
32
3543
130
3544
-1
3545
70
3546
86
3547
23
3548
29
3549
-1
3550
102
3551
63
3552
93
3553
54
3554
-1
3555
100
3556
117
3557
153
3558
142
3559
-1
3560
34
3561
88
3562
156
3563
6
3564
-1
3565
42
3566
183
3567
168
3568
149
3569
-1
3570
144
3571
44
3572
82
3573
23
3574
-1
3575
109
3576
4
3577
174
3578
133
3579
-1
3580
160
3581
107
3582
180
3583
104
3584
-1
3585
95
3586
107
3587
28
3588
93
3589
-1
3590
158
3591
146
3592
139
3593
81
3594
-1
3595
62
3596
25
3597
95
3598
32
3599
-1
3600
95
3601
37
3602
128
3603
159
3604
-1
3605
47
3606
165
3607
98
3608
62
3609
-1
3610
50
3611
54
3612
143
3613
171
3614
-1
3615
80
3616
76
3617
30
3618
159
3619
-1
3620
40
3621
155
3622
79
3623
6
3624
-1
3625
112
3626
130
3627
144
3628
138
3629
-1
3630
89
3631
73
3632
40
3633
50
3634
-1
3635
98
3636
30
3637
145
3638
108
3639
-1
3640
170
3641
111
3642
8
3643
114
3644
-1
3645
41
3646
100
3647
96
3648
152
3649
-1
3650
57
3651
9
3652
59
3653
18
3654
-1
3655
141
3656
49
3657
170
3658
104
3659
-1
3660
125
3661
30
3662
96
3663
104
3664
-1
3665
38
3666
76
3667
87
3668
24
3669
-1
3670
57
3671
154
3672
132
3673
54
3674
-1
3675
120
3676
140
3677
145
3678
27
3679
-1
3680
51
3681
38
3682
21
3683
63
3684
-1
3685
21
3686
159
3687
177
3688
65
3689
-1
3690
30
3691
82
3692
24
3693
36
3694
-1
3695
171
3696
66
3697
144
3698
91
3699
-1
3700
152
3701
135
3702
84
3703
4
3704
-1
3705
102
3706
8
3707
75
3708
9
3709
-1
3710
133
3711
7
3712
159
3713
142
3714
-1
3715
52
3716
130
3717
135
3718
78
3719
-1
3720
133
3721
6
3722
97
3723
79
3724
-1
3725
81
3726
181
3727
74
3728
150
3729
-1
3730
5
3731
21
3732
77
3733
12
3734
-1
3735
24
3736
37
3737
166
3738
65
3739
-1
3740
52
3741
91
3742
107
3743
182
3744
-1
3745
94
3746
20
3747
71
3748
78
3749
-1
3750
39
3751
94
3752
160
3753
62
3754
-1
3755
94
3756
141
3757
153
3758
36
3759
-1
3760
170
3761
79
3762
85
3763
152
3764
-1
3765
24
3766
110
3767
70
3768
15
3769
-1
3770
77
3771
43
3772
44
3773
173
3774
-1
3775
75
3776
93
3777
70
3778
48
3779
-1
3780
4
3781
94
3782
141
3783
61
3784
-1
3785
14
3786
3
3787
114
3788
147
3789
-1
3790
53
3791
20
3792
34
3793
83
3794
-1
3795
151
3796
132
3797
34
3798
178
3799
-1
3800
80
3801
129
3802
64
3803
120
3804
-1
3805
71
3806
130
3807
44
3808
134
3809
-1
3810
129
3811
28
3812
185
3813
185
3814
-1
3815
6
3816
163
3817
68
3818
137
3819
-1
3820
152
3821
100
3822
65
3823
27
3824
-1
3825
130
3826
70
3827
76
3828
170
3829
-1
3830
98
3831
111
3832
10
3833
168
3834
-1
3835
60
3836
65
3837
36
3838
114
3839
-1
3840
23
3841
144
3842
57
3843
182
3844
-1
3845
182
3846
42
3847
94
3848
70
3849
-1
3850
4
3851
133
3852
185
3853
155
3854
-1
3855
178
3856
12
3857
59
3858
152
3859
-1
3860
165
3861
10
3862
25
3863
139
3864
-1
3865
142
3866
164
3867
82
3868
113
3869
-1
3870
33
3871
37
3872
69
3873
140
3874
-1
3875
131
3876
54
3877
174
3878
116
3879
-1
3880
177
3881
178
3882
72
3883
17
3884
-1
3885
88
3886
85
3887
5
3888
46
3889
-1
3890
179
3891
32
3892
48
3893
145
3894
-1
3895
165
3896
56
3897
36
3898
181
3899
-1
3900
36
3901
109
3902
131
3903
153
3904
-1
3905
8
3906
88
3907
75
3908
76
3909
-1
3910
32
3911
58
3912
26
3913
46
3914
-1
3915
147
3916
161
3917
126
3918
124
3919
-1
3920
124
3921
149
3922
164
3923
114
3924
-1
3925
42
3926
2
3927
53
3928
76
3929
-1
3930
31
3931
1
3932
177
3933
158
3934
-1
3935
172
3936
74
3937
95
3938
70
3939
-1
3940
53
3941
32
3942
31
3943
163
3944
-1
3945
167
3946
73
3947
60
3948
50
3949
-1
3950
113
3951
2
3952
81
3953
8
3954
-1
3955
15
3956
20
3957
11
3958
112
3959
-1
3960
45
3961
71
3962
33
3963
116
3964
-1
3965
136
3966
90
3967
149
3968
54
3969
-1
3970
94
3971
144
3972
79
3973
109
3974
-1
3975
144
3976
93
3977
43
3978
82
3979
-1
3980
5
3981
34
3982
42
3983
162
3984
-1
3985
146
3986
104
3987
178
3988
25
3989
-1
3990
9
3991
169
3992
107
3993
11
3994
-1
3995
15
3996
121
3997
148
3998
26
3999
-1
4000
32
4001
9
4002
92
4003
97
4004
-1
4005
185
4006
66
4007
173
4008
133
4009
-1
4010
148
4011
154
4012
42
4013
135
4014
-1
4015
114
4016
67
4017
60
4018
183
4019
-1
4020
157
4021
166
4022
69
4023
157
4024
-1
4025
57
4026
158
4027
57
4028
158
4029
-1
4030
65
4031
40
4032
39
4033
129
4034
-1
4035
26
4036
149
4037
116
4038
17
4039
-1
4040
123
4041
39
4042
183
4043
53
4044
-1
4045
29
4046
174
4047
62
4048
21
4049
-1
4050
27
4051
69
4052
87
4053
103
4054
-1
4055
90
4056
112
4057
68
4058
125
4059
-1
4060
26
4061
144
4062
48
4063
168
4064
-1
4065
181
4066
95
4067
162
4068
50
4069
-1
4070
121
4071
60
4072
99
4073
7
4074
-1
4075
137
4076
105
4077
115
4078
44
4079
-1
4080
74
4081
36
4082
46
4083
113
4084
-1
4085
72
4086
90
4087
118
4088
148
4089
-1
4090
10
4091
139
4092
77
4093
101
4094
-1
4095
64
4096
165
4097
65
4098
11
4099
-1
4100
161
4101
155
4102
70
4103
170
4104
-1
4105
131
4106
92
4107
30
4108
140
4109
-1
4110
119
4111
92
4112
93
4113
152
4114
-1
4115
119
4116
182
4117
94
4118
93
4119
-1
4120
51
4121
171
4122
109
4123
64
4124
-1
4125
132
4126
15
4127
120
4128
14
4129
-1
4130
142
4131
97
4132
96
4133
155
4134
-1
4135
2
4136
53
4137
2
4138
19
4139
-1
4140
41
4141
166
4142
34
4143
165
4144
-1
4145
6
4146
85
4147
150
4148
118
4149
-1
4150
161
4151
20
4152
20
4153
68
4154
-1
4155
114
4156
10
4157
158
4158
53
4159
-1
4160
129
4161
172
4162
108
4163
69
4164
-1
4165
107
4166
99
4167
33
4168
155
4169
-1
4170
182
4171
116
4172
5
4173
147
4174
-1
4175
152
4176
58
4177
99
4178
181
4179
-1
4180
73
4181
15
4182
132
4183
106
4184
-1
4185
111
4186
121
4187
109
4188
67
4189
-1
4190
85
4191
85
4192
6
4193
66
4194
-1
4195
122
4196
64
4197
35
4198
95
4199
-1
4200
92
4201
65
4202
75
4203
180
4204
-1
4205
8
4206
10
4207
123
4208
166
4209
-1
4210
159
4211
169
4212
81
4213
111
4214
-1
4215
110
4216
122
4217
32
4218
98
4219
-1
4220
63
4221
43
4222
167
4223
139
4224
-1
4225
78
4226
108
4227
4
4228
21
4229
-1
4230
24
4231
101
4232
141
4233
185
4234
-1
4235
115
4236
65
4237
6
4238
50
4239
-1
4240
49
4241
57
4242
12
4243
154
4244
-1
4245
111
4246
66
4247
155
4248
121
4249
-1
4250
16
4251
4
4252
19
4253
131
4254
-1
4255
60
4256
10
4257
116
4258
5
4259
-1
4260
14
4261
28
4262
106
4263
184
4264
-1
4265
147
4266
61
4267
156
4268
54
4269
-1
4270
72
4271
48
4272
10
4273
63
4274
-1
4275
130
4276
61
4277
131
4278
102
4279
-1
4280
50
4281
117
4282
97
4283
86
4284
-1
4285
105
4286
153
4287
64
4288
88
4289
-1
4290
36
4291
62
4292
14
4293
171
4294
-1
4295
5
4296
125
4297
92
4298
46
4299
-1
4300
166
4301
182
4302
144
4303
163
4304
-1
4305
170
4306
26
4307
131
4308
78
4309
-1
4310
91
4311
31
4312
86
4313
170
4314
-1
4315
41
4316
109
4317
66
4318
44
4319
-1
4320
127
4321
113
4322
123
4323
68
4324
-1
4325
62
4326
136
4327
149
4328
27
4329
-1
4330
82
4331
72
4332
81
4333
162
4334
-1
4335
85
4336
136
4337
161
4338
78
4339
-1
4340
102
4341
99
4342
161
4343
19
4344
-1
4345
14
4346
123
4347
82
4348
52
4349
-1
4350
136
4351
137
4352
182
4353
86
4354
-1
4355
161
4356
172
4357
9
4358
106
4359
-1
4360
69
4361
173
4362
160
4363
120
4364
-1
4365
54
4366
95
4367
19
4368
83
4369
-1
4370
22
4371
61
4372
45
4373
97
4374
-1
4375
11
4376
113
4377
141
4378
16
4379
-1
4380
51
4381
145
4382
45
4383
25
4384
-1
4385
35
4386
119
4387
39
4388
78
4389
-1
4390
86
4391
183
4392
120
4393
57
4394
-1
4395
181
4396
32
4397
156
4398
6
4399
-1
4400
113
4401
32
4402
14
4403
98
4404
-1
4405
44
4406
157
4407
12
4408
104
4409
-1
4410
109
4411
167
4412
134
4413
118
4414
-1
4415
184
4416
144
4417
90
4418
17
4419
-1
4420
58
4421
144
4422
91
4423
139
4424
-1
4425
24
4426
21
4427
127
4428
26
4429
-1
4430
1
4431
95
4432
19
4433
150
4434
-1
4435
121
4436
125
4437
109
4438
61
4439
-1
4440
62
4441
179
4442
93
4443
153
4444
-1
4445
149
4446
166
4447
81
4448
154
4449
-1
4450
68
4451
58
4452
158
4453
161
4454
-1
4455
79
4456
12
4457
11
4458
141
4459
-1
4460
113
4461
84
4462
123
4463
64
4464
-1
4465
24
4466
75
4467
165
4468
68
4469
-1
4470
120
4471
154
4472
123
4473
97
4474
-1
4475
148
4476
163
4477
136
4478
48
4479
-1
4480
78
4481
177
4482
17
4483
86
4484
-1
4485
74
4486
182
4487
124
4488
96
4489
-1
4490
51
4491
130
4492
44
4493
34
4494
-1
4495
167
4496
34
4497
94
4498
131
4499
-1
4500
101
4501
155
4502
1
4503
98
4504
-1
4505
96
4506
141
4507
37
4508
164
4509
-1
4510
79
4511
185
4512
17
4513
41
4514
-1
4515
116
4516
105
4517
9
4518
127
4519
-1
4520
52
4521
171
4522
81
4523
6
4524
-1
4525
2
4526
108
4527
174
4528
62
4529
-1
4530
82
4531
139
4532
42
4533
45
4534
-1
4535
88
4536
136
4537
41
4538
75
4539
-1
4540
14
4541
49
4542
111
4543
138
4544
-1
4545
155
4546
93
4547
63
4548
157
4549
-1
4550
53
4551
35
4552
169
4553
168
4554
-1
4555
148
4556
136
4557
0
4558
27
4559
-1
4560
13
4561
64
4562
177
4563
166
4564
-1
4565
26
4566
53
4567
30
4568
142
4569
-1
4570
159
4571
140
4572
109
4573
141
4574
-1
4575
1
4576
41
4577
126
4578
31
4579
-1
4580
175
4581
128
4582
19
4583
110
4584
-1
4585
108
4586
126
4587
117
4588
49
4589
-1
4590
139
4591
15
4592
2
4593
34
4594
-1
4595
52
4596
51
4597
139
4598
138
4599
-1
4600
161
4601
80
4602
38
4603
140
4604
-1
4605
45
4606
148
4607
171
4608
123
4609
-1
4610
185
4611
17
4612
76
4613
130
4614
-1
4615
87
4616
181
4617
9
4618
119
4619
-1
4620
30
4621
2
4622
184
4623
154
4624
-1
4625
30
4626
40
4627
85
4628
178
4629
-1
4630
133
4631
68
4632
12
4633
31
4634
-1
4635
34
4636
184
4637
73
4638
103
4639
-1
4640
141
4641
60
4642
107
4643
14
4644
-1
4645
101
4646
26
4647
60
4648
144
4649
-1
4650
18
4651
121
4652
70
4653
79
4654
-1
4655
29
4656
80
4657
12
4658
47
4659
-1
4660
111
4661
55
4662
132
4663
128
4664
-1
4665
85
4666
143
4667
174
4668
31
4669
-1
4670
0
4671
40
4672
89
4673
36
4674
-1
4675
5
4676
131
4677
167
4678
2
4679
-1
4680
122
4681
73
4682
87
4683
109
4684
-1
4685
65
4686
98
4687
143
4688
83
4689
-1
4690
130
4691
116
4692
108
4693
165
4694
-1
4695
172
4696
171
4697
184
4698
128
4699
-1
4700
136
4701
23
4702
118
4703
96
4704
-1
4705
62
4706
161
4707
63
4708
24
4709
-1
4710
181
4711
176
4712
23
4713
173
4714
-1
4715
114
4716
159
4717
101
4718
166
4719
-1
4720
66
4721
123
4722
6
4723
7
4724
-1
4725
120
4726
138
4727
58
4728
50
4729
-1
4730
164
4731
43
4732
125
4733
52
4734
-1
4735
157
4736
42
4737
155
4738
81
4739
-1
4740
173
4741
8
4742
61
4743
140
4744
-1
4745
122
4746
124
4747
121
4748
14
4749
-1
4750
180
4751
183
4752
96
4753
64
4754
-1
4755
24
4756
1
4757
170
4758
91
4759
-1
4760
124
4761
137
4762
76
4763
73
4764
-1
4765
180
4766
153
4767
8
4768
79
4769
-1
4770
167
4771
177
4772
135
4773
5
4774
-1
4775
130
4776
18
4777
12
4778
115
4779
-1
4780
91
4781
185
4782
95
4783
144
4784
-1
4785
115
4786
37
4787
84
4788
70
4789
-1
4790
121
4791
69
4792
105
4793
157
4794
-1
4795
41
4796
14
4797
97
4798
89
4799
-1
4800
121
4801
96
4802
38
4803
143
4804
-1
4805
55
4806
108
4807
160
4808
165
4809
-1
4810
114
4811
19
4812
102
4813
112
4814
-1
4815
40
4816
130
4817
12
4818
37
4819
-1
4820
95
4821
69
4822
150
4823
75
4824
-1
4825
114
4826
147
4827
133
4828
165
4829
-1
4830
166
4831
123
4832
142
4833
182
4834
-1
4835
140
4836
159
4837
122
4838
34
4839
-1
4840
81
4841
101
4842
177
4843
158
4844
-1
4845
81
4846
158
4847
30
4848
6
4849
-1
4850
27
4851
52
4852
18
4853
0
4854
-1
4855
97
4856
133
4857
11
4858
63
4859
-1
4860
134
4861
141
4862
134
4863
170
4864
-1
4865
132
4866
134
4867
127
4868
141
4869
-1
4870
54
4871
127
4872
179
4873
179
4874
-1
4875
26
4876
168
4877
159
4878
152
4879
-1
4880
16
4881
109
4882
80
4883
41
4884
-1
4885
154
4886
2
4887
138
4888
55
4889
-1
4890
89
4891
62
4892
143
4893
71
4894
-1
4895
45
4896
47
4897
161
4898
152
4899
-1
4900
22
4901
149
4902
26
4903
122
4904
-1
4905
176
4906
108
4907
60
4908
181
4909
-1
4910
166
4911
177
4912
38
4913
71
4914
-1
4915
41
4916
76
4917
132
4918
24
4919
-1
4920
74
4921
86
4922
20
4923
145
4924
-1
4925
2
4926
177
4927
89
4928
175
4929
-1
4930
47
4931
115
4932
91
4933
129
4934
-1
4935
155
4936
11
4937
13
4938
167
4939
-1
4940
172
4941
2
4942
86
4943
176
4944
-1
4945
130
4946
118
4947
40
4948
105
4949
-1
4950
17
4951
83
4952
94
4953
121
4954
-1
4955
18
4956
14
4957
166
4958
51
4959
-1
4960
103
4961
91
4962
178
4963
120
4964
-1
4965
108
4966
63
4967
43
4968
69
4969
-1
4970
32
4971
115
4972
19
4973
124
4974
-1
4975
142
4976
103
4977
33
4978
55
4979
-1
4980
184
4981
118
4982
26
4983
157
4984
-1
4985
39
4986
147
4987
54
4988
59
4989
-1
4990
165
4991
185
4992
183
4993
165
4994
-1
4995
88
4996
71
4997
93
4998
117
4999
-1
5000
128
5001
161
5002
126
5003
34
5004
-1
5005
87
5006
98
5007
51
5008
47
5009
-1
5010
18
5011
137
5012
180
5013
147
5014
-1
5015
181
5016
164
5017
52
5018
34
5019
-1
5020
157
5021
131
5022
56
5023
54
5024
-1
5025
85
5026
98
5027
10
5028
67
5029
-1
5030
26
5031
184
5032
55
5033
108
5034
-1
5035
182
5036
69
5037
94
5038
45
5039
-1
5040
33
5041
137
5042
57
5043
154
5044
-1
5045
145
5046
125
5047
67
5048
17
5049
-1
5050
44
5051
185
5052
100
5053
167
5054
-1
5055
40
5056
14
5057
22
5058
183
5059
-1
5060
171
5061
154
5062
76
5063
65
5064
-1
5065
9
5066
122
5067
50
5068
173
5069
-1
5070
1
5071
60
5072
68
5073
45
5074
-1
5075
109
5076
52
5077
100
5078
10
5079
-1
5080
53
5081
28
5082
94
5083
112
5084
-1
5085
28
5086
81
5087
45
5088
50
5089
-1
5090
6
5091
88
5092
172
5093
128
5094
-1
5095
100
5096
146
5097
110
5098
167
5099
-1
5100
141
5101
50
5102
169
5103
9
5104
-1
5105
167
5106
13
5107
155
5108
35
5109
-1
5110
160
5111
16
5112
47
5113
119
5114
-1
5115
104
5116
117
5117
44
5118
140
5119
-1
5120
131
5121
29
5122
169
5123
37
5124
-1
5125
164
5126
55
5127
10
5128
106
5129
-1
5130
58
5131
11
5132
34
5133
121
5134
-1
5135
67
5136
110
5137
156
5138
121
5139
-1
5140
34
5141
183
5142
44
5143
136
5144
-1
5145
68
5146
98
5147
42
5148
170
5149
-1
5150
153
5151
16
5152
26
5153
135
5154
-1
5155
146
5156
146
5157
118
5158
137
5159
-1
5160
47
5161
122
5162
155
5163
52
5164
-1
5165
11
5166
81
5167
45
5168
122
5169
-1
5170
15
5171
47
5172
57
5173
23
5174
-1
5175
60
5176
19
5177
48
5178
54
5179
-1
5180
159
5181
149
5182
119
5183
29
5184
-1
5185
63
5186
102
5187
139
5188
59
5189
-1
5190
127
5191
67
5192
85
5193
113
5194
-1
5195
166
5196
53
5197
77
5198
13
5199
-1
5200
103
5201
60
5202
101
5203
111
5204
-1
5205
66
5206
177
5207
110
5208
13
5209
-1
5210
26
5211
143
5212
177
5213
152
5214
-1
5215
30
5216
70
5217
150
5218
94
5219
-1
5220
11
5221
13
5222
85
5223
154
5224
-1
5225
55
5226
61
5227
83
5228
127
5229
-1
5230
5
5231
63
5232
52
5233
179
5234
-1
5235
2
5236
166
5237
103
5238
63
5239
-1
5240
178
5241
90
5242
110
5243
183
5244
-1
5245
20
5246
30
5247
18
5248
89
5249
-1
5250
76
5251
36
5252
173
5253
12
5254
-1
5255
46
5256
68
5257
67
5258
7
5259
-1
5260
167
5261
97
5262
78
5263
125
5264
-1
5265
8
5266
32
5267
131
5268
68
5269
-1
5270
137
5271
185
5272
174
5273
113
5274
-1
5275
34
5276
58
5277
29
5278
112
5279
-1
5280
11
5281
134
5282
49
5283
34
5284
-1
5285
114
5286
120
5287
96
5288
40
5289
-1
5290
45
5291
180
5292
158
5293
34
5294
-1
5295
110
5296
179
5297
131
5298
42
5299
-1
5300
59
5301
57
5302
84
5303
90
5304
-1
5305
19
5306
30
5307
13
5308
158
5309
-1
5310
13
5311
69
5312
166
5313
1
5314
-1
5315
122
5316
67
5317
91
5318
69
5319
-1
5320
175
5321
122
5322
125
5323
145
5324
-1
5325
184
5326
161
5327
90
5328
158
5329
-1
5330
57
5331
155
5332
78
5333
90
5334
-1
5335
135
5336
182
5337
159
5338
168
5339
-1
5340
14
5341
87
5342
150
5343
110
5344
-1
5345
110
5346
62
5347
169
5348
179
5349
-1
5350
134
5351
96
5352
120
5353
27
5354
-1
5355
114
5356
101
5357
170
5358
50
5359
-1
5360
62
5361
47
5362
106
5363
54
5364
-1
5365
163
5366
66
5367
9
5368
50
5369
-1
5370
73
5371
44
5372
33
5373
179
5374
-1
5375
105
5376
128
5377
162
5378
162
5379
-1
5380
154
5381
46
5382
75
5383
120
5384
-1
5385
177
5386
155
5387
87
5388
111
5389
-1
5390
180
5391
171
5392
41
5393
80
5394
-1
5395
161
5396
58
5397
47
5398
56
5399
-1
5400
82
5401
82
5402
158
5403
12
5404
-1
5405
77
5406
180
5407
56
5408
28
5409
-1
5410
35
5411
8
5412
177
5413
147
5414
-1
5415
131
5416
166
5417
169
5418
173
5419
-1
5420
155
5421
147
5422
156
5423
120
5424
-1
5425
76
5426
75
5427
96
5428
16
5429
-1
5430
46
5431
119
5432
49
5433
25
5434
-1
5435
80
5436
10
5437
42
5438
66
5439
-1
5440
185
5441
117
5442
16
5443
179
5444
-1
5445
116
5446
86
5447
134
5448
40
5449
-1
5450
14
5451
25
5452
180
5453
182
5454
-1
5455
42
5456
7
5457
110
5458
71
5459
-1
5460
100
5461
146
5462
9
5463
73
5464
-1
5465
183
5466
61
5467
30
5468
159
5469
-1
5470
80
5471
64
5472
119
5473
174
5474
-1
5475
161
5476
85
5477
182
5478
64
5479
-1
5480
42
5481
9
5482
57
5483
150
5484
-1
5485
27
5486
97
5487
103
5488
39
5489
-1
5490
100
5491
108
5492
38
5493
105
5494
-1
5495
8
5496
160
5497
70
5498
182
5499
-1
5500
180
5501
149
5502
83
5503
16
5504
-1
5505
143
5506
15
5507
134
5508
83
5509
-1
5510
26
5511
79
5512
59
5513
147
5514
-1
5515
108
5516
17
5517
60
5518
171
5519
-1
5520
39
5521
53
5522
182
5523
80
5524
-1
5525
66
5526
41
5527
114
5528
171
5529
-1
5530
72
5531
62
5532
122
5533
23
5534
-1
5535
140
5536
114
5537
0
5538
136
5539
-1
5540
163
5541
10
5542
106
5543
158
5544
-1
5545
123
5546
110
5547
49
5548
74
5549
-1
5550
45
5551
79
5552
121
5553
62
5554
-1
5555
97
5556
184
5557
91
5558
19
5559
-1
5560
33
5561
139
5562
136
5563
119
5564
-1
5565
94
5566
132
5567
156
5568
60
5569
-1
5570
47
5571
143
5572
69
5573
117
5574
-1
5575
62
5576
69
5577
105
5578
137
5579
-1
5580
50
5581
107
5582
11
5583
55
5584
-1
5585
167
5586
117
5587
107
5588
86
5589
-1
5590
62
5591
70
5592
46
5593
169
5594
-1
5595
132
5596
34
5597
98
5598
36
5599
-1
5600
21
5601
96
5602
25
5603
145
5604
-1
5605
178
5606
138
5607
6
5608
114
5609
-1
5610
144
5611
67
5612
34
5613
165
5614
-1
5615
92
5616
131
5617
99
5618
161
5619
-1
5620
37
5621
166
5622
3
5623
78
5624
-1
5625
5
5626
114
5627
22
5628
170
5629
-1
5630
25
5631
70
5632
180
5633
58
5634
-1
5635
180
5636
56
5637
2
5638
141
5639
-1
5640
27
5641
18
5642
50
5643
152
5644
-1
5645
173
5646
47
5647
112
5648
128
5649
-1
5650
147
5651
9
5652
95
5653
15
5654
-1
5655
8
5656
124
5657
81
5658
30
5659
-1
5660
19
5661
161
5662
104
5663
47
5664
-1
5665
167
5666
46
5667
183
5668
50
5669
-1
5670
62
5671
151
5672
132
5673
125
5674
-1
5675
3
5676
1
5677
99
5678
91
5679
-1
5680
165
5681
78
5682
131
5683
156
5684
-1
5685
28
5686
164
5687
180
5688
75
5689
-1
5690
78
5691
106
5692
124
5693
159
5694
-1
5695
90
5696
137
5697
121
5698
115
5699
-1
5700
172
5701
94
5702
11
5703
169
5704
-1
5705
180
5706
72
5707
24
5708
119
5709
-1
5710
71
5711
29
5712
68
5713
155
5714
-1
5715
166
5716
25
5717
84
5718
54
5719
-1
5720
29
5721
36
5722
73
5723
176
5724
-1
5725
22
5726
97
5727
157
5728
62
5729
-1
5730
0
5731
112
5732
5
5733
73
5734
-1
5735
92
5736
28
5737
177
5738
57
5739
-1
5740
29
5741
104
5742
120
5743
175
5744
-1
5745
72
5746
106
5747
98
5748
49
5749
-1
5750
151
5751
41
5752
152
5753
175
5754
-1
5755
149
5756
179
5757
173
5758
4
5759
-1
5760
80
5761
120
5762
118
5763
159
5764
-1
5765
14
5766
62
5767
15
5768
16
5769
-1
5770
85
5771
77
5772
87
5773
107
5774
-1
5775
119
5776
40
5777
127
5778
137
5779
-1
5780
91
5781
124
5782
27
5783
175
5784
-1
5785
85
5786
114
5787
49
5788
168
5789
-1
5790
180
5791
20
5792
75
5793
91
5794
-1
5795
124
5796
114
5797
105
5798
154
5799
-1
5800
61
5801
15
5802
168
5803
175
5804
-1
5805
41
5806
102
5807
74
5808
184
5809
-1
5810
57
5811
17
5812
78
5813
33
5814
-1
5815
34
5816
1
5817
149
5818
37
5819
-1
5820
175
5821
93
5822
99
5823
93
5824
-1
5825
150
5826
121
5827
37
5828
86
5829
-1
5830
154
5831
169
5832
114
5833
153
5834
-1
5835
176
5836
88
5837
125
5838
48
5839
-1
5840
87
5841
40
5842
175
5843
178
5844
-1
5845
41
5846
68
5847
89
5848
45
5849
-1
5850
119
5851
55
5852
102
5853
161
5854
-1
5855
135
5856
89
5857
126
5858
56
5859
-1
5860
158
5861
54
5862
180
5863
134
5864
-1
5865
2
5866
149
5867
19
5868
32
5869
-1
5870
68
5871
130
5872
43
5873
62
5874
-1
5875
94
5876
164
5877
30
5878
19
5879
-1
5880
42
5881
148
5882
168
5883
152
5884
-1
5885
140
5886
26
5887
182
5888
60
5889
-1
5890
135
5891
128
5892
97
5893
40
5894
-1
5895
62
5896
175
5897
37
5898
115
5899
-1
5900
112
5901
123
5902
4
5903
165
5904
-1
5905
42
5906
65
5907
99
5908
64
5909
-1
5910
176
5911
129
5912
164
5913
151
5914
-1
5915
33
5916
7
5917
183
5918
57
5919
-1
5920
134
5921
160
5922
2
5923
40
5924
-1
5925
41
5926
72
5927
171
5928
134
5929
-1
5930
121
5931
142
5932
154
5933
137
5934
-1
5935
117
5936
17
5937
131
5938
129
5939
-1
5940
33
5941
131
5942
91
5943
141
5944
-1
5945
62
5946
23
5947
8
5948
126
5949
-1
5950
117
5951
161
5952
81
5953
149
5954
-1
5955
125
5956
85
5957
110
5958
162
5959
-1
5960
98
5961
47
5962
153
5963
129
5964
-1
5965
102
5966
33
5967
105
5968
9
5969
-1
5970
181
5971
103
5972
130
5973
9
5974
-1
5975
2
5976
132
5977
74
5978
6
5979
-1
5980
56
5981
178
5982
13
5983
165
5984
-1
5985
117
5986
67
5987
36
5988
177
5989
-1
5990
80
5991
168
5992
113
5993
107
5994
-1
5995
8
5996
1
5997
92
5998
177
5999
-1
6000
144
6001
10
6002
102
6003
139
6004
-1
6005
64
6006
99
6007
32
6008
42
6009
-1
6010
7
6011
33
6012
181
6013
66
6014
-1
6015
64
6016
104
6017
58
6018
107
6019
-1
6020
93
6021
113
6022
19
6023
154
6024
-1
6025
82
6026
77
6027
93
6028
65
6029
-1
6030
154
6031
58
6032
170
6033
77
6034
-1
6035
4
6036
2
6037
88
6038
16
6039
-1
6040
40
6041
108
6042
113
6043
60
6044
-1
6045
124
6046
75
6047
53
6048
6
6049
-1
6050
148
6051
52
6052
77
6053
182
6054
-1
6055
15
6056
98
6057
90
6058
84
6059
-1
6060
53
6061
147
6062
108
6063
31
6064
-1
6065
89
6066
78
6067
170
6068
69
6069
-1
6070
164
6071
19
6072
2
6073
55
6074
-1
6075
144
6076
4
6077
183
6078
5
6079
-1
6080
22
6081
103
6082
156
6083
19
6084
-1
6085
5
6086
4
6087
105
6088
177
6089
-1
6090
92
6091
64
6092
40
6093
175
6094
-1
6095
158
6096
163
6097
98
6098
172
6099
-1
6100
108
6101
105
6102
168
6103
114
6104
-1
6105
19
6106
4
6107
60
6108
67
6109
-1
6110
47
6111
7
6112
55
6113
100
6114
-1
6115
77
6116
183
6117
31
6118
67
6119
-1
6120
52
6121
8
6122
129
6123
19
6124
-1
6125
133
6126
151
6127
107
6128
50
6129
-1
6130
77
6131
0
6132
130
6133
175
6134
-1
6135
65
6136
36
6137
137
6138
120
6139
-1
6140
111
6141
44
6142
111
6143
28
6144
-1
6145
113
6146
157
6147
157
6148
50
6149
-1
6150
13
6151
17
6152
64
6153
42
6154
-1
6155
36
6156
147
6157
110
6158
158
6159
-1
6160
16
6161
169
6162
21
6163
51
6164
-1
6165
75
6166
130
6167
176
6168
14
6169
-1
6170
23
6171
172
6172
110
6173
34
6174
-1
6175
36
6176
4
6177
139
6178
57
6179
-1
6180
96
6181
121
6182
145
6183
11
6184
-1
6185
145
6186
182
6187
19
6188
2
6189
-1
6190
160
6191
6
6192
58
6193
3
6194
-1
6195
164
6196
76
6197
42
6198
156
6199
-1
6200
60
6201
182
6202
80
6203
156
6204
-1
6205
173
6206
62
6207
22
6208
183
6209
-1
6210
177
6211
120
6212
63
6213
177
6214
-1
6215
7
6216
165
6217
172
6218
16
6219
-1
6220
61
6221
152
6222
14
6223
114
6224
-1
6225
102
6226
162
6227
129
6228
68
6229
-1
6230
115
6231
29
6232
10
6233
176
6234
-1
6235
16
6236
48
6237
79
6238
43
6239
-1
6240
96
6241
65
6242
128
6243
83
6244
-1
6245
185
6246
2
6247
124
6248
180
6249
-1
6250
106
6251
35
6252
123
6253
27
6254
-1
6255
86
6256
55
6257
164
6258
31
6259
-1
6260
8
6261
143
6262
108
6263
158
6264
-1
6265
138
6266
34
6267
167
6268
73
6269
-1
6270
1
6271
118
6272
102
6273
148
6274
-1
6275
152
6276
175
6277
38
6278
63
6279
-1
6280
85
6281
144
6282
174
6283
67
6284
-1
6285
15
6286
160
6287
34
6288
156
6289
-1
6290
118
6291
52
6292
20
6293
27
6294
-1
6295
113
6296
168
6297
149
6298
92
6299
-1
6300
125
6301
50
6302
74
6303
154
6304
-1
6305
44
6306
3
6307
53
6308
4
6309
-1
6310
45
6311
101
6312
153
6313
30
6314
-1
6315
140
6316
184
6317
10
6318
75
6319
-1
6320
146
6321
96
6322
35
6323
63
6324
-1
6325
84
6326
99
6327
175
6328
138
6329
-1
6330
82
6331
71
6332
161
6333
167
6334
-1
6335
37
6336
152
6337
108
6338
148
6339
-1
6340
158
6341
142
6342
3
6343
36
6344
-1
6345
118
6346
181
6347
77
6348
117
6349
-1
6350
36
6351
175
6352
178
6353
126
6354
-1
6355
48
6356
156
6357
56
6358
11
6359
-1
6360
101
6361
3
6362
157
6363
33
6364
-1
6365
33
6366
165
6367
21
6368
24
6369
-1
6370
107
6371
68
6372
117
6373
76
6374
-1
6375
180
6376
2
6377
134
6378
118
6379
-1
6380
14
6381
10
6382
113
6383
30
6384
-1
6385
57
6386
119
6387
111
6388
155
6389
-1
6390
147
6391
62
6392
151
6393
56
6394
-1
6395
35
6396
137
6397
44
6398
69
6399
-1
6400
78
6401
165
6402
138
6403
171
6404
-1
6405
24
6406
166
6407
52
6408
100
6409
-1
6410
42
6411
129
6412
29
6413
56
6414
-1
6415
55
6416
181
6417
42
6418
115
6419
-1
6420
78
6421
130
6422
94
6423
132
6424
-1
6425
124
6426
77
6427
140
6428
63
6429
-1
6430
36
6431
174
6432
172
6433
129
6434
-1
6435
95
6436
168
6437
13
6438
52
6439
-1
6440
66
6441
157
6442
172
6443
119
6444
-1
6445
52
6446
46
6447
120
6448
47
6449
-1
6450
164
6451
175
6452
3
6453
96
6454
-1
6455
122
6456
7
6457
30
6458
50
6459
-1
6460
134
6461
98
6462
29
6463
83
6464
-1
6465
119
6466
152
6467
139
6468
145
6469
-1
6470
171
6471
183
6472
47
6473
169
6474
-1
6475
162
6476
151
6477
137
6478
8
6479
-1
6480
103
6481
22
6482
47
6483
53
6484
-1
6485
115
6486
99
6487
29
6488
160
6489
-1
6490
184
6491
6
6492
18
6493
140
6494
-1
6495
115
6496
73
6497
185
6498
1
6499
-1
6500
30
6501
1
6502
12
6503
163
6504
-1
6505
136
6506
135
6507
105
6508
155
6509
-1
6510
163
6511
46
6512
171
6513
34
6514
-1
6515
61
6516
70
6517
92
6518
34
6519
-1
6520
20
6521
87
6522
160
6523
50
6524
-1
6525
122
6526
21
6527
149
6528
15
6529
-1
6530
112
6531
178
6532
22
6533
81
6534
-1
6535
81
6536
110
6537
85
6538
52
6539
-1
6540
94
6541
61
6542
132
6543
33
6544
-1
6545
90
6546
1
6547
52
6548
32
6549
-1
6550
7
6551
182
6552
151
6553
14
6554
-1
6555
65
6556
68
6557
144
6558
168
6559
-1
6560
66
6561
76
6562
54
6563
117
6564
-1
6565
144
6566
15
6567
135
6568
68
6569
-1
6570
70
6571
172
6572
93
6573
58
6574
-1
6575
7
6576
172
6577
173
6578
34
6579
-1
6580
88
6581
6
6582
8
6583
67
6584
-1
6585
156
6586
46
6587
9
6588
102
6589
-1
6590
170
6591
171
6592
80
6593
29
6594
-1
6595
46
6596
8
6597
77
6598
185
6599
-1
6600
21
6601
175
6602
60
6603
40
6604
-1
6605
74
6606
34
6607
183
6608
0
6609
-1
6610
40
6611
16
6612
45
6613
125
6614
-1
6615
145
6616
144
6617
102
6618
183
6619
-1
6620
166
6621
94
6622
99
6623
47
6624
-1
6625
135
6626
160
6627
58
6628
65
6629
-1
6630
73
6631
16
6632
17
6633
42
6634
-1
6635
153
6636
132
6637
60
6638
27
6639
-1
6640
122
6641
68
6642
175
6643
149
6644
-1
6645
86
6646
46
6647
35
6648
145
6649
-1
6650
70
6651
6
6652
58
6653
129
6654
-1
6655
21
6656
0
6657
145
6658
121
6659
-1
6660
56
6661
26
6662
23
6663
127
6664
-1
6665
146
6666
53
6667
20
6668
12
6669
-1
6670
59
6671
68
6672
134
6673
121
6674
-1
6675
13
6676
40
6677
39
6678
164
6679
-1
6680
180
6681
73
6682
34
6683
42
6684
-1
6685
52
6686
25
6687
40
6688
125
6689
-1
6690
9
6691
125
6692
114
6693
184
6694
-1
6695
31
6696
83
6697
136
6698
105
6699
-1
6700
64
6701
41
6702
56
6703
98
6704
-1
6705
120
6706
178
6707
176
6708
40
6709
-1
6710
13
6711
117
6712
29
6713
166
6714
-1
6715
80
6716
164
6717
130
6718
176
6719
-1
6720
174
6721
137
6722
94
6723
33
6724
-1
6725
104
6726
94
6727
78
6728
115
6729
-1
6730
120
6731
5
6732
126
6733
149
6734
-1
6735
144
6736
53
6737
85
6738
37
6739
-1
6740
155
6741
113
6742
54
6743
32
6744
-1
6745
84
6746
165
6747
17
6748
130
6749
-1
6750
155
6751
58
6752
24
6753
183
6754
-1
6755
166
6756
11
6757
15
6758
155
6759
-1
6760
11
6761
168
6762
137
6763
55
6764
-1
6765
15
6766
128
6767
6
6768
45
6769
-1
6770
115
6771
120
6772
169
6773
119
6774
-1
6775
78
6776
131
6777
41
6778
79
6779
-1
6780
147
6781
73
6782
98
6783
101
6784
-1
6785
29
6786
4
6787
30
6788
185
6789
-1
6790
137
6791
170
6792
144
6793
142
6794
-1
6795
177
6796
85
6797
14
6798
180
6799
-1
6800
33
6801
139
6802
149
6803
8
6804
-1
6805
123
6806
3
6807
179
6808
49
6809
-1
6810
142
6811
34
6812
115
6813
58
6814
-1
6815
95
6816
174
6817
166
6818
154
6819
-1
6820
87
6821
6
6822
83
6823
29
6824
-1
6825
121
6826
155
6827
104
6828
173
6829
-1
6830
185
6831
5
6832
4
6833
15
6834
-1
6835
165
6836
23
6837
7
6838
69
6839
-1
6840
171
6841
3
6842
156
6843
44
6844
-1
6845
110
6846
121
6847
70
6848
71
6849
-1
6850
151
6851
12
6852
44
6853
147
6854
-1
6855
5
6856
113
6857
19
6858
7
6859
-1
6860
73
6861
169
6862
0
6863
168
6864
-1
6865
4
6866
89
6867
126
6868
179
6869
-1
6870
176
6871
74
6872
56
6873
179
6874
-1
6875
8
6876
137
6877
21
6878
185
6879
-1
6880
53
6881
29
6882
150
6883
123
6884
-1
6885
132
6886
107
6887
39
6888
141
6889
-1
6890
113
6891
60
6892
4
6893
114
6894
-1
6895
46
6896
167
6897
137
6898
52
6899
-1
6900
149
6901
4
6902
128
6903
151
6904
-1
6905
127
6906
172
6907
91
6908
89
6909
-1
6910
118
6911
6
6912
62
6913
101
6914
-1
6915
47
6916
64
6917
34
6918
158
6919
-1
6920
29
6921
53
6922
77
6923
127
6924
-1
6925
182
6926
146
6927
25
6928
77
6929
-1
6930
129
6931
144
6932
166
6933
73
6934
-1
6935
124
6936
9
6937
94
6938
16
6939
-1
6940
9
6941
82
6942
13
6943
142
6944
-1
6945
162
6946
0
6947
85
6948
53
6949
-1
6950
128
6951
100
6952
112
6953
73
6954
-1
6955
107
6956
83
6957
64
6958
147
6959
-1
6960
183
6961
45
6962
103
6963
57
6964
-1
6965
31
6966
100
6967
147
6968
174
6969
-1
6970
79
6971
28
6972
59
6973
135
6974
-1
6975
67
6976
114
6977
57
6978
136
6979
-1
6980
79
6981
82
6982
63
6983
111
6984
-1
6985
37
6986
102
6987
80
6988
100
6989
-1
6990
109
6991
167
6992
104
6993
80
6994
-1
6995
162
6996
107
6997
129
6998
182
6999
-1
7000
124
7001
67
7002
180
7003
126
7004
-1
7005
121
7006
105
7007
146
7008
28
7009
-1
7010
130
7011
63
7012
63
7013
45
7014
-1
7015
73
7016
0
7017
73
7018
19
7019
-1
7020
76
7021
48
7022
118
7023
42
7024
-1
7025
58
7026
138
7027
11
7028
45
7029
-1
7030
51
7031
141
7032
9
7033
45
7034
-1
7035
126
7036
123
7037
91
7038
134
7039
-1
7040
109
7041
90
7042
147
7043
28
7044
-1
7045
70
7046
153
7047
116
7048
28
7049
-1
7050
150
7051
20
7052
12
7053
70
7054
-1
7055
123
7056
19
7057
120
7058
156
7059
-1
7060
183
7061
138
7062
72
7063
0
7064
-1
7065
70
7066
170
7067
52
7068
44
7069
-1
7070
115
7071
38
7072
16
7073
4
7074
-1
7075
35
7076
33
7077
162
7078
10
7079
-1
7080
149
7081
63
7082
23
7083
30
7084
-1
7085
122
7086
44
7087
78
7088
21
7089
-1
7090
178
7091
172
7092
178
7093
92
7094
-1
7095
71
7096
82
7097
125
7098
30
7099
-1
7100
78
7101
13
7102
29
7103
112
7104
-1
7105
34
7106
53
7107
178
7108
22
7109
-1
7110
97
7111
0
7112
154
7113
61
7114
-1
7115
129
7116
161
7117
179
7118
17
7119
-1
7120
68
7121
152
7122
22
7123
128
7124
-1
7125
101
7126
25
7127
137
7128
15
7129
-1
7130
168
7131
138
7132
155
7133
0
7134
-1
7135
145
7136
38
7137
78
7138
137
7139
-1
7140
24
7141
36
7142
125
7143
108
7144
-1
7145
134
7146
75
7147
144
7148
156
7149
-1
7150
5
7151
112
7152
141
7153
92
7154
-1
7155
140
7156
182
7157
123
7158
110
7159
-1
7160
48
7161
138
7162
60
7163
35
7164
-1
7165
128
7166
144
7167
55
7168
35
7169
-1
7170
46
7171
43
7172
124
7173
31
7174
-1
7175
118
7176
33
7177
112
7178
75
7179
-1
7180
76
7181
67
7182
164
7183
98
7184
-1
7185
13
7186
0
7187
33
7188
28
7189
-1
7190
153
7191
167
7192
120
7193
21
7194
-1
7195
73
7196
28
7197
110
7198
48
7199
-1
7200
77
7201
27
7202
131
7203
165
7204
-1
7205
13
7206
134
7207
34
7208
156
7209
-1
7210
171
7211
15
7212
106
7213
164
7214
-1
7215
68
7216
32
7217
178
7218
153
7219
-1
7220
165
7221
80
7222
146
7223
16
7224
-1
7225
156
7226
103
7227
81
7228
26
7229
-1
7230
166
7231
53
7232
45
7233
132
7234
-1
7235
123
7236
172
7237
26
7238
66
7239
-1
7240
159
7241
116
7242
114
7243
141
7244
-1
7245
37
7246
93
7247
170
7248
144
7249
-1
7250
8
7251
117
7252
143
7253
159
7254
-1
7255
130
7256
143
7257
75
7258
110
7259
-1
7260
16
7261
185
7262
174
7263
79
7264
-1
7265
26
7266
169
7267
49
7268
146
7269
-1
7270
18
7271
155
7272
4
7273
185
7274
-1
7275
4
7276
14
7277
95
7278
184
7279
-1
7280
180
7281
107
7282
10
7283
16
7284
-1
7285
39
7286
46
7287
15
7288
43
7289
-1
7290
169
7291
44
7292
110
7293
93
7294
-1
7295
156
7296
86
7297
102
7298
127
7299
-1
7300
172
7301
90
7302
82
7303
81
7304
-1
7305
55
7306
136
7307
3
7308
118
7309
-1
7310
16
7311
18
7312
37
7313
30
7314
-1
7315
136
7316
104
7317
138
7318
133
7319
-1
7320
34
7321
76
7322
40
7323
156
7324
-1
7325
85
7326
68
7327
115
7328
101
7329
-1
7330
23
7331
35
7332
64
7333
81
7334
-1
7335
83
7336
175
7337
73
7338
122
7339
-1
7340
113
7341
129
7342
135
7343
39
7344
-1
7345
96
7346
128
7347
8
7348
105
7349
-1
7350
11
7351
171
7352
84
7353
35
7354
-1
7355
85
7356
137
7357
6
7358
28
7359
-1
7360
138
7361
137
7362
65
7363
27
7364
-1
7365
76
7366
160
7367
67
7368
28
7369
-1
7370
140
7371
60
7372
165
7373
110
7374
-1
7375
89
7376
104
7377
44
7378
40
7379
-1
7380
177
7381
118
7382
70
7383
133
7384
-1
7385
119
7386
138
7387
103
7388
144
7389
-1
7390
8
7391
3
7392
128
7393
51
7394
-1
7395
8
7396
96
7397
43
7398
70
7399
-1
7400
176
7401
33
7402
42
7403
160
7404
-1
7405
32
7406
15
7407
97
7408
89
7409
-1
7410
119
7411
103
7412
76
7413
46
7414
-1
7415
168
7416
12
7417
163
7418
120
7419
-1
7420
137
7421
89
7422
162
7423
99
7424
-1
7425
170
7426
44
7427
136
7428
45
7429
-1
7430
164
7431
80
7432
2
7433
18
7434
-1
7435
60
7436
184
7437
70
7438
15
7439
-1
7440
47
7441
20
7442
36
7443
113
7444
-1
7445
5
7446
66
7447
12
7448
112
7449
-1
7450
128
7451
33
7452
50
7453
14
7454
-1
7455
178
7456
60
7457
174
7458
70
7459
-1
7460
13
7461
53
7462
21
7463
101
7464
-1
7465
57
7466
103
7467
132
7468
35
7469
-1
7470
184
7471
16
7472
66
7473
175
7474
-1
7475
143
7476
64
7477
185
7478
151
7479
-1
7480
4
7481
103
7482
125
7483
47
7484
-1
7485
95
7486
79
7487
70
7488
21
7489
-1
7490
115
7491
20
7492
37
7493
32
7494
-1
7495
162
7496
80
7497
173
7498
61
7499
-1
7500
14
7501
43
7502
75
7503
93
7504
-1
7505
154
7506
177
7507
133
7508
176
7509
-1
7510
89
7511
84
7512
12
7513
138
7514
-1
7515
133
7516
16
7517
109
7518
102
7519
-1
7520
72
7521
104
7522
37
7523
160
7524
-1
7525
185
7526
10
7527
167
7528
33
7529
-1
7530
97
7531
30
7532
41
7533
21
7534
-1
7535
39
7536
57
7537
159
7538
103
7539
-1
7540
157
7541
165
7542
75
7543
133
7544
-1
7545
42
7546
24
7547
22
7548
112
7549
-1
7550
98
7551
94
7552
183
7553
154
7554
-1
7555
146
7556
74
7557
71
7558
159
7559
-1
7560
69
7561
145
7562
160
7563
12
7564
-1
7565
183
7566
58
7567
75
7568
160
7569
-1
7570
113
7571
185
7572
128
7573
165
7574
-1
7575
109
7576
20
7577
4
7578
146
7579
-1
7580
15
7581
20
7582
32
7583
105
7584
-1
7585
79
7586
42
7587
106
7588
133
7589
-1
7590
43
7591
10
7592
119
7593
39
7594
-1
7595
42
7596
84
7597
17
7598
59
7599
-1
7600
57
7601
101
7602
166
7603
61
7604
-1
7605
164
7606
172
7607
92
7608
22
7609
-1
7610
63
7611
102
7612
44
7613
55
7614
-1
7615
49
7616
23
7617
56
7618
53
7619
-1
7620
16
7621
76
7622
10
7623
138
7624
-1
7625
142
7626
172
7627
154
7628
129
7629
-1
7630
94
7631
159
7632
149
7633
18
7634
-1
7635
82
7636
69
7637
76
7638
117
7639
-1
7640
149
7641
15
7642
102
7643
27
7644
-1
7645
108
7646
5
7647
51
7648
51
7649
-1
7650
126
7651
9
7652
117
7653
35
7654
-1
7655
82
7656
97
7657
66
7658
14
7659
-1
7660
52
7661
134
7662
55
7663
173
7664
-1
7665
34
7666
2
7667
29
7668
51
7669
-1
7670
113
7671
145
7672
154
7673
31
7674
-1
7675
123
7676
14
7677
35
7678
61
7679
-1
7680
43
7681
30
7682
158
7683
122
7684
-1
7685
155
7686
107
7687
21
7688
114
7689
-1
7690
20
7691
33
7692
55
7693
119
7694
-1
7695
48
7696
18
7697
96
7698
11
7699
-1
7700
129
7701
168
7702
92
7703
76
7704
-1
7705
44
7706
76
7707
99
7708
184
7709
-1
7710
106
7711
58
7712
150
7713
121
7714
-1
7715
154
7716
157
7717
157
7718
98
7719
-1
7720
185
7721
160
7722
103
7723
115
7724
-1
7725
171
7726
129
7727
109
7728
16
7729
-1
7730
54
7731
139
7732
3
7733
111
7734
-1
7735
83
7736
32
7737
75
7738
146
7739
-1
7740
10
7741
103
7742
90
7743
18
7744
-1
7745
3
7746
162
7747
17
7748
32
7749
-1
7750
128
7751
60
7752
6
7753
108
7754
-1
7755
38
7756
10
7757
119
7758
108
7759
-1
7760
160
7761
0
7762
49
7763
117
7764
-1
7765
111
7766
66
7767
175
7768
43
7769
-1
7770
158
7771
165
7772
111
7773
145
7774
-1
7775
146
7776
131
7777
167
7778
59
7779
-1
7780
58
7781
158
7782
28
7783
52
7784
-1
7785
140
7786
37
7787
88
7788
4
7789
-1
7790
56
7791
47
7792
102
7793
137
7794
-1
7795
130
7796
143
7797
125
7798
178
7799
-1
7800
110
7801
100
7802
139
7803
181
7804
-1
7805
31
7806
61
7807
141
7808
152
7809
-1
7810
66
7811
130
7812
169
7813
119
7814
-1
7815
147
7816
160
7817
86
7818
177
7819
-1
7820
89
7821
55
7822
154
7823
169
7824
-1
7825
178
7826
85
7827
96
7828
149
7829
-1
7830
157
7831
133
7832
61
7833
173
7834
-1
7835
180
7836
27
7837
132
7838
146
7839
-1
7840
85
7841
7
7842
168
7843
102
7844
-1
7845
102
7846
45
7847
3
7848
129
7849
-1
7850
112
7851
94
7852
39
7853
46
7854
-1
7855
30
7856
7
7857
148
7858
70
7859
-1
7860
132
7861
1
7862
4
7863
181
7864
-1
7865
174
7866
69
7867
143
7868
92
7869
-1
7870
99
7871
45
7872
175
7873
93
7874
-1
7875
49
7876
159
7877
153
7878
33
7879
-1
7880
146
7881
92
7882
112
7883
129
7884
-1
7885
107
7886
86
7887
13
7888
41
7889
-1
7890
162
7891
114
7892
80
7893
107
7894
-1
7895
28
7896
101
7897
94
7898
95
7899
-1
7900
171
7901
177
7902
71
7903
162
7904
-1
7905
98
7906
118
7907
175
7908
93
7909
-1
7910
160
7911
38
7912
28
7913
92
7914
-1
7915
76
7916
74
7917
89
7918
146
7919
-1
7920
175
7921
73
7922
116
7923
54
7924
-1
7925
75
7926
106
7927
75
7928
30
7929
-1
7930
124
7931
77
7932
182
7933
176
7934
-1
7935
70
7936
166
7937
57
7938
23
7939
-1
7940
59
7941
6
7942
133
7943
82
7944
-1
7945
92
7946
149
7947
35
7948
36
7949
-1
7950
163
7951
91
7952
0
7953
111
7954
-1
7955
129
7956
23
7957
108
7958
78
7959
-1
7960
15
7961
88
7962
45
7963
167
7964
-1
7965
83
7966
142
7967
90
7968
8
7969
-1
7970
48
7971
162
7972
47
7973
86
7974
-1
7975
21
7976
74
7977
128
7978
105
7979
-1
7980
11
7981
87
7982
95
7983
149
7984
-1
7985
162
7986
19
7987
144
7988
92
7989
-1
7990
9
7991
178
7992
73
7993
148
7994
-1
7995
184
7996
58
7997
103
7998
50
7999
-1
