********************************************************************************
The planted motif0 is:
CACACCGCCACGTCCCACACC
0
77
1
-1
2
26
3
-1
4
177
5
-1
6
5
7
-1
8
108
9
-1
10
7
11
-1
12
35
13
-1
14
127
15
-1
16
149
17
-1
18
73
19
-1
20
24
21
-1
22
60
23
-1
24
93
25
-1
26
132
27
-1
28
13
29
-1
30
33
31
-1
32
159
33
-1
34
29
35
-1
36
36
37
-1
38
118
39
-1
40
163
41
-1
42
56
43
-1
44
19
45
-1
46
150
47
-1
48
87
49
-1
50
38
51
-1
52
105
53
-1
54
32
55
-1
56
129
57
-1
58
156
59
-1
60
120
61
-1
62
129
63
-1
64
32
65
-1
66
6
67
-1
68
54
69
-1
70
62
71
-1
72
100
73
-1
74
133
75
-1
76
42
77
-1
78
127
79
-1
80
13
81
-1
82
79
83
-1
84
98
85
-1
86
140
87
-1
88
164
89
-1
90
70
91
-1
92
51
93
-1
94
42
95
-1
96
10
97
-1
98
13
99
-1
100
171
101
-1
102
94
103
-1
104
69
105
-1
106
44
107
-1
108
34
109
-1
110
127
111
-1
112
15
113
-1
114
29
115
-1
116
158
117
-1
118
38
119
-1
120
68
121
-1
122
49
123
-1
124
176
125
-1
126
50
127
-1
128
104
129
-1
130
63
131
-1
132
38
133
-1
134
73
135
-1
136
151
137
-1
138
112
139
-1
140
179
141
-1
142
107
143
-1
144
112
145
-1
146
148
147
-1
148
13
149
-1
150
40
151
-1
152
117
153
-1
154
145
155
-1
156
112
157
-1
158
106
159
-1
160
143
161
-1
162
172
163
-1
164
163
165
-1
166
149
167
-1
168
11
169
-1
170
70
171
-1
172
63
173
-1
174
137
175
-1
176
100
177
-1
178
147
179
-1
180
58
181
-1
182
83
183
-1
184
103
185
-1
186
88
187
-1
188
107
189
-1
190
137
191
-1
192
96
193
-1
194
90
195
-1
196
9
197
-1
198
89
199
-1
200
35
201
-1
202
138
203
-1
204
60
205
-1
206
170
207
-1
208
150
209
-1
210
69
211
-1
212
146
213
-1
214
73
215
-1
216
112
217
-1
218
20
219
-1
220
51
221
-1
222
141
223
-1
224
58
225
-1
226
177
227
-1
228
100
229
-1
230
75
231
-1
232
144
233
-1
234
166
235
-1
236
144
237
-1
238
41
239
-1
240
44
241
-1
242
137
243
-1
244
60
245
-1
246
42
247
-1
248
26
249
-1
250
108
251
-1
252
123
253
-1
254
87
255
-1
256
158
257
-1
258
134
259
-1
260
49
261
-1
262
97
263
-1
264
179
265
-1
266
142
267
-1
268
81
269
-1
270
121
271
-1
272
119
273
-1
274
166
275
-1
276
52
277
-1
278
64
279
-1
280
79
281
-1
282
104
283
-1
284
114
285
-1
286
57
287
-1
288
59
289
-1
290
30
291
-1
292
96
293
-1
294
130
295
-1
296
170
297
-1
298
7
299
-1
300
145
301
-1
302
31
303
-1
304
18
305
-1
306
172
307
-1
308
169
309
-1
310
50
311
-1
312
17
313
-1
314
150
315
-1
316
167
317
-1
318
137
319
-1
320
30
321
-1
322
66
323
-1
324
80
325
-1
326
129
327
-1
328
51
329
-1
330
58
331
-1
332
116
333
-1
334
64
335
-1
336
87
337
-1
338
115
339
-1
340
41
341
-1
342
81
343
-1
344
7
345
-1
346
30
347
-1
348
151
349
-1
350
139
351
-1
352
61
353
-1
354
45
355
-1
356
95
357
-1
358
152
359
-1
360
22
361
-1
362
149
363
-1
364
64
365
-1
366
31
367
-1
368
132
369
-1
370
78
371
-1
372
155
373
-1
374
24
375
-1
376
98
377
-1
378
114
379
-1
380
49
381
-1
382
92
383
-1
384
27
385
-1
386
118
387
-1
388
68
389
-1
390
15
391
-1
392
62
393
-1
394
23
395
-1
396
14
397
-1
398
7
399
-1
400
51
401
-1
402
127
403
-1
404
46
405
-1
406
64
407
-1
408
55
409
-1
410
44
411
-1
412
95
413
-1
414
164
415
-1
416
96
417
-1
418
97
419
-1
420
58
421
-1
422
61
423
-1
424
67
425
-1
426
77
427
-1
428
167
429
-1
430
161
431
-1
432
40
433
-1
434
141
435
-1
436
100
437
-1
438
30
439
-1
440
55
441
-1
442
106
443
-1
444
40
445
-1
446
34
447
-1
448
146
449
-1
450
178
451
-1
452
177
453
-1
454
51
455
-1
456
175
457
-1
458
65
459
-1
460
114
461
-1
462
47
463
-1
464
40
465
-1
466
70
467
-1
468
11
469
-1
470
3
471
-1
472
22
473
-1
474
149
475
-1
476
11
477
-1
478
111
479
-1
480
144
481
-1
482
115
483
-1
484
98
485
-1
486
142
487
-1
488
27
489
-1
490
70
491
-1
492
10
493
-1
494
143
495
-1
496
2
497
-1
498
61
499
-1
500
167
501
-1
502
1
503
-1
504
128
505
-1
506
16
507
-1
508
58
509
-1
510
16
511
-1
512
77
513
-1
514
93
515
-1
516
77
517
-1
518
165
519
-1
520
67
521
-1
522
94
523
-1
524
16
525
-1
526
89
527
-1
528
52
529
-1
530
17
531
-1
532
73
533
-1
534
63
535
-1
536
63
537
-1
538
80
539
-1
540
179
541
-1
542
96
543
-1
544
122
545
-1
546
60
547
-1
548
155
549
-1
550
154
551
-1
552
88
553
-1
554
158
555
-1
556
90
557
-1
558
32
559
-1
560
151
561
-1
562
7
563
-1
564
45
565
-1
566
16
567
-1
568
64
569
-1
570
154
571
-1
572
122
573
-1
574
0
575
-1
576
95
577
-1
578
96
579
-1
580
46
581
-1
582
25
583
-1
584
64
585
-1
586
135
587
-1
588
111
589
-1
590
123
591
-1
592
94
593
-1
594
22
595
-1
596
59
597
-1
598
120
599
-1
600
141
601
-1
602
106
603
-1
604
69
605
-1
606
85
607
-1
608
56
609
-1
610
68
611
-1
612
93
613
-1
614
64
615
-1
616
12
617
-1
618
129
619
-1
620
68
621
-1
622
17
623
-1
624
83
625
-1
626
170
627
-1
628
43
629
-1
630
175
631
-1
632
26
633
-1
634
29
635
-1
636
88
637
-1
638
142
639
-1
640
66
641
-1
642
49
643
-1
644
115
645
-1
646
67
647
-1
648
117
649
-1
650
73
651
-1
652
169
653
-1
654
123
655
-1
656
72
657
-1
658
131
659
-1
660
97
661
-1
662
4
663
-1
664
92
665
-1
666
118
667
-1
668
119
669
-1
670
54
671
-1
672
146
673
-1
674
17
675
-1
676
62
677
-1
678
20
679
-1
680
18
681
-1
682
86
683
-1
684
49
685
-1
686
17
687
-1
688
176
689
-1
690
136
691
-1
692
161
693
-1
694
51
695
-1
696
3
697
-1
698
138
699
-1
700
67
701
-1
702
82
703
-1
704
160
705
-1
706
50
707
-1
708
36
709
-1
710
118
711
-1
712
1
713
-1
714
167
715
-1
716
85
717
-1
718
83
719
-1
720
78
721
-1
722
169
723
-1
724
162
725
-1
726
177
727
-1
728
85
729
-1
730
15
731
-1
732
130
733
-1
734
6
735
-1
736
119
737
-1
738
27
739
-1
740
30
741
-1
742
169
743
-1
744
51
745
-1
746
94
747
-1
748
64
749
-1
750
26
751
-1
752
67
753
-1
754
134
755
-1
756
34
757
-1
758
19
759
-1
760
36
761
-1
762
1
763
-1
764
4
765
-1
766
176
767
-1
768
116
769
-1
770
133
771
-1
772
134
773
-1
774
156
775
-1
776
152
777
-1
778
79
779
-1
780
163
781
-1
782
100
783
-1
784
84
785
-1
786
97
787
-1
788
161
789
-1
790
87
791
-1
792
168
793
-1
794
129
795
-1
796
47
797
-1
798
97
799
-1
800
40
801
-1
802
95
803
-1
804
162
805
-1
806
83
807
-1
808
25
809
-1
810
38
811
-1
812
38
813
-1
814
71
815
-1
816
108
817
-1
818
179
819
-1
820
33
821
-1
822
5
823
-1
824
140
825
-1
826
47
827
-1
828
126
829
-1
830
160
831
-1
832
71
833
-1
834
154
835
-1
836
76
837
-1
838
56
839
-1
840
68
841
-1
842
147
843
-1
844
76
845
-1
846
171
847
-1
848
15
849
-1
850
172
851
-1
852
96
853
-1
854
12
855
-1
856
45
857
-1
858
174
859
-1
860
64
861
-1
862
86
863
-1
864
15
865
-1
866
103
867
-1
868
160
869
-1
870
114
871
-1
872
86
873
-1
874
37
875
-1
876
155
877
-1
878
113
879
-1
880
133
881
-1
882
26
883
-1
884
77
885
-1
886
134
887
-1
888
69
889
-1
890
68
891
-1
892
89
893
-1
894
23
895
-1
896
176
897
-1
898
66
899
-1
900
96
901
-1
902
14
903
-1
904
33
905
-1
906
84
907
-1
908
176
909
-1
910
178
911
-1
912
147
913
-1
914
124
915
-1
916
16
917
-1
918
30
919
-1
920
165
921
-1
922
163
923
-1
924
166
925
-1
926
52
927
-1
928
77
929
-1
930
27
931
-1
932
20
933
-1
934
127
935
-1
936
71
937
-1
938
132
939
-1
940
112
941
-1
942
54
943
-1
944
139
945
-1
946
100
947
-1
948
144
949
-1
950
151
951
-1
952
22
953
-1
954
10
955
-1
956
70
957
-1
958
96
959
-1
960
117
961
-1
962
23
963
-1
964
46
965
-1
966
141
967
-1
968
14
969
-1
970
46
971
-1
972
141
973
-1
974
46
975
-1
976
113
977
-1
978
0
979
-1
980
0
981
-1
982
159
983
-1
984
42
985
-1
986
58
987
-1
988
17
989
-1
990
136
991
-1
992
91
993
-1
994
174
995
-1
996
177
997
-1
998
21
999
-1
