********************************************************************************
The planted motif0 is:
TATGTCATT
0
87
1
94
2
158
3
106
4
-1
5
3
6
120
7
48
8
18
9
-1
10
97
11
27
12
91
13
7
14
-1
15
179
16
73
17
68
18
110
19
-1
20
112
21
110
22
133
23
127
24
-1
25
28
26
138
27
41
28
42
29
-1
30
73
31
24
32
42
33
161
34
-1
35
133
36
156
37
148
38
152
39
-1
40
51
41
60
42
39
43
74
44
-1
45
135
46
4
47
40
48
185
49
-1
50
165
51
175
52
108
53
44
54
-1
55
123
56
55
57
141
58
162
59
-1
60
64
61
68
62
38
63
174
64
-1
65
35
66
5
67
148
68
41
69
-1
70
146
71
65
72
125
73
16
74
-1
75
150
76
5
77
146
78
63
79
-1
80
80
81
47
82
166
83
57
84
-1
85
176
86
74
87
153
88
90
89
-1
90
26
91
129
92
20
93
118
94
-1
95
128
96
111
97
59
98
142
99
-1
100
141
101
54
102
106
103
129
104
-1
105
102
106
69
107
70
108
135
109
-1
110
152
111
22
112
131
113
121
114
-1
115
133
116
138
117
130
118
142
119
-1
120
37
121
97
122
172
123
132
124
-1
125
18
126
28
127
51
128
33
129
-1
130
113
131
30
132
18
133
21
134
-1
135
187
136
129
137
7
138
144
139
-1
140
69
141
1
142
11
143
65
144
-1
145
35
146
49
147
12
148
100
149
-1
150
25
151
126
152
150
153
100
154
-1
155
76
156
51
157
99
158
95
159
-1
160
20
161
186
162
51
163
23
164
-1
165
188
166
153
167
152
168
183
169
-1
170
41
171
84
172
19
173
143
174
-1
175
85
176
72
177
93
178
172
179
-1
180
63
181
147
182
134
183
85
184
-1
185
8
186
50
187
124
188
83
189
-1
190
85
191
94
192
34
193
157
194
-1
195
12
196
16
197
91
198
126
199
-1
200
140
201
41
202
104
203
150
204
-1
205
38
206
131
207
67
208
38
209
-1
210
132
211
87
212
159
213
123
214
-1
215
162
216
191
217
161
218
165
219
-1
220
107
221
128
222
15
223
1
224
-1
225
85
226
94
227
144
228
100
229
-1
230
12
231
3
232
185
233
55
234
-1
235
20
236
112
237
7
238
53
239
-1
240
142
241
52
242
182
243
127
244
-1
245
183
246
117
247
152
248
159
249
-1
250
16
251
23
252
89
253
1
254
-1
255
99
256
117
257
170
258
38
259
-1
260
35
261
47
262
58
263
105
264
-1
265
19
266
57
267
132
268
14
269
-1
270
93
271
81
272
69
273
52
274
-1
275
140
276
42
277
127
278
39
279
-1
280
34
281
133
282
143
283
129
284
-1
285
140
286
167
287
102
288
92
289
-1
290
154
291
143
292
175
293
120
294
-1
295
86
296
125
297
68
298
78
299
-1
300
116
301
69
302
118
303
28
304
-1
305
74
306
46
307
170
308
160
309
-1
310
152
311
45
312
8
313
83
314
-1
315
90
316
83
317
115
318
14
319
-1
320
44
321
129
322
34
323
9
324
-1
325
35
326
50
327
79
328
30
329
-1
330
161
331
71
332
169
333
100
334
-1
335
72
336
167
337
140
338
81
339
-1
340
77
341
61
342
16
343
158
344
-1
345
111
346
18
347
8
348
177
349
-1
350
165
351
125
352
0
353
70
354
-1
355
72
356
68
357
147
358
129
359
-1
360
7
361
151
362
103
363
117
364
-1
365
45
366
143
367
72
368
43
369
-1
370
189
371
139
372
123
373
112
374
-1
375
17
376
91
377
129
378
168
379
-1
380
90
381
64
382
58
383
190
384
-1
385
172
386
63
387
63
388
77
389
-1
390
131
391
177
392
116
393
132
394
-1
395
75
396
86
397
39
398
66
399
-1
400
98
401
99
402
78
403
24
404
-1
405
191
406
26
407
32
408
137
409
-1
410
165
411
71
412
61
413
148
414
-1
415
131
416
101
417
41
418
133
419
-1
420
28
421
123
422
131
423
17
424
-1
425
129
426
107
427
6
428
126
429
-1
430
12
431
158
432
20
433
9
434
-1
435
28
436
24
437
68
438
146
439
-1
440
143
441
123
442
23
443
12
444
-1
445
99
446
13
447
115
448
123
449
-1
450
175
451
189
452
108
453
143
454
-1
455
127
456
13
457
170
458
103
459
-1
460
20
461
128
462
100
463
111
464
-1
465
173
466
189
467
63
468
168
469
-1
470
3
471
104
472
17
473
65
474
-1
475
123
476
29
477
144
478
161
479
-1
480
15
481
158
482
57
483
97
484
-1
485
3
486
83
487
30
488
1
489
-1
490
115
491
118
492
27
493
153
494
-1
495
22
496
109
497
118
498
171
499
-1
500
173
501
125
502
118
503
169
504
-1
505
95
506
91
507
11
508
185
509
-1
510
95
511
180
512
128
513
22
514
-1
515
141
516
104
517
160
518
160
519
-1
520
7
521
57
522
55
523
79
524
-1
525
32
526
1
527
97
528
18
529
-1
530
60
531
80
532
101
533
79
534
-1
535
159
536
32
537
12
538
100
539
-1
540
26
541
166
542
154
543
27
544
-1
545
100
546
58
547
77
548
139
549
-1
550
16
551
34
552
167
553
65
554
-1
555
156
556
145
557
53
558
138
559
-1
560
0
561
161
562
93
563
54
564
-1
565
177
566
128
567
37
568
43
569
-1
570
135
571
164
572
128
573
106
574
-1
575
127
576
41
577
38
578
95
579
-1
580
120
581
104
582
60
583
63
584
-1
585
176
586
168
587
182
588
21
589
-1
590
141
591
189
592
0
593
115
594
-1
595
142
596
45
597
162
598
53
599
-1
600
164
601
163
602
44
603
106
604
-1
605
144
606
145
607
127
608
85
609
-1
610
141
611
83
612
57
613
15
614
-1
615
12
616
90
617
163
618
14
619
-1
620
112
621
178
622
64
623
70
624
-1
625
10
626
85
627
94
628
186
629
-1
630
66
631
172
632
126
633
96
634
-1
635
80
636
131
637
96
638
32
639
-1
640
133
641
7
642
31
643
87
644
-1
645
115
646
99
647
145
648
43
649
-1
650
155
651
19
652
183
653
119
654
-1
655
115
656
69
657
76
658
22
659
-1
660
60
661
150
662
171
663
36
664
-1
665
81
666
49
667
35
668
10
669
-1
670
31
671
71
672
59
673
92
674
-1
675
120
676
186
677
139
678
89
679
-1
680
184
681
112
682
111
683
130
684
-1
685
163
686
111
687
138
688
146
689
-1
690
81
691
170
692
122
693
151
694
-1
695
182
696
120
697
95
698
116
699
-1
700
164
701
53
702
85
703
24
704
-1
705
179
706
73
707
186
708
18
709
-1
710
152
711
177
712
174
713
17
714
-1
715
30
716
101
717
51
718
107
719
-1
720
21
721
109
722
122
723
151
724
-1
725
133
726
176
727
68
728
134
729
-1
730
163
731
99
732
3
733
65
734
-1
735
145
736
27
737
159
738
20
739
-1
740
131
741
61
742
188
743
175
744
-1
745
120
746
153
747
148
748
159
749
-1
750
146
751
185
752
18
753
157
754
-1
755
23
756
123
757
107
758
17
759
-1
760
87
761
53
762
114
763
75
764
-1
765
43
766
156
767
96
768
70
769
-1
770
74
771
62
772
156
773
92
774
-1
775
30
776
85
777
142
778
71
779
-1
780
174
781
53
782
53
783
36
784
-1
785
69
786
53
787
83
788
8
789
-1
790
116
791
125
792
0
793
162
794
-1
795
93
796
162
797
15
798
77
799
-1
800
65
801
190
802
0
803
107
804
-1
805
44
806
80
807
145
808
102
809
-1
810
187
811
169
812
169
813
111
814
-1
815
29
816
182
817
33
818
190
819
-1
820
40
821
78
822
50
823
67
824
-1
825
152
826
45
827
161
828
129
829
-1
830
179
831
173
832
23
833
167
834
-1
835
99
836
79
837
3
838
72
839
-1
840
156
841
71
842
58
843
158
844
-1
845
103
846
141
847
0
848
94
849
-1
850
118
851
64
852
177
853
169
854
-1
855
66
856
38
857
23
858
42
859
-1
860
79
861
125
862
6
863
183
864
-1
865
139
866
86
867
180
868
74
869
-1
870
83
871
21
872
18
873
52
874
-1
875
159
876
76
877
116
878
159
879
-1
880
21
881
128
882
124
883
30
884
-1
885
53
886
23
887
185
888
72
889
-1
890
16
891
41
892
147
893
184
894
-1
895
65
896
177
897
41
898
70
899
-1
900
83
901
53
902
55
903
163
904
-1
905
126
906
187
907
178
908
134
909
-1
910
99
911
117
912
48
913
84
914
-1
915
165
916
132
917
94
918
120
919
-1
920
163
921
45
922
121
923
20
924
-1
925
13
926
98
927
185
928
58
929
-1
930
79
931
123
932
109
933
179
934
-1
935
97
936
131
937
78
938
108
939
-1
940
133
941
60
942
131
943
126
944
-1
945
56
946
38
947
94
948
175
949
-1
950
67
951
176
952
133
953
45
954
-1
955
169
956
131
957
16
958
151
959
-1
960
70
961
63
962
34
963
167
964
-1
965
47
966
133
967
79
968
136
969
-1
970
104
971
100
972
63
973
153
974
-1
975
114
976
40
977
184
978
48
979
-1
980
187
981
77
982
19
983
160
984
-1
985
68
986
75
987
165
988
49
989
-1
990
17
991
146
992
142
993
162
994
-1
995
97
996
187
997
131
998
73
999
-1
