********************************************************************************
The planted motif0 is:
AGCGTGACT
0
111
1
-1
2
45
3
-1
4
81
5
-1
6
21
7
-1
8
116
9
-1
10
130
11
-1
12
159
13
-1
14
178
15
-1
16
4
17
-1
18
67
19
-1
20
83
21
-1
22
120
23
-1
24
87
25
-1
26
94
27
-1
28
158
29
-1
30
106
31
-1
32
3
33
-1
34
120
35
-1
36
48
37
-1
38
18
39
-1
40
97
41
-1
42
27
43
-1
44
91
45
-1
46
7
47
-1
48
179
49
-1
50
73
51
-1
52
68
53
-1
54
110
55
-1
56
112
57
-1
58
110
59
-1
60
133
61
-1
62
127
63
-1
64
28
65
-1
66
138
67
-1
68
41
69
-1
70
42
71
-1
72
73
73
-1
74
24
75
-1
76
42
77
-1
78
161
79
-1
80
133
81
-1
82
156
83
-1
84
148
85
-1
86
152
87
-1
88
51
89
-1
90
60
91
-1
92
39
93
-1
94
74
95
-1
96
135
97
-1
98
4
99
-1
100
40
101
-1
102
185
103
-1
104
165
105
-1
106
175
107
-1
108
108
109
-1
110
44
111
-1
112
123
113
-1
114
55
115
-1
116
141
117
-1
118
162
119
-1
120
64
121
-1
122
68
123
-1
124
38
125
-1
126
174
127
-1
128
35
129
-1
130
5
131
-1
132
148
133
-1
134
41
135
-1
136
146
137
-1
138
65
139
-1
140
125
141
-1
142
16
143
-1
144
150
145
-1
146
5
147
-1
148
146
149
-1
150
63
151
-1
152
80
153
-1
154
47
155
-1
156
166
157
-1
158
57
159
-1
160
176
161
-1
162
74
163
-1
164
153
165
-1
166
90
167
-1
168
26
169
-1
170
129
171
-1
172
20
173
-1
174
118
175
-1
176
128
177
-1
178
111
179
-1
180
59
181
-1
182
142
183
-1
184
141
185
-1
186
54
187
-1
188
106
189
-1
190
129
191
-1
192
102
193
-1
194
69
195
-1
196
70
197
-1
198
135
199
-1
200
152
201
-1
202
22
203
-1
204
131
205
-1
206
121
207
-1
208
133
209
-1
210
138
211
-1
212
130
213
-1
214
142
215
-1
216
37
217
-1
218
97
219
-1
220
172
221
-1
222
132
223
-1
224
18
225
-1
226
28
227
-1
228
51
229
-1
230
33
231
-1
232
113
233
-1
234
30
235
-1
236
18
237
-1
238
21
239
-1
240
187
241
-1
242
129
243
-1
244
7
245
-1
246
144
247
-1
248
69
249
-1
250
1
251
-1
252
11
253
-1
254
65
255
-1
256
35
257
-1
258
49
259
-1
260
12
261
-1
262
100
263
-1
264
25
265
-1
266
126
267
-1
268
150
269
-1
270
100
271
-1
272
76
273
-1
274
51
275
-1
276
99
277
-1
278
95
279
-1
280
20
281
-1
282
186
283
-1
284
51
285
-1
286
23
287
-1
288
188
289
-1
290
153
291
-1
292
152
293
-1
294
183
295
-1
296
41
297
-1
298
84
299
-1
300
19
301
-1
302
143
303
-1
304
85
305
-1
306
72
307
-1
308
93
309
-1
310
172
311
-1
312
63
313
-1
314
147
315
-1
316
134
317
-1
318
85
319
-1
320
8
321
-1
322
50
323
-1
324
124
325
-1
326
83
327
-1
328
85
329
-1
330
94
331
-1
332
34
333
-1
334
157
335
-1
336
12
337
-1
338
16
339
-1
340
91
341
-1
342
126
343
-1
344
140
345
-1
346
41
347
-1
348
104
349
-1
350
150
351
-1
352
38
353
-1
354
131
355
-1
356
67
357
-1
358
38
359
-1
360
132
361
-1
362
87
363
-1
364
159
365
-1
366
123
367
-1
368
162
369
-1
370
191
371
-1
372
161
373
-1
374
165
375
-1
376
107
377
-1
378
128
379
-1
380
15
381
-1
382
1
383
-1
384
85
385
-1
386
94
387
-1
388
144
389
-1
390
100
391
-1
392
12
393
-1
394
3
395
-1
396
185
397
-1
398
55
399
-1
400
20
401
-1
402
112
403
-1
404
7
405
-1
406
53
407
-1
408
142
409
-1
410
52
411
-1
412
182
413
-1
414
127
415
-1
416
183
417
-1
418
117
419
-1
420
152
421
-1
422
159
423
-1
424
16
425
-1
426
23
427
-1
428
89
429
-1
430
1
431
-1
432
99
433
-1
434
117
435
-1
436
170
437
-1
438
38
439
-1
440
35
441
-1
442
47
443
-1
444
58
445
-1
446
105
447
-1
448
19
449
-1
450
57
451
-1
452
132
453
-1
454
14
455
-1
456
93
457
-1
458
81
459
-1
460
69
461
-1
462
52
463
-1
464
140
465
-1
466
42
467
-1
468
127
469
-1
470
39
471
-1
472
34
473
-1
474
133
475
-1
476
143
477
-1
478
129
479
-1
480
140
481
-1
482
167
483
-1
484
102
485
-1
486
92
487
-1
488
154
489
-1
490
143
491
-1
492
175
493
-1
494
120
495
-1
496
86
497
-1
498
125
499
-1
500
68
501
-1
502
78
503
-1
504
116
505
-1
506
69
507
-1
508
118
509
-1
510
28
511
-1
512
74
513
-1
514
46
515
-1
516
170
517
-1
518
160
519
-1
520
152
521
-1
522
45
523
-1
524
8
525
-1
526
83
527
-1
528
90
529
-1
530
83
531
-1
532
115
533
-1
534
14
535
-1
536
44
537
-1
538
129
539
-1
540
34
541
-1
542
9
543
-1
544
35
545
-1
546
50
547
-1
548
79
549
-1
550
30
551
-1
552
161
553
-1
554
71
555
-1
556
169
557
-1
558
100
559
-1
560
72
561
-1
562
167
563
-1
564
140
565
-1
566
81
567
-1
568
77
569
-1
570
61
571
-1
572
16
573
-1
574
158
575
-1
576
111
577
-1
578
18
579
-1
580
8
581
-1
582
177
583
-1
584
165
585
-1
586
125
587
-1
588
0
589
-1
590
70
591
-1
592
72
593
-1
594
68
595
-1
596
147
597
-1
598
129
599
-1
600
7
601
-1
602
151
603
-1
604
103
605
-1
606
117
607
-1
608
45
609
-1
610
143
611
-1
612
72
613
-1
614
43
615
-1
616
189
617
-1
618
139
619
-1
620
123
621
-1
622
112
623
-1
624
17
625
-1
626
91
627
-1
628
129
629
-1
630
168
631
-1
632
90
633
-1
634
64
635
-1
636
58
637
-1
638
190
639
-1
640
172
641
-1
642
63
643
-1
644
63
645
-1
646
77
647
-1
648
131
649
-1
650
177
651
-1
652
116
653
-1
654
132
655
-1
656
75
657
-1
658
86
659
-1
660
39
661
-1
662
66
663
-1
664
98
665
-1
666
99
667
-1
668
78
669
-1
670
24
671
-1
672
191
673
-1
674
26
675
-1
676
32
677
-1
678
137
679
-1
680
165
681
-1
682
71
683
-1
684
61
685
-1
686
148
687
-1
688
131
689
-1
690
101
691
-1
692
41
693
-1
694
133
695
-1
696
28
697
-1
698
123
699
-1
700
131
701
-1
702
17
703
-1
704
129
705
-1
706
107
707
-1
708
6
709
-1
710
126
711
-1
712
12
713
-1
714
158
715
-1
716
20
717
-1
718
9
719
-1
720
28
721
-1
722
24
723
-1
724
68
725
-1
726
146
727
-1
728
143
729
-1
730
123
731
-1
732
23
733
-1
734
12
735
-1
736
99
737
-1
738
13
739
-1
740
115
741
-1
742
123
743
-1
744
175
745
-1
746
189
747
-1
748
108
749
-1
750
143
751
-1
752
127
753
-1
754
13
755
-1
756
170
757
-1
758
103
759
-1
760
20
761
-1
762
128
763
-1
764
100
765
-1
766
111
767
-1
768
173
769
-1
770
189
771
-1
772
63
773
-1
774
168
775
-1
776
3
777
-1
778
104
779
-1
780
17
781
-1
782
65
783
-1
784
123
785
-1
786
29
787
-1
788
144
789
-1
790
161
791
-1
792
15
793
-1
794
158
795
-1
796
57
797
-1
798
97
799
-1
800
3
801
-1
802
83
803
-1
804
30
805
-1
806
1
807
-1
808
115
809
-1
810
118
811
-1
812
27
813
-1
814
153
815
-1
816
22
817
-1
818
109
819
-1
820
118
821
-1
822
171
823
-1
824
173
825
-1
826
125
827
-1
828
118
829
-1
830
169
831
-1
832
95
833
-1
834
91
835
-1
836
11
837
-1
838
185
839
-1
840
95
841
-1
842
180
843
-1
844
128
845
-1
846
22
847
-1
848
141
849
-1
850
104
851
-1
852
160
853
-1
854
160
855
-1
856
7
857
-1
858
57
859
-1
860
55
861
-1
862
79
863
-1
864
32
865
-1
866
1
867
-1
868
97
869
-1
870
18
871
-1
872
60
873
-1
874
80
875
-1
876
101
877
-1
878
79
879
-1
880
159
881
-1
882
32
883
-1
884
12
885
-1
886
100
887
-1
888
26
889
-1
890
166
891
-1
892
154
893
-1
894
27
895
-1
896
100
897
-1
898
58
899
-1
900
77
901
-1
902
139
903
-1
904
16
905
-1
906
34
907
-1
908
167
909
-1
910
65
911
-1
912
156
913
-1
914
145
915
-1
916
53
917
-1
918
138
919
-1
920
0
921
-1
922
161
923
-1
924
93
925
-1
926
54
927
-1
928
177
929
-1
930
128
931
-1
932
37
933
-1
934
43
935
-1
936
135
937
-1
938
164
939
-1
940
128
941
-1
942
106
943
-1
944
127
945
-1
946
41
947
-1
948
38
949
-1
950
95
951
-1
952
120
953
-1
954
104
955
-1
956
60
957
-1
958
63
959
-1
960
176
961
-1
962
168
963
-1
964
182
965
-1
966
21
967
-1
968
141
969
-1
970
189
971
-1
972
0
973
-1
974
115
975
-1
976
142
977
-1
978
45
979
-1
980
162
981
-1
982
53
983
-1
984
164
985
-1
986
163
987
-1
988
44
989
-1
990
106
991
-1
992
144
993
-1
994
145
995
-1
996
127
997
-1
998
85
999
-1
1000
141
1001
-1
1002
83
1003
-1
1004
57
1005
-1
1006
15
1007
-1
1008
12
1009
-1
1010
90
1011
-1
1012
163
1013
-1
1014
14
1015
-1
1016
112
1017
-1
1018
178
1019
-1
1020
64
1021
-1
1022
70
1023
-1
1024
10
1025
-1
1026
85
1027
-1
1028
94
1029
-1
1030
186
1031
-1
1032
66
1033
-1
1034
172
1035
-1
1036
126
1037
-1
1038
96
1039
-1
1040
80
1041
-1
1042
131
1043
-1
1044
96
1045
-1
1046
32
1047
-1
1048
133
1049
-1
1050
7
1051
-1
1052
31
1053
-1
1054
87
1055
-1
1056
115
1057
-1
1058
99
1059
-1
1060
145
1061
-1
1062
43
1063
-1
1064
155
1065
-1
1066
19
1067
-1
1068
183
1069
-1
1070
119
1071
-1
1072
115
1073
-1
1074
69
1075
-1
1076
76
1077
-1
1078
22
1079
-1
1080
60
1081
-1
1082
150
1083
-1
1084
171
1085
-1
1086
36
1087
-1
1088
81
1089
-1
1090
49
1091
-1
1092
35
1093
-1
1094
10
1095
-1
1096
31
1097
-1
1098
71
1099
-1
1100
59
1101
-1
1102
92
1103
-1
1104
120
1105
-1
1106
186
1107
-1
1108
139
1109
-1
1110
89
1111
-1
1112
184
1113
-1
1114
112
1115
-1
1116
111
1117
-1
1118
130
1119
-1
1120
163
1121
-1
1122
111
1123
-1
1124
138
1125
-1
1126
146
1127
-1
1128
81
1129
-1
1130
170
1131
-1
1132
122
1133
-1
1134
151
1135
-1
1136
182
1137
-1
1138
120
1139
-1
1140
95
1141
-1
1142
116
1143
-1
1144
164
1145
-1
1146
53
1147
-1
1148
85
1149
-1
1150
24
1151
-1
1152
179
1153
-1
1154
73
1155
-1
1156
186
1157
-1
1158
18
1159
-1
1160
152
1161
-1
1162
177
1163
-1
1164
174
1165
-1
1166
17
1167
-1
1168
30
1169
-1
1170
101
1171
-1
1172
51
1173
-1
1174
107
1175
-1
1176
21
1177
-1
1178
109
1179
-1
1180
122
1181
-1
1182
151
1183
-1
1184
133
1185
-1
1186
176
1187
-1
1188
68
1189
-1
1190
134
1191
-1
1192
163
1193
-1
1194
99
1195
-1
1196
3
1197
-1
1198
65
1199
-1
1200
145
1201
-1
1202
27
1203
-1
1204
159
1205
-1
1206
20
1207
-1
1208
131
1209
-1
1210
61
1211
-1
1212
188
1213
-1
1214
175
1215
-1
1216
120
1217
-1
1218
153
1219
-1
1220
148
1221
-1
1222
159
1223
-1
1224
146
1225
-1
1226
185
1227
-1
1228
18
1229
-1
1230
157
1231
-1
1232
23
1233
-1
1234
123
1235
-1
1236
107
1237
-1
1238
17
1239
-1
1240
87
1241
-1
1242
53
1243
-1
1244
114
1245
-1
1246
75
1247
-1
1248
43
1249
-1
1250
156
1251
-1
1252
96
1253
-1
1254
70
1255
-1
1256
74
1257
-1
1258
62
1259
-1
1260
156
1261
-1
1262
92
1263
-1
1264
30
1265
-1
1266
85
1267
-1
1268
142
1269
-1
1270
71
1271
-1
1272
174
1273
-1
1274
53
1275
-1
1276
53
1277
-1
1278
36
1279
-1
1280
69
1281
-1
1282
53
1283
-1
1284
83
1285
-1
1286
8
1287
-1
1288
116
1289
-1
1290
125
1291
-1
1292
0
1293
-1
1294
162
1295
-1
1296
93
1297
-1
1298
162
1299
-1
1300
15
1301
-1
1302
77
1303
-1
1304
65
1305
-1
1306
190
1307
-1
1308
0
1309
-1
1310
107
1311
-1
1312
44
1313
-1
1314
80
1315
-1
1316
145
1317
-1
1318
102
1319
-1
1320
187
1321
-1
1322
169
1323
-1
1324
169
1325
-1
1326
111
1327
-1
1328
29
1329
-1
1330
182
1331
-1
1332
33
1333
-1
1334
190
1335
-1
1336
40
1337
-1
1338
78
1339
-1
1340
50
1341
-1
1342
67
1343
-1
1344
152
1345
-1
1346
45
1347
-1
1348
161
1349
-1
1350
129
1351
-1
1352
179
1353
-1
1354
173
1355
-1
1356
23
1357
-1
1358
167
1359
-1
1360
99
1361
-1
1362
79
1363
-1
1364
3
1365
-1
1366
72
1367
-1
1368
156
1369
-1
1370
71
1371
-1
1372
58
1373
-1
1374
158
1375
-1
1376
103
1377
-1
1378
141
1379
-1
1380
0
1381
-1
1382
94
1383
-1
1384
118
1385
-1
1386
64
1387
-1
1388
177
1389
-1
1390
169
1391
-1
1392
66
1393
-1
1394
38
1395
-1
1396
23
1397
-1
1398
42
1399
-1
1400
79
1401
-1
1402
125
1403
-1
1404
6
1405
-1
1406
183
1407
-1
1408
139
1409
-1
1410
86
1411
-1
1412
180
1413
-1
1414
74
1415
-1
1416
83
1417
-1
1418
21
1419
-1
1420
18
1421
-1
1422
52
1423
-1
1424
159
1425
-1
1426
76
1427
-1
1428
116
1429
-1
1430
159
1431
-1
1432
21
1433
-1
1434
128
1435
-1
1436
124
1437
-1
1438
30
1439
-1
1440
53
1441
-1
1442
23
1443
-1
1444
185
1445
-1
1446
72
1447
-1
1448
16
1449
-1
1450
41
1451
-1
1452
147
1453
-1
1454
184
1455
-1
1456
65
1457
-1
1458
177
1459
-1
1460
41
1461
-1
1462
70
1463
-1
1464
83
1465
-1
1466
53
1467
-1
1468
55
1469
-1
1470
163
1471
-1
1472
126
1473
-1
1474
187
1475
-1
1476
178
1477
-1
1478
134
1479
-1
1480
99
1481
-1
1482
117
1483
-1
1484
48
1485
-1
1486
84
1487
-1
1488
165
1489
-1
1490
132
1491
-1
1492
94
1493
-1
1494
120
1495
-1
1496
163
1497
-1
1498
45
1499
-1
1500
121
1501
-1
1502
20
1503
-1
1504
13
1505
-1
1506
98
1507
-1
1508
185
1509
-1
1510
58
1511
-1
1512
79
1513
-1
1514
123
1515
-1
1516
109
1517
-1
1518
179
1519
-1
1520
97
1521
-1
1522
131
1523
-1
1524
78
1525
-1
1526
108
1527
-1
1528
133
1529
-1
1530
60
1531
-1
1532
131
1533
-1
1534
126
1535
-1
1536
56
1537
-1
1538
38
1539
-1
1540
94
1541
-1
1542
175
1543
-1
1544
67
1545
-1
1546
176
1547
-1
1548
133
1549
-1
1550
45
1551
-1
1552
169
1553
-1
1554
131
1555
-1
1556
16
1557
-1
1558
151
1559
-1
1560
70
1561
-1
1562
63
1563
-1
1564
34
1565
-1
1566
167
1567
-1
1568
47
1569
-1
1570
133
1571
-1
1572
79
1573
-1
1574
136
1575
-1
1576
104
1577
-1
1578
100
1579
-1
1580
63
1581
-1
1582
153
1583
-1
1584
114
1585
-1
1586
40
1587
-1
1588
184
1589
-1
1590
48
1591
-1
1592
187
1593
-1
1594
77
1595
-1
1596
19
1597
-1
1598
160
1599
-1
1600
68
1601
-1
1602
75
1603
-1
1604
165
1605
-1
1606
49
1607
-1
1608
17
1609
-1
1610
146
1611
-1
1612
142
1613
-1
1614
162
1615
-1
1616
97
1617
-1
1618
187
1619
-1
1620
131
1621
-1
1622
73
1623
-1
1624
164
1625
-1
1626
175
1627
-1
1628
82
1629
-1
1630
44
1631
-1
1632
184
1633
-1
1634
23
1635
-1
1636
81
1637
-1
1638
168
1639
-1
1640
18
1641
-1
1642
171
1643
-1
1644
176
1645
-1
1646
169
1647
-1
1648
83
1649
-1
1650
101
1651
-1
1652
146
1653
-1
1654
60
1655
-1
1656
40
1657
-1
1658
13
1659
-1
1660
156
1661
-1
1662
85
1663
-1
1664
179
1665
-1
1666
69
1667
-1
1668
101
1669
-1
1670
68
1671
-1
1672
47
1673
-1
1674
39
1675
-1
1676
86
1677
-1
1678
44
1679
-1
1680
139
1681
-1
1682
125
1683
-1
1684
78
1685
-1
1686
172
1687
-1
1688
154
1689
-1
1690
102
1691
-1
1692
16
1693
-1
1694
2
1695
-1
1696
22
1697
-1
1698
93
1699
-1
1700
114
1701
-1
1702
27
1703
-1
1704
83
1705
-1
1706
181
1707
-1
1708
149
1709
-1
1710
177
1711
-1
1712
111
1713
-1
1714
47
1715
-1
1716
158
1717
-1
1718
15
1719
-1
1720
11
1721
-1
1722
32
1723
-1
1724
91
1725
-1
1726
124
1727
-1
1728
124
1729
-1
1730
76
1731
-1
1732
88
1733
-1
1734
10
1735
-1
1736
57
1737
-1
1738
104
1739
-1
1740
142
1741
-1
1742
96
1743
-1
1744
6
1745
-1
1746
151
1747
-1
1748
47
1749
-1
1750
180
1751
-1
1752
64
1753
-1
1754
74
1755
-1
1756
118
1757
-1
1758
115
1759
-1
1760
13
1761
-1
1762
150
1763
-1
1764
45
1765
-1
1766
83
1767
-1
1768
77
1769
-1
1770
20
1771
-1
1772
13
1773
-1
1774
161
1775
-1
1776
98
1777
-1
1778
1
1779
-1
1780
115
1781
-1
1782
40
1783
-1
1784
124
1785
-1
1786
94
1787
-1
1788
180
1789
-1
1790
35
1791
-1
1792
17
1793
-1
1794
146
1795
-1
1796
31
1797
-1
1798
54
1799
-1
1800
8
1801
-1
1802
165
1803
-1
1804
128
1805
-1
1806
80
1807
-1
1808
135
1809
-1
1810
90
1811
-1
1812
107
1813
-1
1814
128
1815
-1
1816
126
1817
-1
1818
131
1819
-1
1820
163
1821
-1
1822
89
1823
-1
1824
189
1825
-1
1826
61
1827
-1
1828
115
1829
-1
1830
48
1831
-1
1832
108
1833
-1
1834
90
1835
-1
1836
172
1837
-1
1838
70
1839
-1
1840
4
1841
-1
1842
15
1843
-1
1844
141
1845
-1
1846
41
1847
-1
1848
66
1849
-1
1850
127
1851
-1
1852
155
1853
-1
1854
53
1855
-1
1856
132
1857
-1
1858
67
1859
-1
1860
186
1861
-1
1862
54
1863
-1
1864
138
1865
-1
1866
87
1867
-1
1868
38
1869
-1
1870
20
1871
-1
1872
150
1873
-1
1874
151
1875
-1
1876
6
1877
-1
1878
68
1879
-1
1880
13
1881
-1
1882
95
1883
-1
1884
56
1885
-1
1886
35
1887
-1
1888
171
1889
-1
1890
47
1891
-1
1892
169
1893
-1
1894
128
1895
-1
1896
47
1897
-1
1898
174
1899
-1
1900
180
1901
-1
1902
71
1903
-1
1904
84
1905
-1
1906
142
1907
-1
1908
152
1909
-1
1910
89
1911
-1
1912
171
1913
-1
1914
40
1915
-1
1916
175
1917
-1
1918
89
1919
-1
1920
83
1921
-1
1922
34
1923
-1
1924
156
1925
-1
1926
17
1927
-1
1928
187
1929
-1
1930
86
1931
-1
1932
2
1933
-1
1934
165
1935
-1
1936
21
1937
-1
1938
93
1939
-1
1940
191
1941
-1
1942
103
1943
-1
1944
105
1945
-1
1946
101
1947
-1
1948
60
1949
-1
1950
20
1951
-1
1952
62
1953
-1
1954
107
1955
-1
1956
41
1957
-1
1958
70
1959
-1
1960
48
1961
-1
1962
61
1963
-1
1964
125
1965
-1
1966
56
1967
-1
1968
132
1969
-1
1970
25
1971
-1
1972
67
1973
-1
1974
84
1975
-1
1976
114
1977
-1
1978
158
1979
-1
1980
162
1981
-1
1982
123
1983
-1
1984
109
1985
-1
1986
110
1987
-1
1988
22
1989
-1
1990
96
1991
-1
1992
165
1993
-1
1994
55
1995
-1
1996
3
1997
-1
1998
38
1999
-1
