********************************************************************************
The planted motif0 is:
TTTATTAGG
0
36
1
-1
2
64
3
-1
4
175
5
-1
6
152
7
-1
8
48
9
-1
10
86
11
-1
12
172
13
-1
14
161
15
-1
16
186
17
-1
18
83
19
-1
20
16
21
-1
22
80
23
-1
24
165
25
-1
26
81
27
-1
28
1
29
-1
30
167
31
-1
32
81
33
-1
34
26
35
-1
36
87
37
-1
38
139
39
-1
40
89
41
-1
42
82
43
-1
44
135
45
-1
46
146
47
-1
48
97
49
-1
50
165
51
-1
52
107
53
-1
54
5
55
-1
56
29
57
-1
58
145
59
-1
60
35
61
-1
62
62
63
-1
64
161
65
-1
66
104
67
-1
68
173
69
-1
70
111
71
-1
72
45
73
-1
74
81
75
-1
76
21
77
-1
78
116
79
-1
80
130
81
-1
82
159
83
-1
84
178
85
-1
86
4
87
-1
88
67
89
-1
90
83
91
-1
92
120
93
-1
94
87
95
-1
96
94
97
-1
98
158
99
-1
100
106
101
-1
102
3
103
-1
104
120
105
-1
106
48
107
-1
108
18
109
-1
110
97
111
-1
112
27
113
-1
114
91
115
-1
116
7
117
-1
118
179
119
-1
120
73
121
-1
122
68
123
-1
124
110
125
-1
126
112
127
-1
128
110
129
-1
130
133
131
-1
132
127
133
-1
134
28
135
-1
136
138
137
-1
138
41
139
-1
140
42
141
-1
142
73
143
-1
144
24
145
-1
146
42
147
-1
148
161
149
-1
150
133
151
-1
152
156
153
-1
154
148
155
-1
156
152
157
-1
158
51
159
-1
160
60
161
-1
162
39
163
-1
164
74
165
-1
166
135
167
-1
168
4
169
-1
170
40
171
-1
172
185
173
-1
174
165
175
-1
176
175
177
-1
178
108
179
-1
180
44
181
-1
182
123
183
-1
184
55
185
-1
186
141
187
-1
188
162
189
-1
190
64
191
-1
192
68
193
-1
194
38
195
-1
196
174
197
-1
198
35
199
-1
200
5
201
-1
202
148
203
-1
204
41
205
-1
206
146
207
-1
208
65
209
-1
210
125
211
-1
212
16
213
-1
214
150
215
-1
216
5
217
-1
218
146
219
-1
220
63
221
-1
222
80
223
-1
224
47
225
-1
226
166
227
-1
228
57
229
-1
230
176
231
-1
232
74
233
-1
234
153
235
-1
236
90
237
-1
238
26
239
-1
240
129
241
-1
242
20
243
-1
244
118
245
-1
246
128
247
-1
248
111
249
-1
250
59
251
-1
252
142
253
-1
254
141
255
-1
256
54
257
-1
258
106
259
-1
260
129
261
-1
262
102
263
-1
264
69
265
-1
266
70
267
-1
268
135
269
-1
270
152
271
-1
272
22
273
-1
274
131
275
-1
276
121
277
-1
278
133
279
-1
280
138
281
-1
282
130
283
-1
284
142
285
-1
286
37
287
-1
288
97
289
-1
290
172
291
-1
292
132
293
-1
294
18
295
-1
296
28
297
-1
298
51
299
-1
300
33
301
-1
302
113
303
-1
304
30
305
-1
306
18
307
-1
308
21
309
-1
310
187
311
-1
312
129
313
-1
314
7
315
-1
316
144
317
-1
318
69
319
-1
320
1
321
-1
322
11
323
-1
324
65
325
-1
326
35
327
-1
328
49
329
-1
330
12
331
-1
332
100
333
-1
334
25
335
-1
336
126
337
-1
338
150
339
-1
340
100
341
-1
342
76
343
-1
344
51
345
-1
346
99
347
-1
348
95
349
-1
350
20
351
-1
352
186
353
-1
354
51
355
-1
356
23
357
-1
358
188
359
-1
360
153
361
-1
362
152
363
-1
364
183
365
-1
366
41
367
-1
368
84
369
-1
370
19
371
-1
372
143
373
-1
374
85
375
-1
376
72
377
-1
378
93
379
-1
380
172
381
-1
382
63
383
-1
384
147
385
-1
386
134
387
-1
388
85
389
-1
390
8
391
-1
392
50
393
-1
394
124
395
-1
396
83
397
-1
398
85
399
-1
400
94
401
-1
402
34
403
-1
404
157
405
-1
406
12
407
-1
408
16
409
-1
410
91
411
-1
412
126
413
-1
414
140
415
-1
416
41
417
-1
418
104
419
-1
420
150
421
-1
422
38
423
-1
424
131
425
-1
426
67
427
-1
428
38
429
-1
430
132
431
-1
432
87
433
-1
434
159
435
-1
436
123
437
-1
438
162
439
-1
440
191
441
-1
442
161
443
-1
444
165
445
-1
446
107
447
-1
448
128
449
-1
450
15
451
-1
452
1
453
-1
454
85
455
-1
456
94
457
-1
458
144
459
-1
460
100
461
-1
462
12
463
-1
464
3
465
-1
466
185
467
-1
468
55
469
-1
470
20
471
-1
472
112
473
-1
474
7
475
-1
476
53
477
-1
478
142
479
-1
480
52
481
-1
482
182
483
-1
484
127
485
-1
486
183
487
-1
488
117
489
-1
490
152
491
-1
492
159
493
-1
494
16
495
-1
496
23
497
-1
498
89
499
-1
500
1
501
-1
502
99
503
-1
504
117
505
-1
506
170
507
-1
508
38
509
-1
510
35
511
-1
512
47
513
-1
514
58
515
-1
516
105
517
-1
518
19
519
-1
520
57
521
-1
522
132
523
-1
524
14
525
-1
526
93
527
-1
528
81
529
-1
530
69
531
-1
532
52
533
-1
534
140
535
-1
536
42
537
-1
538
127
539
-1
540
39
541
-1
542
34
543
-1
544
133
545
-1
546
143
547
-1
548
129
549
-1
550
140
551
-1
552
167
553
-1
554
102
555
-1
556
92
557
-1
558
154
559
-1
560
143
561
-1
562
175
563
-1
564
120
565
-1
566
86
567
-1
568
125
569
-1
570
68
571
-1
572
78
573
-1
574
116
575
-1
576
69
577
-1
578
118
579
-1
580
28
581
-1
582
74
583
-1
584
46
585
-1
586
170
587
-1
588
160
589
-1
590
152
591
-1
592
45
593
-1
594
8
595
-1
596
83
597
-1
598
90
599
-1
