********************************************************************************
The planted motif0 is:
TAACACCTGACGCTGTGTGTT
0
6
1
-1
2
54
3
-1
4
62
5
-1
6
100
7
-1
8
133
9
-1
10
42
11
-1
12
127
13
-1
14
13
15
-1
16
79
17
-1
18
98
19
-1
20
140
21
-1
22
164
23
-1
24
70
25
-1
26
51
27
-1
28
42
29
-1
30
10
31
-1
32
13
33
-1
34
171
35
-1
36
94
37
-1
38
69
39
-1
40
44
41
-1
42
34
43
-1
44
127
45
-1
46
15
47
-1
48
29
49
-1
50
158
51
-1
52
38
53
-1
54
68
55
-1
56
49
57
-1
58
176
59
-1
60
50
61
-1
62
104
63
-1
64
63
65
-1
66
38
67
-1
68
73
69
-1
70
151
71
-1
72
112
73
-1
74
179
75
-1
76
107
77
-1
78
112
79
-1
80
148
81
-1
82
13
83
-1
84
40
85
-1
86
117
87
-1
88
145
89
-1
90
112
91
-1
92
106
93
-1
94
143
95
-1
96
172
97
-1
98
163
99
-1
100
149
101
-1
102
11
103
-1
104
70
105
-1
106
63
107
-1
108
137
109
-1
110
100
111
-1
112
147
113
-1
114
58
115
-1
116
83
117
-1
118
103
119
-1
120
88
121
-1
122
107
123
-1
124
137
125
-1
126
96
127
-1
128
90
129
-1
130
9
131
-1
132
89
133
-1
134
35
135
-1
136
138
137
-1
138
60
139
-1
140
170
141
-1
142
150
143
-1
144
69
145
-1
146
146
147
-1
148
73
149
-1
150
112
151
-1
152
20
153
-1
154
51
155
-1
156
141
157
-1
158
58
159
-1
160
177
161
-1
162
100
163
-1
164
75
165
-1
166
144
167
-1
168
166
169
-1
170
144
171
-1
172
41
173
-1
174
44
175
-1
176
137
177
-1
178
60
179
-1
180
42
181
-1
182
26
183
-1
184
108
185
-1
186
123
187
-1
188
87
189
-1
190
158
191
-1
192
134
193
-1
194
49
195
-1
196
97
197
-1
198
179
199
-1
200
142
201
-1
202
81
203
-1
204
121
205
-1
206
119
207
-1
208
166
209
-1
210
52
211
-1
212
64
213
-1
214
79
215
-1
216
104
217
-1
218
114
219
-1
220
57
221
-1
222
59
223
-1
224
30
225
-1
226
96
227
-1
228
130
229
-1
230
170
231
-1
232
7
233
-1
234
145
235
-1
236
31
237
-1
238
18
239
-1
240
172
241
-1
242
169
243
-1
244
50
245
-1
246
17
247
-1
248
150
249
-1
250
167
251
-1
252
137
253
-1
254
30
255
-1
256
66
257
-1
258
80
259
-1
260
129
261
-1
262
51
263
-1
264
58
265
-1
266
116
267
-1
268
64
269
-1
270
87
271
-1
272
115
273
-1
274
41
275
-1
276
81
277
-1
278
7
279
-1
280
30
281
-1
282
151
283
-1
284
139
285
-1
286
61
287
-1
288
45
289
-1
290
95
291
-1
292
152
293
-1
294
22
295
-1
296
149
297
-1
298
64
299
-1
300
31
301
-1
302
132
303
-1
304
78
305
-1
306
155
307
-1
308
24
309
-1
310
98
311
-1
312
114
313
-1
314
49
315
-1
316
92
317
-1
318
27
319
-1
320
118
321
-1
322
68
323
-1
324
15
325
-1
326
62
327
-1
328
23
329
-1
330
14
331
-1
332
7
333
-1
334
51
335
-1
336
127
337
-1
338
46
339
-1
340
64
341
-1
342
55
343
-1
344
44
345
-1
346
95
347
-1
348
164
349
-1
350
96
351
-1
352
97
353
-1
354
58
355
-1
356
61
357
-1
358
67
359
-1
360
77
361
-1
362
167
363
-1
364
161
365
-1
366
40
367
-1
368
141
369
-1
370
100
371
-1
372
30
373
-1
374
55
375
-1
376
106
377
-1
378
40
379
-1
380
34
381
-1
382
146
383
-1
384
178
385
-1
386
177
387
-1
388
51
389
-1
390
175
391
-1
392
65
393
-1
394
114
395
-1
396
47
397
-1
398
40
399
-1
400
70
401
-1
402
11
403
-1
404
3
405
-1
406
22
407
-1
408
149
409
-1
410
11
411
-1
412
111
413
-1
414
144
415
-1
416
115
417
-1
418
98
419
-1
420
142
421
-1
422
27
423
-1
424
70
425
-1
426
10
427
-1
428
143
429
-1
430
2
431
-1
432
61
433
-1
434
167
435
-1
436
1
437
-1
438
128
439
-1
440
16
441
-1
442
58
443
-1
444
16
445
-1
446
77
447
-1
448
93
449
-1
450
77
451
-1
452
165
453
-1
454
67
455
-1
456
94
457
-1
458
16
459
-1
460
89
461
-1
462
52
463
-1
464
17
465
-1
466
73
467
-1
468
63
469
-1
470
63
471
-1
472
80
473
-1
474
179
475
-1
476
96
477
-1
478
122
479
-1
480
60
481
-1
482
155
483
-1
484
154
485
-1
486
88
487
-1
488
158
489
-1
490
90
491
-1
492
32
493
-1
494
151
495
-1
496
7
497
-1
498
45
499
-1
500
16
501
-1
502
64
503
-1
504
154
505
-1
506
122
507
-1
508
0
509
-1
510
95
511
-1
512
96
513
-1
514
46
515
-1
516
25
517
-1
518
64
519
-1
520
135
521
-1
522
111
523
-1
524
123
525
-1
526
94
527
-1
528
22
529
-1
530
59
531
-1
532
120
533
-1
534
141
535
-1
536
106
537
-1
538
69
539
-1
540
85
541
-1
542
56
543
-1
544
68
545
-1
546
93
547
-1
548
64
549
-1
550
12
551
-1
552
129
553
-1
554
68
555
-1
556
17
557
-1
558
83
559
-1
560
170
561
-1
562
43
563
-1
564
175
565
-1
566
26
567
-1
568
29
569
-1
570
88
571
-1
572
142
573
-1
574
66
575
-1
576
49
577
-1
578
115
579
-1
580
67
581
-1
582
117
583
-1
584
73
585
-1
586
169
587
-1
588
123
589
-1
590
72
591
-1
592
131
593
-1
594
97
595
-1
596
4
597
-1
598
92
599
-1
600
118
601
-1
602
119
603
-1
604
54
605
-1
606
146
607
-1
608
17
609
-1
610
62
611
-1
612
20
613
-1
614
18
615
-1
616
86
617
-1
618
49
619
-1
620
17
621
-1
622
176
623
-1
624
136
625
-1
626
161
627
-1
628
51
629
-1
630
3
631
-1
632
138
633
-1
634
67
635
-1
636
82
637
-1
638
160
639
-1
640
50
641
-1
642
36
643
-1
644
118
645
-1
646
1
647
-1
648
167
649
-1
650
85
651
-1
652
83
653
-1
654
78
655
-1
656
169
657
-1
658
162
659
-1
660
177
661
-1
662
85
663
-1
664
15
665
-1
666
130
667
-1
668
6
669
-1
670
119
671
-1
672
27
673
-1
674
30
675
-1
676
169
677
-1
678
51
679
-1
680
94
681
-1
682
64
683
-1
684
26
685
-1
686
67
687
-1
688
134
689
-1
690
34
691
-1
692
19
693
-1
694
36
695
-1
696
1
697
-1
698
4
699
-1
700
176
701
-1
702
116
703
-1
704
133
705
-1
706
134
707
-1
708
156
709
-1
710
152
711
-1
712
79
713
-1
714
163
715
-1
716
100
717
-1
718
84
719
-1
720
97
721
-1
722
161
723
-1
724
87
725
-1
726
168
727
-1
728
129
729
-1
730
47
731
-1
732
97
733
-1
734
40
735
-1
736
95
737
-1
738
162
739
-1
740
83
741
-1
742
25
743
-1
744
38
745
-1
746
38
747
-1
748
71
749
-1
750
108
751
-1
752
179
753
-1
754
33
755
-1
756
5
757
-1
758
140
759
-1
760
47
761
-1
762
126
763
-1
764
160
765
-1
766
71
767
-1
768
154
769
-1
770
76
771
-1
772
56
773
-1
774
68
775
-1
776
147
777
-1
778
76
779
-1
780
171
781
-1
782
15
783
-1
784
172
785
-1
786
96
787
-1
788
12
789
-1
790
45
791
-1
792
174
793
-1
794
64
795
-1
796
86
797
-1
798
15
799
-1
800
103
801
-1
802
160
803
-1
804
114
805
-1
806
86
807
-1
808
37
809
-1
810
155
811
-1
812
113
813
-1
814
133
815
-1
816
26
817
-1
818
77
819
-1
820
134
821
-1
822
69
823
-1
824
68
825
-1
826
89
827
-1
828
23
829
-1
830
176
831
-1
832
66
833
-1
834
96
835
-1
836
14
837
-1
838
33
839
-1
840
84
841
-1
842
176
843
-1
844
178
845
-1
846
147
847
-1
848
124
849
-1
850
16
851
-1
852
30
853
-1
854
165
855
-1
856
163
857
-1
858
166
859
-1
860
52
861
-1
862
77
863
-1
864
27
865
-1
866
20
867
-1
868
127
869
-1
870
71
871
-1
872
132
873
-1
874
112
875
-1
876
54
877
-1
878
139
879
-1
880
100
881
-1
882
144
883
-1
884
151
885
-1
886
22
887
-1
888
10
889
-1
890
70
891
-1
892
96
893
-1
894
117
895
-1
896
23
897
-1
898
46
899
-1
900
141
901
-1
902
14
903
-1
904
46
905
-1
906
141
907
-1
908
46
909
-1
910
113
911
-1
912
0
913
-1
914
0
915
-1
916
159
917
-1
918
42
919
-1
920
58
921
-1
922
17
923
-1
924
136
925
-1
926
91
927
-1
928
174
929
-1
930
177
931
-1
932
21
933
-1
934
115
935
-1
936
176
937
-1
938
5
939
-1
940
80
941
-1
942
131
943
-1
944
29
945
-1
946
30
947
-1
948
131
949
-1
950
93
951
-1
952
57
953
-1
954
14
955
-1
956
27
957
-1
958
24
959
-1
960
88
961
-1
962
137
963
-1
964
72
965
-1
966
148
967
-1
968
126
969
-1
970
99
971
-1
972
159
973
-1
974
163
975
-1
976
21
977
-1
978
49
979
-1
980
36
981
-1
982
69
983
-1
984
113
985
-1
986
165
987
-1
988
91
989
-1
990
131
991
-1
992
129
993
-1
994
94
995
-1
996
146
997
-1
998
95
999
-1
1000
114
1001
-1
1002
51
1003
-1
1004
109
1005
-1
1006
162
1007
-1
1008
112
1009
-1
1010
96
1011
-1
1012
161
1013
-1
1014
101
1015
-1
1016
99
1017
-1
1018
23
1019
-1
1020
161
1021
-1
1022
22
1023
-1
1024
60
1025
-1
1026
81
1027
-1
1028
93
1029
-1
1030
152
1031
-1
1032
80
1033
-1
1034
104
1035
-1
1036
67
1037
-1
1038
41
1039
-1
1040
129
1041
-1
1042
103
1043
-1
1044
45
1045
-1
1046
121
1047
-1
1048
52
1049
-1
1050
13
1051
-1
1052
145
1053
-1
1054
87
1055
-1
1056
55
1057
-1
1058
72
1059
-1
1060
47
1061
-1
1062
34
1063
-1
1064
46
1065
-1
1066
146
1067
-1
1068
18
1069
-1
1070
0
1071
-1
1072
77
1073
-1
1074
120
1075
-1
1076
129
1077
-1
1078
153
1079
-1
1080
124
1081
-1
1082
172
1083
-1
1084
3
1085
-1
1086
116
1087
-1
1088
111
1089
-1
1090
98
1091
-1
1092
49
1093
-1
1094
125
1095
-1
1096
166
1097
-1
1098
150
1099
-1
1100
157
1101
-1
1102
3
1103
-1
1104
30
1105
-1
1106
4
1107
-1
1108
142
1109
-1
1110
103
1111
-1
1112
57
1113
-1
1114
169
1115
-1
1116
1
1117
-1
1118
140
1119
-1
1120
96
1121
-1
1122
13
1123
-1
1124
127
1125
-1
1126
70
1127
-1
1128
173
1129
-1
1130
78
1131
-1
1132
82
1133
-1
1134
159
1135
-1
1136
96
1137
-1
1138
4
1139
-1
1140
26
1141
-1
1142
139
1143
-1
1144
97
1145
-1
1146
116
1147
-1
1148
117
1149
-1
1150
150
1151
-1
1152
35
1153
-1
1154
37
1155
-1
1156
17
1157
-1
1158
44
1159
-1
1160
67
1161
-1
1162
74
1163
-1
1164
129
1165
-1
1166
37
1167
-1
1168
21
1169
-1
1170
174
1171
-1
1172
144
1173
-1
1174
47
1175
-1
1176
73
1177
-1
1178
163
1179
-1
1180
174
1181
-1
1182
178
1183
-1
1184
171
1185
-1
1186
102
1187
-1
1188
155
1189
-1
1190
119
1191
-1
1192
135
1193
-1
1194
50
1195
-1
1196
110
1197
-1
1198
138
1199
-1
1200
82
1201
-1
1202
38
1203
-1
1204
173
1205
-1
1206
88
1207
-1
1208
10
1209
-1
1210
74
1211
-1
1212
36
1213
-1
1214
21
1215
-1
1216
22
1217
-1
1218
81
1219
-1
1220
115
1221
-1
1222
14
1223
-1
1224
80
1225
-1
1226
11
1227
-1
1228
168
1229
-1
1230
89
1231
-1
1232
82
1233
-1
1234
28
1235
-1
1236
24
1237
-1
1238
111
1239
-1
1240
21
1241
-1
1242
48
1243
-1
1244
132
1245
-1
1246
103
1247
-1
1248
26
1249
-1
1250
43
1251
-1
1252
136
1253
-1
1254
11
1255
-1
1256
8
1257
-1
1258
75
1259
-1
1260
13
1261
-1
1262
165
1263
-1
1264
88
1265
-1
1266
106
1267
-1
1268
140
1269
-1
1270
100
1271
-1
1272
41
1273
-1
1274
134
1275
-1
1276
23
1277
-1
1278
143
1279
-1
1280
97
1281
-1
1282
135
1283
-1
1284
25
1285
-1
1286
72
1287
-1
1288
30
1289
-1
1290
23
1291
-1
1292
161
1293
-1
1294
43
1295
-1
1296
87
1297
-1
1298
118
1299
-1
1300
168
1301
-1
1302
143
1303
-1
1304
83
1305
-1
1306
56
1307
-1
1308
136
1309
-1
1310
108
1311
-1
1312
69
1313
-1
1314
115
1315
-1
1316
107
1317
-1
1318
141
1319
-1
1320
171
1321
-1
1322
14
1323
-1
1324
15
1325
-1
1326
139
1327
-1
1328
141
1329
-1
1330
19
1331
-1
1332
90
1333
-1
1334
13
1335
-1
1336
173
1337
-1
1338
46
1339
-1
1340
81
1341
-1
1342
26
1343
-1
1344
19
1345
-1
1346
146
1347
-1
1348
58
1349
-1
1350
163
1351
-1
1352
154
1353
-1
1354
28
1355
-1
1356
50
1357
-1
1358
27
1359
-1
1360
26
1361
-1
1362
155
1363
-1
1364
68
1365
-1
1366
120
1367
-1
1368
32
1369
-1
1370
20
1371
-1
1372
1
1373
-1
1374
56
1375
-1
1376
80
1377
-1
1378
28
1379
-1
1380
44
1381
-1
1382
179
1383
-1
1384
113
1385
-1
1386
146
1387
-1
1388
111
1389
-1
1390
45
1391
-1
1392
15
1393
-1
1394
117
1395
-1
1396
89
1397
-1
1398
151
1399
-1
1400
97
1401
-1
1402
166
1403
-1
1404
72
1405
-1
1406
54
1407
-1
1408
106
1409
-1
1410
6
1411
-1
1412
143
1413
-1
1414
36
1415
-1
1416
93
1417
-1
1418
58
1419
-1
1420
108
1421
-1
1422
10
1423
-1
1424
150
1425
-1
1426
49
1427
-1
1428
56
1429
-1
1430
125
1431
-1
1432
99
1433
-1
1434
121
1435
-1
1436
42
1437
-1
1438
77
1439
-1
1440
72
1441
-1
1442
125
1443
-1
1444
111
1445
-1
1446
138
1447
-1
1448
114
1449
-1
1450
126
1451
-1
1452
17
1453
-1
1454
111
1455
-1
1456
172
1457
-1
1458
31
1459
-1
1460
71
1461
-1
1462
159
1463
-1
1464
141
1465
-1
1466
112
1467
-1
1468
42
1469
-1
1470
94
1471
-1
1472
0
1473
-1
1474
41
1475
-1
1476
140
1477
-1
1478
75
1479
-1
1480
155
1481
-1
1482
7
1483
-1
1484
65
1485
-1
1486
47
1487
-1
1488
167
1489
-1
1490
174
1491
-1
1492
75
1493
-1
1494
176
1495
-1
1496
172
1497
-1
1498
74
1499
-1
1500
163
1501
-1
1502
64
1503
-1
1504
105
1505
-1
1506
104
1507
-1
1508
32
1509
-1
1510
132
1511
-1
1512
33
1513
-1
1514
146
1515
-1
1516
153
1517
-1
1518
140
1519
-1
1520
34
1521
-1
1522
145
1523
-1
1524
106
1525
-1
1526
144
1527
-1
1528
176
1529
-1
1530
133
1531
-1
1532
23
1533
-1
1534
129
1535
-1
1536
168
1537
-1
1538
81
1539
-1
1540
113
1541
-1
1542
108
1543
-1
1544
154
1545
-1
1546
171
1547
-1
1548
173
1549
-1
1550
118
1551
-1
1552
152
1553
-1
1554
59
1555
-1
1556
16
1557
-1
1558
156
1559
-1
1560
57
1561
-1
1562
85
1563
-1
1564
28
1565
-1
1566
48
1567
-1
1568
137
1569
-1
1570
50
1571
-1
1572
169
1573
-1
1574
174
1575
-1
1576
176
1577
-1
1578
78
1579
-1
1580
138
1581
-1
1582
54
1583
-1
1584
41
1585
-1
1586
154
1587
-1
1588
122
1589
-1
1590
58
1591
-1
1592
143
1593
-1
1594
43
1595
-1
1596
67
1597
-1
1598
130
1599
-1
1600
141
1601
-1
1602
74
1603
-1
1604
87
1605
-1
1606
50
1607
-1
1608
161
1609
-1
1610
147
1611
-1
1612
140
1613
-1
1614
25
1615
-1
1616
167
1617
-1
1618
106
1619
-1
1620
9
1621
-1
1622
157
1623
-1
1624
101
1625
-1
1626
42
1627
-1
1628
62
1629
-1
1630
52
1631
-1
1632
67
1633
-1
1634
167
1635
-1
1636
19
1637
-1
1638
175
1639
-1
1640
125
1641
-1
1642
40
1643
-1
1644
81
1645
-1
1646
50
1647
-1
1648
146
1649
-1
1650
26
1651
-1
1652
20
1653
-1
1654
53
1655
-1
1656
28
1657
-1
1658
28
1659
-1
1660
59
1661
-1
1662
0
1663
-1
1664
147
1665
-1
1666
27
1667
-1
1668
143
1669
-1
1670
138
1671
-1
1672
116
1673
-1
1674
73
1675
-1
1676
131
1677
-1
1678
81
1679
-1
1680
18
1681
-1
1682
3
1683
-1
1684
154
1685
-1
1686
17
1687
-1
1688
134
1689
-1
1690
166
1691
-1
1692
6
1693
-1
1694
44
1695
-1
1696
49
1697
-1
1698
144
1699
-1
1700
129
1701
-1
1702
20
1703
-1
1704
98
1705
-1
1706
11
1707
-1
1708
114
1709
-1
1710
65
1711
-1
1712
20
1713
-1
1714
25
1715
-1
1716
39
1717
-1
1718
3
1719
-1
1720
52
1721
-1
1722
154
1723
-1
1724
16
1725
-1
1726
88
1727
-1
1728
175
1729
-1
1730
165
1731
-1
1732
29
1733
-1
1734
76
1735
-1
1736
87
1737
-1
1738
137
1739
-1
1740
57
1741
-1
1742
32
1743
-1
1744
178
1745
-1
1746
126
1747
-1
1748
9
1749
-1
1750
12
1751
-1
1752
42
1753
-1
1754
177
1755
-1
1756
74
1757
-1
1758
119
1759
-1
1760
62
1761
-1
1762
31
1763
-1
1764
58
1765
-1
1766
80
1767
-1
1768
105
1769
-1
1770
99
1771
-1
1772
125
1773
-1
1774
62
1775
-1
1776
90
1777
-1
1778
129
1779
-1
1780
81
1781
-1
1782
63
1783
-1
1784
33
1785
-1
1786
19
1787
-1
1788
67
1789
-1
1790
46
1791
-1
1792
123
1793
-1
1794
159
1795
-1
1796
51
1797
-1
1798
58
1799
-1
1800
54
1801
-1
1802
179
1803
-1
1804
4
1805
-1
1806
89
1807
-1
1808
13
1809
-1
1810
35
1811
-1
1812
156
1813
-1
1814
40
1815
-1
1816
47
1817
-1
1818
135
1819
-1
1820
54
1821
-1
1822
83
1823
-1
1824
90
1825
-1
1826
71
1827
-1
1828
112
1829
-1
1830
164
1831
-1
1832
97
1833
-1
1834
140
1835
-1
1836
135
1837
-1
1838
128
1839
-1
1840
77
1841
-1
1842
65
1843
-1
1844
126
1845
-1
1846
92
1847
-1
1848
57
1849
-1
1850
103
1851
-1
1852
85
1853
-1
1854
106
1855
-1
1856
58
1857
-1
1858
70
1859
-1
1860
179
1861
-1
1862
111
1863
-1
1864
76
1865
-1
1866
38
1867
-1
1868
150
1869
-1
1870
34
1871
-1
1872
151
1873
-1
1874
161
1875
-1
1876
104
1877
-1
1878
23
1879
-1
1880
156
1881
-1
1882
30
1883
-1
1884
146
1885
-1
1886
100
1887
-1
1888
66
1889
-1
1890
36
1891
-1
1892
165
1893
-1
1894
90
1895
-1
1896
69
1897
-1
1898
43
1899
-1
1900
177
1901
-1
1902
73
1903
-1
1904
66
1905
-1
1906
67
1907
-1
1908
119
1909
-1
1910
156
1911
-1
1912
142
1913
-1
1914
99
1915
-1
1916
97
1917
-1
1918
91
1919
-1
1920
35
1921
-1
1922
13
1923
-1
1924
66
1925
-1
1926
113
1927
-1
1928
137
1929
-1
1930
114
1931
-1
1932
159
1933
-1
1934
172
1935
-1
1936
17
1937
-1
1938
178
1939
-1
1940
106
1941
-1
1942
49
1943
-1
1944
171
1945
-1
1946
126
1947
-1
1948
175
1949
-1
1950
151
1951
-1
1952
95
1953
-1
1954
148
1955
-1
1956
96
1957
-1
1958
59
1959
-1
1960
119
1961
-1
1962
32
1963
-1
1964
141
1965
-1
1966
163
1967
-1
1968
63
1969
-1
1970
48
1971
-1
1972
27
1973
-1
1974
58
1975
-1
1976
178
1977
-1
1978
18
1979
-1
1980
150
1981
-1
1982
32
1983
-1
1984
107
1985
-1
1986
13
1987
-1
1988
64
1989
-1
1990
162
1991
-1
1992
85
1993
-1
1994
26
1995
-1
1996
151
1997
-1
1998
27
1999
-1
