********************************************************************************
The planted motif0 is:
GGTCCGGCACGTTTGTAAGGA
0
32
1
129
2
156
3
120
4
-1
5
129
6
32
7
6
8
54
9
-1
10
62
11
100
12
133
13
42
14
-1
15
127
16
13
17
79
18
98
19
-1
20
140
21
164
22
70
23
51
24
-1
25
42
26
10
27
13
28
171
29
-1
30
94
31
69
32
44
33
34
34
-1
35
127
36
15
37
29
38
158
39
-1
40
38
41
68
42
49
43
176
44
-1
45
50
46
104
47
63
48
38
49
-1
50
73
51
151
52
112
53
179
54
-1
55
107
56
112
57
148
58
13
59
-1
60
40
61
117
62
145
63
112
64
-1
65
106
66
143
67
172
68
163
69
-1
70
149
71
11
72
70
73
63
74
-1
75
137
76
100
77
147
78
58
79
-1
80
83
81
103
82
88
83
107
84
-1
85
137
86
96
87
90
88
9
89
-1
90
89
91
35
92
138
93
60
94
-1
95
170
96
150
97
69
98
146
99
-1
100
73
101
112
102
20
103
51
104
-1
105
141
106
58
107
177
108
100
109
-1
110
75
111
144
112
166
113
144
114
-1
115
41
116
44
117
137
118
60
119
-1
120
42
121
26
122
108
123
123
124
-1
125
87
126
158
127
134
128
49
129
-1
130
97
131
179
132
142
133
81
134
-1
135
121
136
119
137
166
138
52
139
-1
140
64
141
79
142
104
143
114
144
-1
145
57
146
59
147
30
148
96
149
-1
150
130
151
170
152
7
153
145
154
-1
155
31
156
18
157
172
158
169
159
-1
160
50
161
17
162
150
163
167
164
-1
165
137
166
30
167
66
168
80
169
-1
170
129
171
51
172
58
173
116
174
-1
175
64
176
87
177
115
178
41
179
-1
180
81
181
7
182
30
183
151
184
-1
185
139
186
61
187
45
188
95
189
-1
190
152
191
22
192
149
193
64
194
-1
195
31
196
132
197
78
198
155
199
-1
200
24
201
98
202
114
203
49
204
-1
205
92
206
27
207
118
208
68
209
-1
210
15
211
62
212
23
213
14
214
-1
215
7
216
51
217
127
218
46
219
-1
220
64
221
55
222
44
223
95
224
-1
225
164
226
96
227
97
228
58
229
-1
230
61
231
67
232
77
233
167
234
-1
235
161
236
40
237
141
238
100
239
-1
240
30
241
55
242
106
243
40
244
-1
245
34
246
146
247
178
248
177
249
-1
250
51
251
175
252
65
253
114
254
-1
255
47
256
40
257
70
258
11
259
-1
260
3
261
22
262
149
263
11
264
-1
265
111
266
144
267
115
268
98
269
-1
270
142
271
27
272
70
273
10
274
-1
275
143
276
2
277
61
278
167
279
-1
280
1
281
128
282
16
283
58
284
-1
285
16
286
77
287
93
288
77
289
-1
290
165
291
67
292
94
293
16
294
-1
295
89
296
52
297
17
298
73
299
-1
300
63
301
63
302
80
303
179
304
-1
305
96
306
122
307
60
308
155
309
-1
310
154
311
88
312
158
313
90
314
-1
315
32
316
151
317
7
318
45
319
-1
320
16
321
64
322
154
323
122
324
-1
325
0
326
95
327
96
328
46
329
-1
330
25
331
64
332
135
333
111
334
-1
335
123
336
94
337
22
338
59
339
-1
340
120
341
141
342
106
343
69
344
-1
345
85
346
56
347
68
348
93
349
-1
350
64
351
12
352
129
353
68
354
-1
355
17
356
83
357
170
358
43
359
-1
360
175
361
26
362
29
363
88
364
-1
365
142
366
66
367
49
368
115
369
-1
370
67
371
117
372
73
373
169
374
-1
375
123
376
72
377
131
378
97
379
-1
380
4
381
92
382
118
383
119
384
-1
385
54
386
146
387
17
388
62
389
-1
390
20
391
18
392
86
393
49
394
-1
395
17
396
176
397
136
398
161
399
-1
400
51
401
3
402
138
403
67
404
-1
405
82
406
160
407
50
408
36
409
-1
410
118
411
1
412
167
413
85
414
-1
415
83
416
78
417
169
418
162
419
-1
420
177
421
85
422
15
423
130
424
-1
425
6
426
119
427
27
428
30
429
-1
430
169
431
51
432
94
433
64
434
-1
435
26
436
67
437
134
438
34
439
-1
440
19
441
36
442
1
443
4
444
-1
445
176
446
116
447
133
448
134
449
-1
450
156
451
152
452
79
453
163
454
-1
455
100
456
84
457
97
458
161
459
-1
460
87
461
168
462
129
463
47
464
-1
465
97
466
40
467
95
468
162
469
-1
470
83
471
25
472
38
473
38
474
-1
475
71
476
108
477
179
478
33
479
-1
480
5
481
140
482
47
483
126
484
-1
485
160
486
71
487
154
488
76
489
-1
490
56
491
68
492
147
493
76
494
-1
495
171
496
15
497
172
498
96
499
-1
500
12
501
45
502
174
503
64
504
-1
505
86
506
15
507
103
508
160
509
-1
510
114
511
86
512
37
513
155
514
-1
515
113
516
133
517
26
518
77
519
-1
520
134
521
69
522
68
523
89
524
-1
525
23
526
176
527
66
528
96
529
-1
530
14
531
33
532
84
533
176
534
-1
535
178
536
147
537
124
538
16
539
-1
540
30
541
165
542
163
543
166
544
-1
545
52
546
77
547
27
548
20
549
-1
550
127
551
71
552
132
553
112
554
-1
555
54
556
139
557
100
558
144
559
-1
560
151
561
22
562
10
563
70
564
-1
565
96
566
117
567
23
568
46
569
-1
570
141
571
14
572
46
573
141
574
-1
575
46
576
113
577
0
578
0
579
-1
580
159
581
42
582
58
583
17
584
-1
585
136
586
91
587
174
588
177
589
-1
590
21
591
115
592
176
593
5
594
-1
595
80
596
131
597
29
598
30
599
-1
600
131
601
93
602
57
603
14
604
-1
605
27
606
24
607
88
608
137
609
-1
610
72
611
148
612
126
613
99
614
-1
615
159
616
163
617
21
618
49
619
-1
620
36
621
69
622
113
623
165
624
-1
625
91
626
131
627
129
628
94
629
-1
630
146
631
95
632
114
633
51
634
-1
635
109
636
162
637
112
638
96
639
-1
640
161
641
101
642
99
643
23
644
-1
645
161
646
22
647
60
648
81
649
-1
650
93
651
152
652
80
653
104
654
-1
655
67
656
41
657
129
658
103
659
-1
660
45
661
121
662
52
663
13
664
-1
665
145
666
87
667
55
668
72
669
-1
670
47
671
34
672
46
673
146
674
-1
675
18
676
0
677
77
678
120
679
-1
680
129
681
153
682
124
683
172
684
-1
685
3
686
116
687
111
688
98
689
-1
690
49
691
125
692
166
693
150
694
-1
695
157
696
3
697
30
698
4
699
-1
700
142
701
103
702
57
703
169
704
-1
705
1
706
140
707
96
708
13
709
-1
710
127
711
70
712
173
713
78
714
-1
715
82
716
159
717
96
718
4
719
-1
720
26
721
139
722
97
723
116
724
-1
725
117
726
150
727
35
728
37
729
-1
730
17
731
44
732
67
733
74
734
-1
735
129
736
37
737
21
738
174
739
-1
740
144
741
47
742
73
743
163
744
-1
745
174
746
178
747
171
748
102
749
-1
750
155
751
119
752
135
753
50
754
-1
755
110
756
138
757
82
758
38
759
-1
760
173
761
88
762
10
763
74
764
-1
765
36
766
21
767
22
768
81
769
-1
770
115
771
14
772
80
773
11
774
-1
775
168
776
89
777
82
778
28
779
-1
780
24
781
111
782
21
783
48
784
-1
785
132
786
103
787
26
788
43
789
-1
790
136
791
11
792
8
793
75
794
-1
795
13
796
165
797
88
798
106
799
-1
800
140
801
100
802
41
803
134
804
-1
805
23
806
143
807
97
808
135
809
-1
810
25
811
72
812
30
813
23
814
-1
815
161
816
43
817
87
818
118
819
-1
820
168
821
143
822
83
823
56
824
-1
825
136
826
108
827
69
828
115
829
-1
830
107
831
141
832
171
833
14
834
-1
835
15
836
139
837
141
838
19
839
-1
840
90
841
13
842
173
843
46
844
-1
845
81
846
26
847
19
848
146
849
-1
850
58
851
163
852
154
853
28
854
-1
855
50
856
27
857
26
858
155
859
-1
860
68
861
120
862
32
863
20
864
-1
865
1
866
56
867
80
868
28
869
-1
870
44
871
179
872
113
873
146
874
-1
875
111
876
45
877
15
878
117
879
-1
880
89
881
151
882
97
883
166
884
-1
885
72
886
54
887
106
888
6
889
-1
890
143
891
36
892
93
893
58
894
-1
895
108
896
10
897
150
898
49
899
-1
900
56
901
125
902
99
903
121
904
-1
905
42
906
77
907
72
908
125
909
-1
910
111
911
138
912
114
913
126
914
-1
915
17
916
111
917
172
918
31
919
-1
920
71
921
159
922
141
923
112
924
-1
925
42
926
94
927
0
928
41
929
-1
930
140
931
75
932
155
933
7
934
-1
935
65
936
47
937
167
938
174
939
-1
940
75
941
176
942
172
943
74
944
-1
945
163
946
64
947
105
948
104
949
-1
950
32
951
132
952
33
953
146
954
-1
955
153
956
140
957
34
958
145
959
-1
960
106
961
144
962
176
963
133
964
-1
965
23
966
129
967
168
968
81
969
-1
970
113
971
108
972
154
973
171
974
-1
975
173
976
118
977
152
978
59
979
-1
980
16
981
156
982
57
983
85
984
-1
985
28
986
48
987
137
988
50
989
-1
990
169
991
174
992
176
993
78
994
-1
995
138
996
54
997
41
998
154
999
-1
