********************************************************************************
The planted motif0 is:
GTGACTATCACGCTTTCTAAA
0
108
1
7
2
35
3
127
4
-1
5
149
6
73
7
24
8
60
9
-1
10
93
11
132
12
13
13
33
14
-1
15
159
16
29
17
36
18
118
19
-1
20
163
21
56
22
19
23
150
24
-1
25
87
26
38
27
105
28
32
29
-1
30
129
31
156
32
120
33
129
34
-1
35
32
36
6
37
54
38
62
39
-1
40
100
41
133
42
42
43
127
44
-1
45
13
46
79
47
98
48
140
49
-1
50
164
51
70
52
51
53
42
54
-1
55
10
56
13
57
171
58
94
59
-1
60
69
61
44
62
34
63
127
64
-1
65
15
66
29
67
158
68
38
69
-1
70
68
71
49
72
176
73
50
74
-1
75
104
76
63
77
38
78
73
79
-1
80
151
81
112
82
179
83
107
84
-1
85
112
86
148
87
13
88
40
89
-1
90
117
91
145
92
112
93
106
94
-1
95
143
96
172
97
163
98
149
99
-1
100
11
101
70
102
63
103
137
104
-1
105
100
106
147
107
58
108
83
109
-1
110
103
111
88
112
107
113
137
114
-1
115
96
116
90
117
9
118
89
119
-1
120
35
121
138
122
60
123
170
124
-1
125
150
126
69
127
146
128
73
129
-1
130
112
131
20
132
51
133
141
134
-1
135
58
136
177
137
100
138
75
139
-1
140
144
141
166
142
144
143
41
144
-1
145
44
146
137
147
60
148
42
149
-1
150
26
151
108
152
123
153
87
154
-1
155
158
156
134
157
49
158
97
159
-1
160
179
161
142
162
81
163
121
164
-1
165
119
166
166
167
52
168
64
169
-1
170
79
171
104
172
114
173
57
174
-1
175
59
176
30
177
96
178
130
179
-1
180
170
181
7
182
145
183
31
184
-1
185
18
186
172
187
169
188
50
189
-1
190
17
191
150
192
167
193
137
194
-1
195
30
196
66
197
80
198
129
199
-1
200
51
201
58
202
116
203
64
204
-1
205
87
206
115
207
41
208
81
209
-1
210
7
211
30
212
151
213
139
214
-1
215
61
216
45
217
95
218
152
219
-1
220
22
221
149
222
64
223
31
224
-1
225
132
226
78
227
155
228
24
229
-1
230
98
231
114
232
49
233
92
234
-1
235
27
236
118
237
68
238
15
239
-1
240
62
241
23
242
14
243
7
244
-1
245
51
246
127
247
46
248
64
249
-1
250
55
251
44
252
95
253
164
254
-1
255
96
256
97
257
58
258
61
259
-1
260
67
261
77
262
167
263
161
264
-1
265
40
266
141
267
100
268
30
269
-1
270
55
271
106
272
40
273
34
274
-1
275
146
276
178
277
177
278
51
279
-1
280
175
281
65
282
114
283
47
284
-1
285
40
286
70
287
11
288
3
289
-1
290
22
291
149
292
11
293
111
294
-1
295
144
296
115
297
98
298
142
299
-1
300
27
301
70
302
10
303
143
304
-1
305
2
306
61
307
167
308
1
309
-1
310
128
311
16
312
58
313
16
314
-1
315
77
316
93
317
77
318
165
319
-1
320
67
321
94
322
16
323
89
324
-1
325
52
326
17
327
73
328
63
329
-1
330
63
331
80
332
179
333
96
334
-1
335
122
336
60
337
155
338
154
339
-1
340
88
341
158
342
90
343
32
344
-1
345
151
346
7
347
45
348
16
349
-1
350
64
351
154
352
122
353
0
354
-1
355
95
356
96
357
46
358
25
359
-1
360
64
361
135
362
111
363
123
364
-1
365
94
366
22
367
59
368
120
369
-1
370
141
371
106
372
69
373
85
374
-1
375
56
376
68
377
93
378
64
379
-1
380
12
381
129
382
68
383
17
384
-1
385
83
386
170
387
43
388
175
389
-1
390
26
391
29
392
88
393
142
394
-1
395
66
396
49
397
115
398
67
399
-1
400
117
401
73
402
169
403
123
404
-1
405
72
406
131
407
97
408
4
409
-1
410
92
411
118
412
119
413
54
414
-1
415
146
416
17
417
62
418
20
419
-1
420
18
421
86
422
49
423
17
424
-1
425
176
426
136
427
161
428
51
429
-1
430
3
431
138
432
67
433
82
434
-1
435
160
436
50
437
36
438
118
439
-1
440
1
441
167
442
85
443
83
444
-1
445
78
446
169
447
162
448
177
449
-1
450
85
451
15
452
130
453
6
454
-1
455
119
456
27
457
30
458
169
459
-1
460
51
461
94
462
64
463
26
464
-1
465
67
466
134
467
34
468
19
469
-1
470
36
471
1
472
4
473
176
474
-1
475
116
476
133
477
134
478
156
479
-1
480
152
481
79
482
163
483
100
484
-1
485
84
486
97
487
161
488
87
489
-1
490
168
491
129
492
47
493
97
494
-1
495
40
496
95
497
162
498
83
499
-1
500
25
501
38
502
38
503
71
504
-1
505
108
506
179
507
33
508
5
509
-1
510
140
511
47
512
126
513
160
514
-1
515
71
516
154
517
76
518
56
519
-1
520
68
521
147
522
76
523
171
524
-1
525
15
526
172
527
96
528
12
529
-1
530
45
531
174
532
64
533
86
534
-1
535
15
536
103
537
160
538
114
539
-1
540
86
541
37
542
155
543
113
544
-1
545
133
546
26
547
77
548
134
549
-1
550
69
551
68
552
89
553
23
554
-1
555
176
556
66
557
96
558
14
559
-1
560
33
561
84
562
176
563
178
564
-1
565
147
566
124
567
16
568
30
569
-1
570
165
571
163
572
166
573
52
574
-1
575
77
576
27
577
20
578
127
579
-1
580
71
581
132
582
112
583
54
584
-1
585
139
586
100
587
144
588
151
589
-1
590
22
591
10
592
70
593
96
594
-1
595
117
596
23
597
46
598
141
599
-1
600
14
601
46
602
141
603
46
604
-1
605
113
606
0
607
0
608
159
609
-1
610
42
611
58
612
17
613
136
614
-1
615
91
616
174
617
177
618
21
619
-1
620
115
621
176
622
5
623
80
624
-1
625
131
626
29
627
30
628
131
629
-1
630
93
631
57
632
14
633
27
634
-1
635
24
636
88
637
137
638
72
639
-1
640
148
641
126
642
99
643
159
644
-1
645
163
646
21
647
49
648
36
649
-1
650
69
651
113
652
165
653
91
654
-1
655
131
656
129
657
94
658
146
659
-1
660
95
661
114
662
51
663
109
664
-1
665
162
666
112
667
96
668
161
669
-1
670
101
671
99
672
23
673
161
674
-1
675
22
676
60
677
81
678
93
679
-1
680
152
681
80
682
104
683
67
684
-1
685
41
686
129
687
103
688
45
689
-1
690
121
691
52
692
13
693
145
694
-1
695
87
696
55
697
72
698
47
699
-1
700
34
701
46
702
146
703
18
704
-1
705
0
706
77
707
120
708
129
709
-1
710
153
711
124
712
172
713
3
714
-1
715
116
716
111
717
98
718
49
719
-1
720
125
721
166
722
150
723
157
724
-1
725
3
726
30
727
4
728
142
729
-1
730
103
731
57
732
169
733
1
734
-1
735
140
736
96
737
13
738
127
739
-1
740
70
741
173
742
78
743
82
744
-1
745
159
746
96
747
4
748
26
749
-1
750
139
751
97
752
116
753
117
754
-1
755
150
756
35
757
37
758
17
759
-1
760
44
761
67
762
74
763
129
764
-1
765
37
766
21
767
174
768
144
769
-1
770
47
771
73
772
163
773
174
774
-1
775
178
776
171
777
102
778
155
779
-1
780
119
781
135
782
50
783
110
784
-1
785
138
786
82
787
38
788
173
789
-1
790
88
791
10
792
74
793
36
794
-1
795
21
796
22
797
81
798
115
799
-1
800
14
801
80
802
11
803
168
804
-1
805
89
806
82
807
28
808
24
809
-1
810
111
811
21
812
48
813
132
814
-1
815
103
816
26
817
43
818
136
819
-1
820
11
821
8
822
75
823
13
824
-1
825
165
826
88
827
106
828
140
829
-1
830
100
831
41
832
134
833
23
834
-1
835
143
836
97
837
135
838
25
839
-1
840
72
841
30
842
23
843
161
844
-1
845
43
846
87
847
118
848
168
849
-1
850
143
851
83
852
56
853
136
854
-1
855
108
856
69
857
115
858
107
859
-1
860
141
861
171
862
14
863
15
864
-1
865
139
866
141
867
19
868
90
869
-1
870
13
871
173
872
46
873
81
874
-1
875
26
876
19
877
146
878
58
879
-1
880
163
881
154
882
28
883
50
884
-1
885
27
886
26
887
155
888
68
889
-1
890
120
891
32
892
20
893
1
894
-1
895
56
896
80
897
28
898
44
899
-1
900
179
901
113
902
146
903
111
904
-1
905
45
906
15
907
117
908
89
909
-1
910
151
911
97
912
166
913
72
914
-1
915
54
916
106
917
6
918
143
919
-1
920
36
921
93
922
58
923
108
924
-1
925
10
926
150
927
49
928
56
929
-1
930
125
931
99
932
121
933
42
934
-1
935
77
936
72
937
125
938
111
939
-1
940
138
941
114
942
126
943
17
944
-1
945
111
946
172
947
31
948
71
949
-1
950
159
951
141
952
112
953
42
954
-1
955
94
956
0
957
41
958
140
959
-1
960
75
961
155
962
7
963
65
964
-1
965
47
966
167
967
174
968
75
969
-1
970
176
971
172
972
74
973
163
974
-1
975
64
976
105
977
104
978
32
979
-1
980
132
981
33
982
146
983
153
984
-1
985
140
986
34
987
145
988
106
989
-1
990
144
991
176
992
133
993
23
994
-1
995
129
996
168
997
81
998
113
999
-1
1000
108
1001
154
1002
171
1003
173
1004
-1
1005
118
1006
152
1007
59
1008
16
1009
-1
1010
156
1011
57
1012
85
1013
28
1014
-1
1015
48
1016
137
1017
50
1018
169
1019
-1
1020
174
1021
176
1022
78
1023
138
1024
-1
1025
54
1026
41
1027
154
1028
122
1029
-1
1030
58
1031
143
1032
43
1033
67
1034
-1
1035
130
1036
141
1037
74
1038
87
1039
-1
1040
50
1041
161
1042
147
1043
140
1044
-1
1045
25
1046
167
1047
106
1048
9
1049
-1
1050
157
1051
101
1052
42
1053
62
1054
-1
1055
52
1056
67
1057
167
1058
19
1059
-1
1060
175
1061
125
1062
40
1063
81
1064
-1
1065
50
1066
146
1067
26
1068
20
1069
-1
1070
53
1071
28
1072
28
1073
59
1074
-1
1075
0
1076
147
1077
27
1078
143
1079
-1
1080
138
1081
116
1082
73
1083
131
1084
-1
1085
81
1086
18
1087
3
1088
154
1089
-1
1090
17
1091
134
1092
166
1093
6
1094
-1
1095
44
1096
49
1097
144
1098
129
1099
-1
1100
20
1101
98
1102
11
1103
114
1104
-1
1105
65
1106
20
1107
25
1108
39
1109
-1
1110
3
1111
52
1112
154
1113
16
1114
-1
1115
88
1116
175
1117
165
1118
29
1119
-1
1120
76
1121
87
1122
137
1123
57
1124
-1
1125
32
1126
178
1127
126
1128
9
1129
-1
1130
12
1131
42
1132
177
1133
74
1134
-1
1135
119
1136
62
1137
31
1138
58
1139
-1
1140
80
1141
105
1142
99
1143
125
1144
-1
1145
62
1146
90
1147
129
1148
81
1149
-1
1150
63
1151
33
1152
19
1153
67
1154
-1
1155
46
1156
123
1157
159
1158
51
1159
-1
1160
58
1161
54
1162
179
1163
4
1164
-1
1165
89
1166
13
1167
35
1168
156
1169
-1
1170
40
1171
47
1172
135
1173
54
1174
-1
1175
83
1176
90
1177
71
1178
112
1179
-1
1180
164
1181
97
1182
140
1183
135
1184
-1
1185
128
1186
77
1187
65
1188
126
1189
-1
1190
92
1191
57
1192
103
1193
85
1194
-1
1195
106
1196
58
1197
70
1198
179
1199
-1
1200
111
1201
76
1202
38
1203
150
1204
-1
1205
34
1206
151
1207
161
1208
104
1209
-1
1210
23
1211
156
1212
30
1213
146
1214
-1
1215
100
1216
66
1217
36
1218
165
1219
-1
1220
90
1221
69
1222
43
1223
177
1224
-1
1225
73
1226
66
1227
67
1228
119
1229
-1
1230
156
1231
142
1232
99
1233
97
1234
-1
1235
91
1236
35
1237
13
1238
66
1239
-1
1240
113
1241
137
1242
114
1243
159
1244
-1
1245
172
1246
17
1247
178
1248
106
1249
-1
1250
49
1251
171
1252
126
1253
175
1254
-1
1255
151
1256
95
1257
148
1258
96
1259
-1
1260
59
1261
119
1262
32
1263
141
1264
-1
1265
163
1266
63
1267
48
1268
27
1269
-1
1270
58
1271
178
1272
18
1273
150
1274
-1
1275
32
1276
107
1277
13
1278
64
1279
-1
1280
162
1281
85
1282
26
1283
151
1284
-1
1285
27
1286
77
1287
119
1288
128
1289
-1
1290
26
1291
33
1292
78
1293
85
1294
-1
1295
93
1296
116
1297
4
1298
47
1299
-1
1300
43
1301
92
1302
28
1303
119
1304
-1
1305
17
1306
38
1307
171
1308
60
1309
-1
1310
36
1311
168
1312
78
1313
27
1314
-1
1315
40
1316
166
1317
70
1318
172
1319
-1
1320
108
1321
18
1322
164
1323
70
1324
-1
1325
158
1326
84
1327
68
1328
114
1329
-1
1330
155
1331
63
1332
87
1333
131
1334
-1
1335
29
1336
177
1337
23
1338
86
1339
-1
1340
17
1341
117
1342
141
1343
46
1344
-1
1345
81
1346
153
1347
130
1348
23
1349
-1
1350
103
1351
42
1352
119
1353
41
1354
-1
1355
82
1356
93
1357
90
1358
158
1359
-1
1360
148
1361
170
1362
139
1363
90
1364
-1
1365
61
1366
1
1367
153
1368
107
1369
-1
1370
31
1371
35
1372
13
1373
44
1374
-1
1375
38
1376
41
1377
98
1378
153
1379
-1
1380
154
1381
160
1382
80
1383
160
1384
-1
1385
109
1386
77
1387
60
1388
138
1389
-1
1390
87
1391
134
1392
2
1393
170
1394
-1
1395
173
1396
1
1397
160
1398
143
1399
-1
1400
75
1401
34
1402
98
1403
141
1404
-1
1405
133
1406
107
1407
158
1408
25
1409
-1
1410
99
1411
106
1412
64
1413
135
1414
-1
1415
129
1416
107
1417
167
1418
90
1419
-1
1420
107
1421
140
1422
43
1423
179
1424
-1
1425
76
1426
87
1427
173
1428
93
1429
-1
1430
41
1431
47
1432
130
1433
134
1434
-1
1435
62
1436
20
1437
14
1438
80
1439
-1
1440
21
1441
117
1442
147
1443
66
1444
-1
1445
50
1446
96
1447
96
1448
128
1449
-1
1450
144
1451
147
1452
48
1453
162
1454
-1
1455
145
1456
155
1457
156
1458
0
1459
-1
1460
132
1461
136
1462
138
1463
81
1464
-1
1465
132
1466
162
1467
155
1468
37
1469
-1
1470
131
1471
106
1472
10
1473
90
1474
-1
1475
165
1476
14
1477
113
1478
83
1479
-1
1480
163
1481
69
1482
115
1483
174
1484
-1
1485
168
1486
47
1487
128
1488
7
1489
-1
1490
104
1491
75
1492
13
1493
163
1494
-1
1495
57
1496
174
1497
93
1498
34
1499
-1
1500
127
1501
17
1502
25
1503
179
1504
-1
1505
133
1506
62
1507
139
1508
61
1509
-1
1510
28
1511
86
1512
71
1513
157
1514
-1
1515
112
1516
43
1517
8
1518
8
1519
-1
1520
118
1521
141
1522
120
1523
10
1524
-1
1525
20
1526
140
1527
168
1528
54
1529
-1
1530
135
1531
161
1532
148
1533
104
1534
-1
1535
74
1536
25
1537
104
1538
167
1539
-1
1540
139
1541
7
1542
52
1543
110
1544
-1
1545
155
1546
177
1547
14
1548
14
1549
-1
1550
127
1551
145
1552
3
1553
39
1554
-1
1555
8
1556
154
1557
65
1558
14
1559
-1
1560
75
1561
3
1562
143
1563
149
1564
-1
1565
46
1566
131
1567
8
1568
175
1569
-1
1570
28
1571
86
1572
22
1573
38
1574
-1
1575
105
1576
111
1577
34
1578
24
1579
-1
1580
4
1581
160
1582
10
1583
1
1584
-1
1585
179
1586
17
1587
18
1588
49
1589
-1
1590
161
1591
148
1592
95
1593
24
1594
-1
1595
66
1596
124
1597
39
1598
143
1599
-1
1600
147
1601
105
1602
43
1603
137
1604
-1
1605
105
1606
123
1607
157
1608
156
1609
-1
1610
116
1611
87
1612
70
1613
24
1614
-1
1615
99
1616
63
1617
80
1618
82
1619
-1
1620
52
1621
122
1622
116
1623
0
1624
-1
1625
149
1626
114
1627
101
1628
173
1629
-1
1630
175
1631
66
1632
81
1633
126
1634
-1
1635
55
1636
110
1637
133
1638
149
1639
-1
1640
112
1641
84
1642
127
1643
31
1644
-1
1645
12
1646
50
1647
157
1648
36
1649
-1
1650
67
1651
59
1652
116
1653
76
1654
-1
1655
99
1656
80
1657
175
1658
17
1659
-1
1660
110
1661
123
1662
111
1663
96
1664
-1
1665
141
1666
120
1667
132
1668
172
1669
-1
1670
125
1671
75
1672
141
1673
112
1674
-1
1675
21
1676
80
1677
123
1678
51
1679
-1
1680
179
1681
36
1682
144
1683
0
1684
-1
1685
54
1686
49
1687
123
1688
49
1689
-1
1690
43
1691
16
1692
46
1693
44
1694
-1
1695
21
1696
59
1697
123
1698
0
1699
-1
1700
30
1701
61
1702
50
1703
90
1704
-1
1705
10
1706
77
1707
106
1708
164
1709
-1
1710
24
1711
146
1712
106
1713
41
1714
-1
1715
105
1716
73
1717
146
1718
137
1719
-1
1720
79
1721
103
1722
107
1723
153
1724
-1
1725
127
1726
146
1727
178
1728
45
1729
-1
1730
20
1731
66
1732
33
1733
121
1734
-1
1735
6
1736
66
1737
83
1738
9
1739
-1
1740
89
1741
142
1742
2
1743
108
1744
-1
1745
39
1746
8
1747
76
1748
109
1749
-1
1750
10
1751
124
1752
132
1753
93
1754
-1
1755
144
1756
49
1757
162
1758
179
1759
-1
1760
22
1761
16
1762
104
1763
155
1764
-1
1765
129
1766
142
1767
21
1768
94
1769
-1
1770
41
1771
171
1772
30
1773
178
1774
-1
1775
99
1776
94
1777
175
1778
127
1779
-1
1780
25
1781
85
1782
32
1783
14
1784
-1
1785
63
1786
75
1787
148
1788
3
1789
-1
1790
147
1791
60
1792
56
1793
58
1794
-1
1795
3
1796
56
1797
41
1798
176
1799
-1
1800
21
1801
34
1802
20
1803
39
1804
-1
1805
10
1806
99
1807
150
1808
43
1809
-1
1810
149
1811
58
1812
38
1813
116
1814
-1
1815
123
1816
158
1817
106
1818
63
1819
-1
1820
6
1821
150
1822
20
1823
150
1824
-1
1825
127
1826
51
1827
79
1828
147
1829
-1
1830
24
1831
97
1832
176
1833
160
1834
-1
1835
92
1836
68
1837
41
1838
39
1839
-1
1840
0
1841
37
1842
166
1843
6
1844
-1
1845
88
1846
84
1847
12
1848
68
1849
-1
1850
1
1851
23
1852
135
1853
81
1854
-1
1855
84
1856
45
1857
123
1858
160
1859
-1
1860
78
1861
158
1862
97
1863
77
1864
-1
1865
34
1866
85
1867
140
1868
1
1869
-1
1870
94
1871
43
1872
150
1873
156
1874
-1
1875
138
1876
4
1877
137
1878
80
1879
-1
1880
96
1881
106
1882
59
1883
161
1884
-1
1885
97
1886
85
1887
3
1888
129
1889
-1
1890
57
1891
54
1892
83
1893
91
1894
-1
1895
81
1896
63
1897
16
1898
168
1899
-1
1900
125
1901
116
1902
148
1903
124
1904
-1
1905
5
1906
7
1907
120
1908
129
1909
-1
1910
11
1911
171
1912
70
1913
45
1914
-1
1915
24
1916
57
1917
97
1918
29
1919
-1
1920
74
1921
138
1922
164
1923
30
1924
-1
1925
29
1926
140
1927
94
1928
130
1929
-1
1930
33
1931
144
1932
117
1933
80
1934
-1
1935
140
1936
51
1937
77
1938
171
1939
-1
1940
99
1941
123
1942
156
1943
133
1944
-1
1945
125
1946
54
1947
38
1948
111
1949
-1
1950
86
1951
4
1952
31
1953
156
1954
-1
1955
64
1956
85
1957
54
1958
58
1959
-1
1960
31
1961
167
1962
158
1963
61
1964
-1
1965
139
1966
69
1967
5
1968
113
1969
-1
1970
136
1971
74
1972
135
1973
96
1974
-1
1975
121
1976
104
1977
122
1978
124
1979
-1
1980
59
1981
51
1982
76
1983
129
1984
-1
1985
76
1986
113
1987
39
1988
165
1989
-1
1990
117
1991
49
1992
79
1993
153
1994
-1
1995
1
1996
82
1997
113
1998
107
1999
-1
