********************************************************************************
The planted motif0 is:
AGCCGAGAC
0
179
1
73
2
68
3
110
4
-1
5
112
6
110
7
133
8
127
9
-1
10
28
11
138
12
41
13
42
14
-1
15
73
16
24
17
42
18
161
19
-1
20
133
21
156
22
148
23
152
24
-1
25
51
26
60
27
39
28
74
29
-1
30
135
31
4
32
40
33
185
34
-1
35
165
36
175
37
108
38
44
39
-1
40
123
41
55
42
141
43
162
44
-1
45
64
46
68
47
38
48
174
49
-1
50
35
51
5
52
148
53
41
54
-1
55
146
56
65
57
125
58
16
59
-1
60
150
61
5
62
146
63
63
64
-1
65
80
66
47
67
166
68
57
69
-1
70
176
71
74
72
153
73
90
74
-1
75
26
76
129
77
20
78
118
79
-1
80
128
81
111
82
59
83
142
84
-1
85
141
86
54
87
106
88
129
89
-1
90
102
91
69
92
70
93
135
94
-1
95
152
96
22
97
131
98
121
99
-1
100
133
101
138
102
130
103
142
104
-1
105
37
106
97
107
172
108
132
109
-1
110
18
111
28
112
51
113
33
114
-1
115
113
116
30
117
18
118
21
119
-1
120
187
121
129
122
7
123
144
124
-1
125
69
126
1
127
11
128
65
129
-1
130
35
131
49
132
12
133
100
134
-1
135
25
136
126
137
150
138
100
139
-1
140
76
141
51
142
99
143
95
144
-1
145
20
146
186
147
51
148
23
149
-1
150
188
151
153
152
152
153
183
154
-1
155
41
156
84
157
19
158
143
159
-1
160
85
161
72
162
93
163
172
164
-1
165
63
166
147
167
134
168
85
169
-1
170
8
171
50
172
124
173
83
174
-1
175
85
176
94
177
34
178
157
179
-1
180
12
181
16
182
91
183
126
184
-1
185
140
186
41
187
104
188
150
189
-1
190
38
191
131
192
67
193
38
194
-1
195
132
196
87
197
159
198
123
199
-1
200
162
201
191
202
161
203
165
204
-1
205
107
206
128
207
15
208
1
209
-1
210
85
211
94
212
144
213
100
214
-1
215
12
216
3
217
185
218
55
219
-1
220
20
221
112
222
7
223
53
224
-1
225
142
226
52
227
182
228
127
229
-1
230
183
231
117
232
152
233
159
234
-1
235
16
236
23
237
89
238
1
239
-1
240
99
241
117
242
170
243
38
244
-1
245
35
246
47
247
58
248
105
249
-1
250
19
251
57
252
132
253
14
254
-1
255
93
256
81
257
69
258
52
259
-1
260
140
261
42
262
127
263
39
264
-1
265
34
266
133
267
143
268
129
269
-1
270
140
271
167
272
102
273
92
274
-1
275
154
276
143
277
175
278
120
279
-1
280
86
281
125
282
68
283
78
284
-1
285
116
286
69
287
118
288
28
289
-1
290
74
291
46
292
170
293
160
294
-1
295
152
296
45
297
8
298
83
299
-1
300
90
301
83
302
115
303
14
304
-1
305
44
306
129
307
34
308
9
309
-1
310
35
311
50
312
79
313
30
314
-1
315
161
316
71
317
169
318
100
319
-1
320
72
321
167
322
140
323
81
324
-1
325
77
326
61
327
16
328
158
329
-1
330
111
331
18
332
8
333
177
334
-1
335
165
336
125
337
0
338
70
339
-1
340
72
341
68
342
147
343
129
344
-1
345
7
346
151
347
103
348
117
349
-1
350
45
351
143
352
72
353
43
354
-1
355
189
356
139
357
123
358
112
359
-1
360
17
361
91
362
129
363
168
364
-1
365
90
366
64
367
58
368
190
369
-1
370
172
371
63
372
63
373
77
374
-1
375
131
376
177
377
116
378
132
379
-1
380
75
381
86
382
39
383
66
384
-1
385
98
386
99
387
78
388
24
389
-1
390
191
391
26
392
32
393
137
394
-1
395
165
396
71
397
61
398
148
399
-1
400
131
401
101
402
41
403
133
404
-1
405
28
406
123
407
131
408
17
409
-1
410
129
411
107
412
6
413
126
414
-1
415
12
416
158
417
20
418
9
419
-1
420
28
421
24
422
68
423
146
424
-1
425
143
426
123
427
23
428
12
429
-1
430
99
431
13
432
115
433
123
434
-1
435
175
436
189
437
108
438
143
439
-1
440
127
441
13
442
170
443
103
444
-1
445
20
446
128
447
100
448
111
449
-1
450
173
451
189
452
63
453
168
454
-1
455
3
456
104
457
17
458
65
459
-1
460
123
461
29
462
144
463
161
464
-1
465
15
466
158
467
57
468
97
469
-1
470
3
471
83
472
30
473
1
474
-1
475
115
476
118
477
27
478
153
479
-1
480
22
481
109
482
118
483
171
484
-1
485
173
486
125
487
118
488
169
489
-1
490
95
491
91
492
11
493
185
494
-1
495
95
496
180
497
128
498
22
499
-1
500
141
501
104
502
160
503
160
504
-1
505
7
506
57
507
55
508
79
509
-1
510
32
511
1
512
97
513
18
514
-1
515
60
516
80
517
101
518
79
519
-1
520
159
521
32
522
12
523
100
524
-1
525
26
526
166
527
154
528
27
529
-1
530
100
531
58
532
77
533
139
534
-1
535
16
536
34
537
167
538
65
539
-1
540
156
541
145
542
53
543
138
544
-1
545
0
546
161
547
93
548
54
549
-1
550
177
551
128
552
37
553
43
554
-1
555
135
556
164
557
128
558
106
559
-1
560
127
561
41
562
38
563
95
564
-1
565
120
566
104
567
60
568
63
569
-1
570
176
571
168
572
182
573
21
574
-1
575
141
576
189
577
0
578
115
579
-1
580
142
581
45
582
162
583
53
584
-1
585
164
586
163
587
44
588
106
589
-1
590
144
591
145
592
127
593
85
594
-1
595
141
596
83
597
57
598
15
599
-1
600
12
601
90
602
163
603
14
604
-1
605
112
606
178
607
64
608
70
609
-1
610
10
611
85
612
94
613
186
614
-1
615
66
616
172
617
126
618
96
619
-1
620
80
621
131
622
96
623
32
624
-1
625
133
626
7
627
31
628
87
629
-1
630
115
631
99
632
145
633
43
634
-1
635
155
636
19
637
183
638
119
639
-1
640
115
641
69
642
76
643
22
644
-1
645
60
646
150
647
171
648
36
649
-1
650
81
651
49
652
35
653
10
654
-1
655
31
656
71
657
59
658
92
659
-1
660
120
661
186
662
139
663
89
664
-1
665
184
666
112
667
111
668
130
669
-1
670
163
671
111
672
138
673
146
674
-1
675
81
676
170
677
122
678
151
679
-1
680
182
681
120
682
95
683
116
684
-1
685
164
686
53
687
85
688
24
689
-1
690
179
691
73
692
186
693
18
694
-1
695
152
696
177
697
174
698
17
699
-1
700
30
701
101
702
51
703
107
704
-1
705
21
706
109
707
122
708
151
709
-1
710
133
711
176
712
68
713
134
714
-1
715
163
716
99
717
3
718
65
719
-1
720
145
721
27
722
159
723
20
724
-1
725
131
726
61
727
188
728
175
729
-1
730
120
731
153
732
148
733
159
734
-1
735
146
736
185
737
18
738
157
739
-1
740
23
741
123
742
107
743
17
744
-1
745
87
746
53
747
114
748
75
749
-1
750
43
751
156
752
96
753
70
754
-1
755
74
756
62
757
156
758
92
759
-1
760
30
761
85
762
142
763
71
764
-1
765
174
766
53
767
53
768
36
769
-1
770
69
771
53
772
83
773
8
774
-1
775
116
776
125
777
0
778
162
779
-1
780
93
781
162
782
15
783
77
784
-1
785
65
786
190
787
0
788
107
789
-1
790
44
791
80
792
145
793
102
794
-1
795
187
796
169
797
169
798
111
799
-1
800
29
801
182
802
33
803
190
804
-1
805
40
806
78
807
50
808
67
809
-1
810
152
811
45
812
161
813
129
814
-1
815
179
816
173
817
23
818
167
819
-1
820
99
821
79
822
3
823
72
824
-1
825
156
826
71
827
58
828
158
829
-1
830
103
831
141
832
0
833
94
834
-1
835
118
836
64
837
177
838
169
839
-1
840
66
841
38
842
23
843
42
844
-1
845
79
846
125
847
6
848
183
849
-1
850
139
851
86
852
180
853
74
854
-1
855
83
856
21
857
18
858
52
859
-1
860
159
861
76
862
116
863
159
864
-1
865
21
866
128
867
124
868
30
869
-1
870
53
871
23
872
185
873
72
874
-1
875
16
876
41
877
147
878
184
879
-1
880
65
881
177
882
41
883
70
884
-1
885
83
886
53
887
55
888
163
889
-1
890
126
891
187
892
178
893
134
894
-1
895
99
896
117
897
48
898
84
899
-1
900
165
901
132
902
94
903
120
904
-1
905
163
906
45
907
121
908
20
909
-1
910
13
911
98
912
185
913
58
914
-1
915
79
916
123
917
109
918
179
919
-1
920
97
921
131
922
78
923
108
924
-1
925
133
926
60
927
131
928
126
929
-1
930
56
931
38
932
94
933
175
934
-1
935
67
936
176
937
133
938
45
939
-1
940
169
941
131
942
16
943
151
944
-1
945
70
946
63
947
34
948
167
949
-1
950
47
951
133
952
79
953
136
954
-1
955
104
956
100
957
63
958
153
959
-1
960
114
961
40
962
184
963
48
964
-1
965
187
966
77
967
19
968
160
969
-1
970
68
971
75
972
165
973
49
974
-1
975
17
976
146
977
142
978
162
979
-1
980
97
981
187
982
131
983
73
984
-1
985
164
986
175
987
82
988
44
989
-1
990
184
991
23
992
81
993
168
994
-1
995
18
996
171
997
176
998
169
999
-1
1000
83
1001
101
1002
146
1003
60
1004
-1
1005
40
1006
13
1007
156
1008
85
1009
-1
1010
179
1011
69
1012
101
1013
68
1014
-1
1015
47
1016
39
1017
86
1018
44
1019
-1
1020
139
1021
125
1022
78
1023
172
1024
-1
1025
154
1026
102
1027
16
1028
2
1029
-1
1030
22
1031
93
1032
114
1033
27
1034
-1
1035
83
1036
181
1037
149
1038
177
1039
-1
1040
111
1041
47
1042
158
1043
15
1044
-1
1045
11
1046
32
1047
91
1048
124
1049
-1
1050
124
1051
76
1052
88
1053
10
1054
-1
1055
57
1056
104
1057
142
1058
96
1059
-1
1060
6
1061
151
1062
47
1063
180
1064
-1
1065
64
1066
74
1067
118
1068
115
1069
-1
1070
13
1071
150
1072
45
1073
83
1074
-1
1075
77
1076
20
1077
13
1078
161
1079
-1
1080
98
1081
1
1082
115
1083
40
1084
-1
1085
124
1086
94
1087
180
1088
35
1089
-1
1090
17
1091
146
1092
31
1093
54
1094
-1
1095
8
1096
165
1097
128
1098
80
1099
-1
1100
135
1101
90
1102
107
1103
128
1104
-1
1105
126
1106
131
1107
163
1108
89
1109
-1
1110
189
1111
61
1112
115
1113
48
1114
-1
1115
108
1116
90
1117
172
1118
70
1119
-1
1120
4
1121
15
1122
141
1123
41
1124
-1
1125
66
1126
127
1127
155
1128
53
1129
-1
1130
132
1131
67
1132
186
1133
54
1134
-1
1135
138
1136
87
1137
38
1138
20
1139
-1
1140
150
1141
151
1142
6
1143
68
1144
-1
1145
13
1146
95
1147
56
1148
35
1149
-1
1150
171
1151
47
1152
169
1153
128
1154
-1
1155
47
1156
174
1157
180
1158
71
1159
-1
1160
84
1161
142
1162
152
1163
89
1164
-1
1165
171
1166
40
1167
175
1168
89
1169
-1
1170
83
1171
34
1172
156
1173
17
1174
-1
1175
187
1176
86
1177
2
1178
165
1179
-1
1180
21
1181
93
1182
191
1183
103
1184
-1
1185
105
1186
101
1187
60
1188
20
1189
-1
1190
62
1191
107
1192
41
1193
70
1194
-1
1195
48
1196
61
1197
125
1198
56
1199
-1
1200
132
1201
25
1202
67
1203
84
1204
-1
1205
114
1206
158
1207
162
1208
123
1209
-1
1210
109
1211
110
1212
22
1213
96
1214
-1
1215
165
1216
55
1217
3
1218
38
1219
-1
1220
190
1221
26
1222
37
1223
34
1224
-1
1225
34
1226
60
1227
31
1228
56
1229
-1
1230
106
1231
188
1232
117
1233
50
1234
-1
1235
126
1236
132
1237
86
1238
183
1239
-1
1240
71
1241
32
1242
97
1243
23
1244
-1
1245
47
1246
160
1247
42
1248
63
1249
-1
1250
103
1251
24
1252
6
1253
68
1254
-1
1255
141
1256
180
1257
156
1258
89
1259
-1
1260
70
1261
99
1262
152
1263
132
1264
-1
1265
26
1266
173
1267
62
1268
31
1269
-1
1270
35
1271
142
1272
88
1273
173
1274
-1
1275
115
1276
180
1277
3
1278
18
1279
-1
1280
113
1281
152
1282
118
1283
158
1284
-1
1285
185
1286
57
1287
47
1288
106
1289
-1
1290
77
1291
6
1292
97
1293
1
1294
-1
1295
1
1296
132
1297
126
1298
33
1299
-1
1300
188
1301
117
1302
81
1303
49
1304
-1
1305
84
1306
184
1307
45
1308
124
1309
-1
1310
25
1311
41
1312
85
1313
47
1314
-1
1315
175
1316
79
1317
118
1318
178
1319
-1
1320
138
1321
118
1322
149
1323
154
1324
-1
1325
90
1326
91
1327
141
1328
162
1329
-1
1330
139
1331
188
1332
118
1333
135
1334
-1
1335
36
1336
166
1337
83
1338
140
1339
-1
1340
67
1341
108
1342
4
1343
56
1344
-1
1345
124
1346
63
1347
85
1348
146
1349
-1
1350
122
1351
42
1352
94
1353
86
1354
-1
1355
142
1356
2
1357
185
1358
29
1359
-1
1360
154
1361
172
1362
91
1363
165
1364
-1
1365
105
1366
161
1367
56
1368
74
1369
-1
1370
10
1371
49
1372
85
1373
7
1374
-1
1375
125
1376
172
1377
148
1378
131
1379
-1
1380
51
1381
129
1382
119
1383
78
1384
-1
1385
92
1386
101
1387
91
1388
75
1389
-1
1390
142
1391
4
1392
27
1393
174
1394
-1
1395
44
1396
57
1397
150
1398
162
1399
-1
1400
191
1401
70
1402
84
1403
70
1404
-1
1405
160
1406
62
1407
47
1408
152
1409
-1
1410
7
1411
107
1412
91
1413
130
1414
-1
1415
22
1416
45
1417
29
1418
148
1419
-1
1420
65
1421
148
1422
88
1423
138
1424
-1
1425
115
1426
7
1427
133
1428
29
1429
-1
1430
48
1431
97
1432
40
1433
0
1434
-1
1435
6
1436
169
1437
181
1438
50
1439
-1
1440
46
1441
73
1442
0
1443
48
1444
-1
1445
8
1446
157
1447
138
1448
97
1449
-1
1450
84
1451
118
1452
123
1453
95
1454
-1
1455
93
1456
141
1457
61
1458
90
1459
-1
1460
100
1461
35
1462
143
1463
63
1464
-1
1465
18
1466
39
1467
12
1468
0
1469
-1
1470
191
1471
184
1472
63
1473
88
1474
-1
1475
79
1476
122
1477
39
1478
90
1479
-1
1480
36
1481
139
1482
165
1483
134
1484
-1
1485
131
1486
98
1487
191
1488
98
1489
-1
1490
124
1491
111
1492
98
1493
80
1494
-1
1495
53
1496
166
1497
98
1498
80
1499
-1
1500
87
1501
113
1502
17
1503
93
1504
-1
1505
43
1506
120
1507
45
1508
113
1509
-1
1510
161
1511
144
1512
37
1513
31
1514
-1
1515
154
1516
9
1517
185
1518
172
1519
-1
1520
171
1521
41
1522
94
1523
135
1524
-1
1525
182
1526
177
1527
53
1528
94
1529
-1
1530
19
1531
29
1532
28
1533
110
1534
-1
1535
146
1536
54
1537
126
1538
41
1539
-1
1540
44
1541
11
1542
29
1543
151
1544
-1
1545
55
1546
191
1547
131
1548
165
1549
-1
1550
22
1551
41
1552
183
1553
129
1554
-1
1555
52
1556
164
1557
148
1558
186
1559
-1
1560
31
1561
117
1562
96
1563
80
1564
-1
1565
8
1566
188
1567
171
1568
142
1569
-1
1570
10
1571
180
1572
171
1573
58
1574
-1
1575
129
1576
22
1577
144
1578
60
1579
-1
1580
104
1581
151
1582
142
1583
103
1584
-1
1585
19
1586
63
1587
178
1588
187
1589
-1
1590
102
1591
75
1592
169
1593
160
1594
-1
1595
174
1596
45
1597
145
1598
126
1599
-1
1600
7
1601
112
1602
140
1603
153
1604
-1
1605
28
1606
113
1607
121
1608
107
1609
-1
1610
61
1611
179
1612
179
1613
159
1614
-1
1615
13
1616
66
1617
37
1618
39
1619
-1
1620
77
1621
147
1622
35
1623
32
1624
-1
1625
97
1626
38
1627
182
1628
145
1629
-1
1630
29
1631
74
1632
25
1633
14
1634
-1
1635
167
1636
64
1637
56
1638
150
1639
-1
1640
89
1641
110
1642
83
1643
76
1644
-1
1645
55
1646
78
1647
120
1648
114
1649
-1
1650
48
1651
49
1652
105
1653
58
1654
-1
1655
174
1656
18
1657
176
1658
67
1659
-1
1660
88
1661
6
1662
102
1663
47
1664
-1
1665
25
1666
121
1667
168
1668
108
1669
-1
1670
26
1671
175
1672
50
1673
134
1674
-1
1675
128
1676
116
1677
161
1678
91
1679
-1
1680
23
1681
174
1682
24
1683
13
1684
-1
1685
123
1686
173
1687
36
1688
93
1689
-1
1690
82
1691
44
1692
185
1693
48
1694
-1
1695
172
1696
20
1697
82
1698
162
1699
-1
1700
122
1701
100
1702
34
1703
182
1704
-1
1705
39
1706
142
1707
91
1708
134
1709
-1
1710
172
1711
140
1712
91
1713
17
1714
-1
1715
133
1716
186
1717
171
1718
133
1719
-1
1720
12
1721
166
1722
139
1723
83
1724
-1
1725
44
1726
101
1727
168
1728
78
1729
-1
1730
137
1731
129
1732
26
1733
140
1734
-1
1735
105
1736
1
1737
115
1738
168
1739
-1
1740
74
1741
157
1742
118
1743
140
1744
-1
1745
129
1746
89
1747
119
1748
42
1749
-1
1750
165
1751
43
1752
45
1753
131
1754
-1
1755
127
1756
61
1757
44
1758
55
1759
-1
1760
141
1761
62
1762
63
1763
75
1764
-1
1765
50
1766
65
1767
149
1768
102
1769
-1
1770
102
1771
129
1772
54
1773
175
1774
-1
1775
144
1776
184
1777
189
1778
54
1779
-1
1780
88
1781
131
1782
160
1783
187
1784
-1
1785
69
1786
184
1787
103
1788
44
1789
-1
1790
174
1791
133
1792
87
1793
83
1794
-1
1795
20
1796
76
1797
17
1798
6
1799
-1
1800
53
1801
165
1802
78
1803
12
1804
-1
1805
156
1806
137
1807
13
1808
134
1809
-1
1810
150
1811
87
1812
103
1813
97
1814
-1
1815
146
1816
112
1817
33
1818
160
1819
-1
1820
137
1821
106
1822
30
1823
49
1824
-1
1825
147
1826
20
1827
157
1828
153
1829
-1
1830
144
1831
97
1832
40
1833
3
1834
-1
1835
142
1836
103
1837
19
1838
169
1839
-1
1840
90
1841
79
1842
177
1843
133
1844
-1
1845
29
1846
51
1847
178
1848
116
1849
-1
1850
147
1851
160
1852
74
1853
68
1854
-1
1855
14
1856
60
1857
168
1858
132
1859
-1
1860
177
1861
130
1862
40
1863
1
1864
-1
1865
165
1866
23
1867
106
1868
51
1869
-1
1870
122
1871
175
1872
19
1873
18
1874
-1
1875
13
1876
47
1877
183
1878
19
1879
-1
1880
126
1881
104
1882
168
1883
106
1884
-1
1885
136
1886
32
1887
153
1888
35
1889
-1
1890
63
1891
144
1892
42
1893
71
1894
-1
1895
78
1896
93
1897
42
1898
121
1899
-1
1900
163
1901
99
1902
130
1903
173
1904
-1
1905
180
1906
160
1907
85
1908
82
1909
-1
1910
137
1911
117
1912
21
1913
43
1914
-1
1915
49
1916
187
1917
65
1918
184
1919
-1
1920
151
1921
83
1922
103
1923
30
1924
-1
1925
7
1926
121
1927
27
1928
155
1929
-1
1930
12
1931
76
1932
6
1933
76
1934
-1
1935
129
1936
182
1937
96
1938
33
1939
-1
1940
26
1941
36
1942
45
1943
159
1944
-1
1945
190
1946
125
1947
74
1948
110
1949
-1
1950
91
1951
106
1952
83
1953
9
1954
-1
1955
29
1956
174
1957
73
1958
75
1959
-1
1960
112
1961
101
1962
153
1963
118
1964
-1
1965
150
1966
56
1967
19
1968
81
1969
-1
1970
34
1971
102
1972
138
1973
162
1974
-1
1975
26
1976
39
1977
66
1978
171
1979
-1
1980
21
1981
34
1982
167
1983
57
1984
-1
1985
29
1986
43
1987
26
1988
5
1989
-1
1990
122
1991
46
1992
94
1993
150
1994
-1
1995
128
1996
64
1997
155
1998
14
1999
-1
