********************************************************************************
The planted motif0 is:
TAAGGAGAATTAAGA
0
92
1
154
2
135
3
60
4
-1
5
60
6
138
7
25
8
141
9
-1
10
115
11
121
12
137
13
151
14
-1
15
140
16
182
17
76
18
38
19
-1
20
157
21
49
22
166
23
0
24
-1
25
125
26
30
27
55
28
18
29
-1
30
24
31
173
32
175
33
0
34
-1
35
142
36
50
37
93
38
162
39
-1
40
69
41
140
42
135
43
40
44
-1
45
142
46
143
47
129
48
109
49
-1
50
90
51
146
52
39
53
7
54
-1
55
27
56
48
57
10
58
32
59
-1
60
158
61
114
62
71
63
167
64
-1
65
172
66
23
67
56
68
137
69
-1
70
101
71
94
72
168
73
161
74
-1
75
2
76
15
77
110
78
77
79
-1
80
28
81
171
82
122
83
38
84
-1
85
147
86
12
87
134
88
39
89
-1
90
32
91
58
92
74
93
129
94
-1
95
143
96
100
97
153
98
12
99
-1
100
76
101
135
102
102
103
21
104
-1
105
154
106
63
107
152
108
166
109
-1
110
35
111
19
112
31
113
150
114
-1
115
154
116
88
117
85
118
109
119
-1
120
178
121
0
122
150
123
136
124
-1
125
177
126
123
127
77
128
78
129
-1
130
96
131
177
132
115
133
117
134
-1
135
49
136
66
137
75
138
67
139
-1
140
131
141
101
142
59
143
109
144
-1
145
0
146
100
147
103
148
54
149
-1
150
132
151
184
152
142
153
123
154
-1
155
111
156
17
157
182
158
150
159
-1
160
81
161
179
162
134
163
15
164
-1
165
116
166
39
167
35
168
66
169
-1
170
49
171
95
172
25
173
36
174
-1
175
3
176
4
177
129
178
45
179
-1
180
50
181
37
182
74
183
134
184
-1
185
166
186
119
187
19
188
166
189
-1
190
184
191
7
192
72
193
10
194
-1
195
163
196
162
197
182
198
185
199
-1
200
74
201
6
202
68
203
119
204
-1
205
103
206
158
207
0
208
63
209
-1
210
105
211
69
212
36
213
131
214
-1
215
185
216
45
217
131
218
14
219
-1
220
159
221
169
222
151
223
184
224
-1
225
78
226
46
227
84
228
69
229
-1
230
113
231
85
232
176
233
34
234
-1
235
103
236
65
237
40
238
100
239
-1
240
32
241
37
242
153
243
105
244
-1
245
80
246
129
247
160
248
5
249
-1
250
71
251
145
252
27
253
117
254
-1
255
146
256
110
257
173
258
89
259
-1
260
28
261
147
262
7
263
159
264
-1
265
6
266
170
267
159
268
159
269
-1
270
105
271
94
272
104
273
60
274
-1
275
133
276
87
277
166
278
133
279
-1
280
47
281
45
282
110
283
29
284
-1
285
180
286
74
287
76
288
53
289
-1
290
25
291
132
292
176
293
131
294
-1
295
62
296
30
297
38
298
99
299
-1
300
82
301
172
302
32
303
64
304
-1
305
2
306
40
307
32
308
15
309
-1
310
62
311
89
312
24
313
101
314
-1
315
7
316
14
317
176
318
45
319
-1
320
34
321
171
322
17
323
170
324
-1
325
169
326
72
327
77
328
77
329
-1
330
157
331
10
332
60
333
59
334
-1
335
92
336
159
337
101
338
97
339
-1
340
160
341
134
342
135
343
24
344
-1
345
62
346
141
347
129
348
17
349
-1
350
156
351
106
352
90
353
164
354
-1
355
117
356
63
357
121
358
157
359
-1
360
163
361
171
362
135
363
35
364
-1
365
30
366
61
367
159
368
25
369
-1
370
165
371
124
372
113
373
91
374
-1
375
105
376
126
377
120
378
34
379
-1
380
28
381
124
382
148
383
69
384
-1
385
93
386
173
387
131
388
39
389
-1
390
104
391
48
392
57
393
92
394
-1
395
81
396
72
397
176
398
165
399
-1
400
18
401
18
402
113
403
170
404
-1
405
170
406
47
407
147
408
83
409
-1
410
55
411
46
412
35
413
83
414
-1
415
47
416
1
417
58
418
3
419
-1
420
113
421
179
422
9
423
47
424
-1
425
126
426
78
427
102
428
26
429
-1
430
146
431
135
432
34
433
24
434
-1
435
92
436
86
437
125
438
33
439
-1
440
167
441
144
442
135
443
7
444
-1
445
103
446
183
447
67
448
147
449
-1
450
84
451
41
452
169
453
37
454
-1
455
50
456
163
457
8
458
182
459
-1
460
52
461
39
462
47
463
129
464
-1
465
123
466
180
467
135
468
74
469
-1
470
101
471
137
472
51
473
5
474
-1
475
24
476
185
477
171
478
44
479
-1
480
63
481
7
482
75
483
113
484
-1
485
0
486
121
487
67
488
136
489
-1
490
165
491
63
492
22
493
25
494
-1
495
4
496
33
497
59
498
101
499
-1
500
130
501
79
502
23
503
13
504
-1
505
95
506
119
507
185
508
156
509
-1
510
14
511
160
512
63
513
176
514
-1
515
58
516
64
517
169
518
9
519
-1
520
1
521
157
522
110
523
73
524
-1
525
115
526
174
527
132
528
62
529
-1
530
59
531
91
532
81
533
50
534
-1
535
174
536
76
537
26
538
88
539
-1
540
106
541
111
542
52
543
64
544
-1
545
113
546
133
547
178
548
106
549
-1
550
113
551
53
552
72
553
31
554
-1
555
35
556
84
557
54
558
173
559
-1
560
21
561
156
562
177
563
182
564
-1
565
73
566
61
567
99
568
50
569
-1
570
116
571
100
572
67
573
137
574
-1
575
182
576
5
577
72
578
176
579
-1
580
120
581
27
582
134
583
48
584
-1
585
182
586
69
587
147
588
159
589
-1
590
174
591
115
592
100
593
33
594
-1
595
162
596
53
597
182
598
73
599
-1
600
44
601
112
602
66
603
175
604
-1
605
127
606
1
607
153
608
113
609
-1
610
171
611
141
612
54
613
54
614
-1
615
127
616
8
617
94
618
136
619
-1
620
46
621
82
622
136
623
91
624
-1
625
46
626
174
627
144
628
10
629
-1
630
120
631
102
632
98
633
173
634
-1
635
108
636
80
637
13
638
103
639
-1
640
37
641
93
642
37
643
147
644
-1
645
25
646
13
647
59
648
73
649
-1
650
63
651
29
652
49
653
45
654
-1
655
76
656
82
657
18
658
168
659
-1
660
9
661
0
662
105
663
85
664
-1
665
161
666
130
667
145
668
185
669
-1
670
71
671
32
672
48
673
30
674
-1
675
175
676
89
677
106
678
40
679
-1
680
21
681
172
682
7
683
57
684
-1
685
180
686
98
687
15
688
182
689
-1
690
176
691
145
692
86
693
168
694
-1
695
143
696
182
697
92
698
41
699
-1
700
79
701
54
702
173
703
61
704
-1
705
12
706
102
707
14
708
15
709
-1
710
168
711
155
712
108
713
107
714
-1
715
135
716
29
717
57
718
139
719
-1
720
140
721
31
722
139
723
152
724
-1
725
86
726
62
727
67
728
129
729
-1
730
21
731
173
732
1
733
147
734
-1
735
105
736
146
737
59
738
139
739
-1
740
182
741
103
742
84
743
27
744
-1
745
52
746
63
747
8
748
167
749
-1
750
48
751
67
752
173
753
123
754
-1
755
113
756
185
757
21
758
59
759
-1
760
78
761
165
762
19
763
156
764
-1
765
72
766
106
767
164
768
50
769
-1
770
180
771
182
772
0
773
61
774
-1
775
4
776
107
777
144
778
161
779
-1
780
71
781
102
782
75
783
113
784
-1
785
29
786
56
787
80
788
113
789
-1
790
36
791
144
792
159
793
126
794
-1
795
27
796
119
797
59
798
154
799
-1
800
60
801
137
802
182
803
104
804
-1
805
157
806
96
807
139
808
73
809
-1
810
85
811
93
812
137
813
104
814
-1
815
9
816
28
817
28
818
24
819
-1
820
2
821
85
822
104
823
3
824
-1
825
161
826
87
827
35
828
125
829
-1
830
155
831
77
832
57
833
61
834
-1
835
69
836
132
837
66
838
59
839
-1
840
34
841
20
842
97
843
165
844
-1
845
174
846
82
847
142
848
142
849
-1
850
27
851
61
852
132
853
56
854
-1
855
149
856
114
857
103
858
95
859
-1
860
42
861
81
862
85
863
140
864
-1
865
150
866
104
867
107
868
111
869
-1
870
54
871
100
872
57
873
142
874
-1
875
92
876
141
877
129
878
146
879
-1
880
88
881
150
882
5
883
11
884
-1
885
83
886
24
887
94
888
167
889
-1
890
39
891
148
892
77
893
183
894
-1
895
101
896
148
897
71
898
53
899
-1
900
145
901
7
902
120
903
169
904
-1
905
130
906
146
907
147
908
117
909
-1
910
114
911
12
912
93
913
0
914
-1
915
100
916
42
917
7
918
177
919
-1
920
133
921
80
922
139
923
74
924
-1
925
11
926
40
927
13
928
123
929
-1
930
103
931
11
932
55
933
113
934
-1
935
72
936
60
937
163
938
12
939
-1
940
29
941
54
942
14
943
140
944
-1
945
112
946
139
947
85
948
14
949
-1
950
61
951
87
952
181
953
17
954
-1
955
40
956
19
957
106
958
159
959
-1
960
184
961
53
962
173
963
127
964
-1
965
103
966
76
967
56
968
94
969
-1
970
63
971
75
972
30
973
112
974
-1
975
46
976
72
977
115
978
29
979
-1
980
61
981
28
982
146
983
171
984
-1
985
33
986
163
987
113
988
20
989
-1
990
112
991
90
992
103
993
61
994
-1
995
131
996
121
997
32
998
145
999
-1
