********************************************************************************
The planted motif0 is:
TAAACTTCGTGGAAC
0
49
1
-1
2
166
3
-1
4
0
5
-1
6
125
7
-1
8
30
9
-1
10
55
11
-1
12
18
13
-1
14
24
15
-1
16
173
17
-1
18
175
19
-1
20
0
21
-1
22
142
23
-1
24
50
25
-1
26
93
27
-1
28
162
29
-1
30
69
31
-1
32
140
33
-1
34
135
35
-1
36
40
37
-1
38
142
39
-1
40
143
41
-1
42
129
43
-1
44
109
45
-1
46
90
47
-1
48
146
49
-1
50
39
51
-1
52
7
53
-1
54
27
55
-1
56
48
57
-1
58
10
59
-1
60
32
61
-1
62
158
63
-1
64
114
65
-1
66
71
67
-1
68
167
69
-1
70
172
71
-1
72
23
73
-1
74
56
75
-1
76
137
77
-1
78
101
79
-1
80
94
81
-1
82
168
83
-1
84
161
85
-1
86
2
87
-1
88
15
89
-1
90
110
91
-1
92
77
93
-1
94
28
95
-1
96
171
97
-1
98
122
99
-1
100
38
101
-1
102
147
103
-1
104
12
105
-1
106
134
107
-1
108
39
109
-1
110
32
111
-1
112
58
113
-1
114
74
115
-1
116
129
117
-1
118
143
119
-1
120
100
121
-1
122
153
123
-1
124
12
125
-1
126
76
127
-1
128
135
129
-1
130
102
131
-1
132
21
133
-1
134
154
135
-1
136
63
137
-1
138
152
139
-1
140
166
141
-1
142
35
143
-1
144
19
145
-1
146
31
147
-1
148
150
149
-1
150
154
151
-1
152
88
153
-1
154
85
155
-1
156
109
157
-1
158
178
159
-1
160
0
161
-1
162
150
163
-1
164
136
165
-1
166
177
167
-1
168
123
169
-1
170
77
171
-1
172
78
173
-1
174
96
175
-1
176
177
177
-1
178
115
179
-1
180
117
181
-1
182
49
183
-1
184
66
185
-1
186
75
187
-1
188
67
189
-1
190
131
191
-1
192
101
193
-1
194
59
195
-1
196
109
197
-1
198
0
199
-1
200
100
201
-1
202
103
203
-1
204
54
205
-1
206
132
207
-1
208
184
209
-1
210
142
211
-1
212
123
213
-1
214
111
215
-1
216
17
217
-1
218
182
219
-1
220
150
221
-1
222
81
223
-1
224
179
225
-1
226
134
227
-1
228
15
229
-1
230
116
231
-1
232
39
233
-1
234
35
235
-1
236
66
237
-1
238
49
239
-1
240
95
241
-1
242
25
243
-1
244
36
245
-1
246
3
247
-1
248
4
249
-1
250
129
251
-1
252
45
253
-1
254
50
255
-1
256
37
257
-1
258
74
259
-1
260
134
261
-1
262
166
263
-1
264
119
265
-1
266
19
267
-1
268
166
269
-1
270
184
271
-1
272
7
273
-1
274
72
275
-1
276
10
277
-1
278
163
279
-1
280
162
281
-1
282
182
283
-1
284
185
285
-1
286
74
287
-1
288
6
289
-1
290
68
291
-1
292
119
293
-1
294
103
295
-1
296
158
297
-1
298
0
299
-1
300
63
301
-1
302
105
303
-1
304
69
305
-1
306
36
307
-1
308
131
309
-1
310
185
311
-1
312
45
313
-1
314
131
315
-1
316
14
317
-1
318
159
319
-1
320
169
321
-1
322
151
323
-1
324
184
325
-1
326
78
327
-1
328
46
329
-1
330
84
331
-1
332
69
333
-1
334
113
335
-1
336
85
337
-1
338
176
339
-1
340
34
341
-1
342
103
343
-1
344
65
345
-1
346
40
347
-1
348
100
349
-1
350
32
351
-1
352
37
353
-1
354
153
355
-1
356
105
357
-1
358
80
359
-1
360
129
361
-1
362
160
363
-1
364
5
365
-1
366
71
367
-1
368
145
369
-1
370
27
371
-1
372
117
373
-1
374
146
375
-1
376
110
377
-1
378
173
379
-1
380
89
381
-1
382
28
383
-1
384
147
385
-1
386
7
387
-1
388
159
389
-1
390
6
391
-1
392
170
393
-1
394
159
395
-1
396
159
397
-1
398
105
399
-1
400
94
401
-1
402
104
403
-1
404
60
405
-1
406
133
407
-1
408
87
409
-1
410
166
411
-1
412
133
413
-1
414
47
415
-1
416
45
417
-1
418
110
419
-1
420
29
421
-1
422
180
423
-1
424
74
425
-1
426
76
427
-1
428
53
429
-1
430
25
431
-1
432
132
433
-1
434
176
435
-1
436
131
437
-1
438
62
439
-1
440
30
441
-1
442
38
443
-1
444
99
445
-1
446
82
447
-1
448
172
449
-1
450
32
451
-1
452
64
453
-1
454
2
455
-1
456
40
457
-1
458
32
459
-1
460
15
461
-1
462
62
463
-1
464
89
465
-1
466
24
467
-1
468
101
469
-1
470
7
471
-1
472
14
473
-1
474
176
475
-1
476
45
477
-1
478
34
479
-1
480
171
481
-1
482
17
483
-1
484
170
485
-1
486
169
487
-1
488
72
489
-1
490
77
491
-1
492
77
493
-1
494
157
495
-1
496
10
497
-1
498
60
499
-1
500
59
501
-1
502
92
503
-1
504
159
505
-1
506
101
507
-1
508
97
509
-1
510
160
511
-1
512
134
513
-1
514
135
515
-1
516
24
517
-1
518
62
519
-1
520
141
521
-1
522
129
523
-1
524
17
525
-1
526
156
527
-1
528
106
529
-1
530
90
531
-1
532
164
533
-1
534
117
535
-1
536
63
537
-1
538
121
539
-1
540
157
541
-1
542
163
543
-1
544
171
545
-1
546
135
547
-1
548
35
549
-1
550
30
551
-1
552
61
553
-1
554
159
555
-1
556
25
557
-1
558
165
559
-1
560
124
561
-1
562
113
563
-1
564
91
565
-1
566
105
567
-1
568
126
569
-1
570
120
571
-1
572
34
573
-1
574
28
575
-1
576
124
577
-1
578
148
579
-1
580
69
581
-1
582
93
583
-1
584
173
585
-1
586
131
587
-1
588
39
589
-1
590
104
591
-1
592
48
593
-1
594
57
595
-1
596
92
597
-1
598
81
599
-1
600
72
601
-1
602
176
603
-1
604
165
605
-1
606
18
607
-1
608
18
609
-1
610
113
611
-1
612
170
613
-1
614
170
615
-1
616
47
617
-1
618
147
619
-1
620
83
621
-1
622
55
623
-1
624
46
625
-1
626
35
627
-1
628
83
629
-1
630
47
631
-1
632
1
633
-1
634
58
635
-1
636
3
637
-1
638
113
639
-1
640
179
641
-1
642
9
643
-1
644
47
645
-1
646
126
647
-1
648
78
649
-1
650
102
651
-1
652
26
653
-1
654
146
655
-1
656
135
657
-1
658
34
659
-1
660
24
661
-1
662
92
663
-1
664
86
665
-1
666
125
667
-1
668
33
669
-1
670
167
671
-1
672
144
673
-1
674
135
675
-1
676
7
677
-1
678
103
679
-1
680
183
681
-1
682
67
683
-1
684
147
685
-1
686
84
687
-1
688
41
689
-1
690
169
691
-1
692
37
693
-1
694
50
695
-1
696
163
697
-1
698
8
699
-1
700
182
701
-1
702
52
703
-1
704
39
705
-1
706
47
707
-1
708
129
709
-1
710
123
711
-1
712
180
713
-1
714
135
715
-1
716
74
717
-1
718
101
719
-1
720
137
721
-1
722
51
723
-1
724
5
725
-1
726
24
727
-1
728
185
729
-1
730
171
731
-1
732
44
733
-1
734
63
735
-1
736
7
737
-1
738
75
739
-1
740
113
741
-1
742
0
743
-1
744
121
745
-1
746
67
747
-1
748
136
749
-1
750
165
751
-1
752
63
753
-1
754
22
755
-1
756
25
757
-1
758
4
759
-1
760
33
761
-1
762
59
763
-1
764
101
765
-1
766
130
767
-1
768
79
769
-1
770
23
771
-1
772
13
773
-1
774
95
775
-1
776
119
777
-1
778
185
779
-1
780
156
781
-1
782
14
783
-1
784
160
785
-1
786
63
787
-1
788
176
789
-1
790
58
791
-1
792
64
793
-1
794
169
795
-1
796
9
797
-1
798
1
799
-1
800
157
801
-1
802
110
803
-1
804
73
805
-1
806
115
807
-1
808
174
809
-1
810
132
811
-1
812
62
813
-1
814
59
815
-1
816
91
817
-1
818
81
819
-1
820
50
821
-1
822
174
823
-1
824
76
825
-1
826
26
827
-1
828
88
829
-1
830
106
831
-1
832
111
833
-1
834
52
835
-1
836
64
837
-1
838
113
839
-1
840
133
841
-1
842
178
843
-1
844
106
845
-1
846
113
847
-1
848
53
849
-1
850
72
851
-1
852
31
853
-1
854
35
855
-1
856
84
857
-1
858
54
859
-1
860
173
861
-1
862
21
863
-1
864
156
865
-1
866
177
867
-1
868
182
869
-1
870
73
871
-1
872
61
873
-1
874
99
875
-1
876
50
877
-1
878
116
879
-1
880
100
881
-1
882
67
883
-1
884
137
885
-1
886
182
887
-1
888
5
889
-1
890
72
891
-1
892
176
893
-1
894
120
895
-1
896
27
897
-1
898
134
899
-1
900
48
901
-1
902
182
903
-1
904
69
905
-1
906
147
907
-1
908
159
909
-1
910
174
911
-1
912
115
913
-1
914
100
915
-1
916
33
917
-1
918
162
919
-1
920
53
921
-1
922
182
923
-1
924
73
925
-1
926
44
927
-1
928
112
929
-1
930
66
931
-1
932
175
933
-1
934
127
935
-1
936
1
937
-1
938
153
939
-1
940
113
941
-1
942
171
943
-1
944
141
945
-1
946
54
947
-1
948
54
949
-1
950
127
951
-1
952
8
953
-1
954
94
955
-1
956
136
957
-1
958
46
959
-1
960
82
961
-1
962
136
963
-1
964
91
965
-1
966
46
967
-1
968
174
969
-1
970
144
971
-1
972
10
973
-1
974
120
975
-1
976
102
977
-1
978
98
979
-1
980
173
981
-1
982
108
983
-1
984
80
985
-1
986
13
987
-1
988
103
989
-1
990
37
991
-1
992
93
993
-1
994
37
995
-1
996
147
997
-1
998
25
999
-1
1000
13
1001
-1
1002
59
1003
-1
1004
73
1005
-1
1006
63
1007
-1
1008
29
1009
-1
1010
49
1011
-1
1012
45
1013
-1
1014
76
1015
-1
1016
82
1017
-1
1018
18
1019
-1
1020
168
1021
-1
1022
9
1023
-1
1024
0
1025
-1
1026
105
1027
-1
1028
85
1029
-1
1030
161
1031
-1
1032
130
1033
-1
1034
145
1035
-1
1036
185
1037
-1
1038
71
1039
-1
1040
32
1041
-1
1042
48
1043
-1
1044
30
1045
-1
1046
175
1047
-1
1048
89
1049
-1
1050
106
1051
-1
1052
40
1053
-1
1054
21
1055
-1
1056
172
1057
-1
1058
7
1059
-1
1060
57
1061
-1
1062
180
1063
-1
1064
98
1065
-1
1066
15
1067
-1
1068
182
1069
-1
1070
176
1071
-1
1072
145
1073
-1
1074
86
1075
-1
1076
168
1077
-1
1078
143
1079
-1
1080
182
1081
-1
1082
92
1083
-1
1084
41
1085
-1
1086
79
1087
-1
1088
54
1089
-1
1090
173
1091
-1
1092
61
1093
-1
1094
12
1095
-1
1096
102
1097
-1
1098
14
1099
-1
1100
15
1101
-1
1102
168
1103
-1
1104
155
1105
-1
1106
108
1107
-1
1108
107
1109
-1
1110
135
1111
-1
1112
29
1113
-1
1114
57
1115
-1
1116
139
1117
-1
1118
140
1119
-1
1120
31
1121
-1
1122
139
1123
-1
1124
152
1125
-1
1126
86
1127
-1
1128
62
1129
-1
1130
67
1131
-1
1132
129
1133
-1
1134
21
1135
-1
1136
173
1137
-1
1138
1
1139
-1
1140
147
1141
-1
1142
105
1143
-1
1144
146
1145
-1
1146
59
1147
-1
1148
139
1149
-1
1150
182
1151
-1
1152
103
1153
-1
1154
84
1155
-1
1156
27
1157
-1
1158
52
1159
-1
1160
63
1161
-1
1162
8
1163
-1
1164
167
1165
-1
1166
48
1167
-1
1168
67
1169
-1
1170
173
1171
-1
1172
123
1173
-1
1174
113
1175
-1
1176
185
1177
-1
1178
21
1179
-1
1180
59
1181
-1
1182
78
1183
-1
1184
165
1185
-1
1186
19
1187
-1
1188
156
1189
-1
1190
72
1191
-1
1192
106
1193
-1
1194
164
1195
-1
1196
50
1197
-1
1198
180
1199
-1
1200
182
1201
-1
1202
0
1203
-1
1204
61
1205
-1
1206
4
1207
-1
1208
107
1209
-1
1210
144
1211
-1
1212
161
1213
-1
1214
71
1215
-1
1216
102
1217
-1
1218
75
1219
-1
1220
113
1221
-1
1222
29
1223
-1
1224
56
1225
-1
1226
80
1227
-1
1228
113
1229
-1
1230
36
1231
-1
1232
144
1233
-1
1234
159
1235
-1
1236
126
1237
-1
1238
27
1239
-1
1240
119
1241
-1
1242
59
1243
-1
1244
154
1245
-1
1246
60
1247
-1
1248
137
1249
-1
1250
182
1251
-1
1252
104
1253
-1
1254
157
1255
-1
1256
96
1257
-1
1258
139
1259
-1
1260
73
1261
-1
1262
85
1263
-1
1264
93
1265
-1
1266
137
1267
-1
1268
104
1269
-1
1270
9
1271
-1
1272
28
1273
-1
1274
28
1275
-1
1276
24
1277
-1
1278
2
1279
-1
1280
85
1281
-1
1282
104
1283
-1
1284
3
1285
-1
1286
161
1287
-1
1288
87
1289
-1
1290
35
1291
-1
1292
125
1293
-1
1294
155
1295
-1
1296
77
1297
-1
1298
57
1299
-1
1300
61
1301
-1
1302
69
1303
-1
1304
132
1305
-1
1306
66
1307
-1
1308
59
1309
-1
1310
34
1311
-1
1312
20
1313
-1
1314
97
1315
-1
1316
165
1317
-1
1318
174
1319
-1
1320
82
1321
-1
1322
142
1323
-1
1324
142
1325
-1
1326
27
1327
-1
1328
61
1329
-1
1330
132
1331
-1
1332
56
1333
-1
1334
149
1335
-1
1336
114
1337
-1
1338
103
1339
-1
1340
95
1341
-1
1342
42
1343
-1
1344
81
1345
-1
1346
85
1347
-1
1348
140
1349
-1
1350
150
1351
-1
1352
104
1353
-1
1354
107
1355
-1
1356
111
1357
-1
1358
54
1359
-1
1360
100
1361
-1
1362
57
1363
-1
1364
142
1365
-1
1366
92
1367
-1
1368
141
1369
-1
1370
129
1371
-1
1372
146
1373
-1
1374
88
1375
-1
1376
150
1377
-1
1378
5
1379
-1
1380
11
1381
-1
1382
83
1383
-1
1384
24
1385
-1
1386
94
1387
-1
1388
167
1389
-1
1390
39
1391
-1
1392
148
1393
-1
1394
77
1395
-1
1396
183
1397
-1
1398
101
1399
-1
1400
148
1401
-1
1402
71
1403
-1
1404
53
1405
-1
1406
145
1407
-1
1408
7
1409
-1
1410
120
1411
-1
1412
169
1413
-1
1414
130
1415
-1
1416
146
1417
-1
1418
147
1419
-1
1420
117
1421
-1
1422
114
1423
-1
1424
12
1425
-1
1426
93
1427
-1
1428
0
1429
-1
1430
100
1431
-1
1432
42
1433
-1
1434
7
1435
-1
1436
177
1437
-1
1438
133
1439
-1
1440
80
1441
-1
1442
139
1443
-1
1444
74
1445
-1
1446
11
1447
-1
1448
40
1449
-1
1450
13
1451
-1
1452
123
1453
-1
1454
103
1455
-1
1456
11
1457
-1
1458
55
1459
-1
1460
113
1461
-1
1462
72
1463
-1
1464
60
1465
-1
1466
163
1467
-1
1468
12
1469
-1
1470
29
1471
-1
1472
54
1473
-1
1474
14
1475
-1
1476
140
1477
-1
1478
112
1479
-1
1480
139
1481
-1
1482
85
1483
-1
1484
14
1485
-1
1486
61
1487
-1
1488
87
1489
-1
1490
181
1491
-1
1492
17
1493
-1
1494
40
1495
-1
1496
19
1497
-1
1498
106
1499
-1
1500
159
1501
-1
1502
184
1503
-1
1504
53
1505
-1
1506
173
1507
-1
1508
127
1509
-1
1510
103
1511
-1
1512
76
1513
-1
1514
56
1515
-1
1516
94
1517
-1
1518
63
1519
-1
1520
75
1521
-1
1522
30
1523
-1
1524
112
1525
-1
1526
46
1527
-1
1528
72
1529
-1
1530
115
1531
-1
1532
29
1533
-1
1534
61
1535
-1
1536
28
1537
-1
1538
146
1539
-1
1540
171
1541
-1
1542
33
1543
-1
1544
163
1545
-1
1546
113
1547
-1
1548
20
1549
-1
1550
112
1551
-1
1552
90
1553
-1
1554
103
1555
-1
1556
61
1557
-1
1558
131
1559
-1
1560
121
1561
-1
1562
32
1563
-1
1564
145
1565
-1
1566
154
1567
-1
1568
56
1569
-1
1570
130
1571
-1
1572
17
1573
-1
1574
111
1575
-1
1576
12
1577
-1
1578
78
1579
-1
1580
141
1581
-1
1582
2
1583
-1
1584
163
1585
-1
1586
53
1587
-1
1588
83
1589
-1
1590
152
1591
-1
1592
84
1593
-1
1594
130
1595
-1
1596
133
1597
-1
1598
144
1599
-1
1600
139
1601
-1
1602
5
1603
-1
1604
177
1605
-1
1606
185
1607
-1
1608
50
1609
-1
1610
53
1611
-1
1612
69
1613
-1
1614
2
1615
-1
1616
98
1617
-1
1618
151
1619
-1
1620
41
1621
-1
1622
42
1623
-1
1624
184
1625
-1
1626
10
1627
-1
1628
132
1629
-1
1630
16
1631
-1
1632
2
1633
-1
1634
34
1635
-1
1636
135
1637
-1
1638
36
1639
-1
1640
3
1641
-1
1642
101
1643
-1
1644
55
1645
-1
1646
5
1647
-1
1648
171
1649
-1
1650
123
1651
-1
1652
47
1653
-1
1654
134
1655
-1
1656
165
1657
-1
1658
29
1659
-1
1660
146
1661
-1
1662
67
1663
-1
1664
10
1665
-1
1666
52
1667
-1
1668
154
1669
-1
1670
148
1671
-1
1672
40
1673
-1
1674
75
1675
-1
1676
38
1677
-1
1678
94
1679
-1
1680
138
1681
-1
1682
60
1683
-1
1684
91
1685
-1
1686
125
1687
-1
1688
114
1689
-1
1690
4
1691
-1
1692
134
1693
-1
1694
130
1695
-1
1696
31
1697
-1
1698
19
1699
-1
1700
126
1701
-1
1702
153
1703
-1
1704
23
1705
-1
1706
179
1707
-1
1708
134
1709
-1
1710
109
1711
-1
1712
41
1713
-1
1714
176
1715
-1
1716
163
1717
-1
1718
163
1719
-1
1720
166
1721
-1
1722
22
1723
-1
1724
76
1725
-1
1726
120
1727
-1
1728
77
1729
-1
1730
59
1731
-1
1732
98
1733
-1
1734
49
1735
-1
1736
168
1737
-1
1738
140
1739
-1
1740
147
1741
-1
1742
20
1743
-1
1744
86
1745
-1
1746
27
1747
-1
1748
120
1749
-1
1750
29
1751
-1
1752
68
1753
-1
1754
132
1755
-1
1756
131
1757
-1
1758
7
1759
-1
1760
71
1761
-1
1762
57
1763
-1
1764
181
1765
-1
1766
97
1767
-1
1768
42
1769
-1
1770
114
1771
-1
1772
24
1773
-1
1774
106
1775
-1
1776
64
1777
-1
1778
142
1779
-1
1780
141
1781
-1
1782
123
1783
-1
1784
47
1785
-1
1786
18
1787
-1
1788
97
1789
-1
1790
119
1791
-1
1792
95
1793
-1
1794
84
1795
-1
1796
55
1797
-1
1798
66
1799
-1
1800
72
1801
-1
1802
102
1803
-1
1804
21
1805
-1
1806
128
1807
-1
1808
92
1809
-1
1810
36
1811
-1
1812
151
1813
-1
1814
168
1815
-1
1816
14
1817
-1
1818
145
1819
-1
1820
23
1821
-1
1822
140
1823
-1
1824
179
1825
-1
1826
63
1827
-1
1828
71
1829
-1
1830
109
1831
-1
1832
62
1833
-1
1834
155
1835
-1
1836
36
1837
-1
1838
120
1839
-1
1840
71
1841
-1
1842
60
1843
-1
1844
88
1845
-1
1846
110
1847
-1
1848
5
1849
-1
1850
27
1851
-1
1852
10
1853
-1
1854
19
1855
-1
1856
53
1857
-1
1858
119
1859
-1
1860
64
1861
-1
1862
24
1863
-1
1864
107
1865
-1
1866
43
1867
-1
1868
2
1869
-1
1870
116
1871
-1
1872
111
1873
-1
1874
153
1875
-1
1876
99
1877
-1
1878
131
1879
-1
1880
139
1881
-1
1882
57
1883
-1
1884
83
1885
-1
1886
78
1887
-1
1888
56
1889
-1
1890
62
1891
-1
1892
53
1893
-1
1894
47
1895
-1
1896
70
1897
-1
1898
78
1899
-1
1900
25
1901
-1
1902
41
1903
-1
1904
92
1905
-1
1906
36
1907
-1
1908
67
1909
-1
1910
157
1911
-1
1912
120
1913
-1
1914
150
1915
-1
1916
32
1917
-1
1918
6
1919
-1
1920
159
1921
-1
1922
157
1923
-1
1924
92
1925
-1
1926
64
1927
-1
1928
138
1929
-1
1930
57
1931
-1
1932
175
1933
-1
1934
117
1935
-1
1936
182
1937
-1
1938
100
1939
-1
1940
140
1941
-1
1942
25
1943
-1
1944
142
1945
-1
1946
22
1947
-1
1948
96
1949
-1
1950
121
1951
-1
1952
68
1953
-1
1954
106
1955
-1
1956
68
1957
-1
1958
183
1959
-1
1960
110
1961
-1
1962
42
1963
-1
1964
126
1965
-1
1966
14
1967
-1
1968
111
1969
-1
1970
11
1971
-1
1972
2
1973
-1
1974
1
1975
-1
1976
17
1977
-1
1978
167
1979
-1
1980
22
1981
-1
1982
78
1983
-1
1984
75
1985
-1
1986
7
1987
-1
1988
144
1989
-1
1990
174
1991
-1
1992
140
1993
-1
1994
51
1995
-1
1996
168
1997
-1
1998
162
1999
-1
