********************************************************************************
The planted motif0 is:
AACCGATAG
0
176
1
-1
2
177
3
-1
4
36
5
-1
6
64
7
-1
8
175
9
-1
10
152
11
-1
12
48
13
-1
14
86
15
-1
16
172
17
-1
18
161
19
-1
20
186
21
-1
22
83
23
-1
24
16
25
-1
26
80
27
-1
28
165
29
-1
30
81
31
-1
32
1
33
-1
34
167
35
-1
36
81
37
-1
38
26
39
-1
40
87
41
-1
42
139
43
-1
44
89
45
-1
46
82
47
-1
48
135
49
-1
50
146
51
-1
52
97
53
-1
54
165
55
-1
56
107
57
-1
58
5
59
-1
60
29
61
-1
62
145
63
-1
64
35
65
-1
66
62
67
-1
68
161
69
-1
70
104
71
-1
72
173
73
-1
74
111
75
-1
76
45
77
-1
78
81
79
-1
80
21
81
-1
82
116
83
-1
84
130
85
-1
86
159
87
-1
88
178
89
-1
90
4
91
-1
92
67
93
-1
94
83
95
-1
96
120
97
-1
98
87
99
-1
100
94
101
-1
102
158
103
-1
104
106
105
-1
106
3
107
-1
108
120
109
-1
110
48
111
-1
112
18
113
-1
114
97
115
-1
116
27
117
-1
118
91
119
-1
120
7
121
-1
122
179
123
-1
124
73
125
-1
126
68
127
-1
128
110
129
-1
130
112
131
-1
132
110
133
-1
134
133
135
-1
136
127
137
-1
138
28
139
-1
140
138
141
-1
142
41
143
-1
144
42
145
-1
146
73
147
-1
148
24
149
-1
150
42
151
-1
152
161
153
-1
154
133
155
-1
156
156
157
-1
158
148
159
-1
160
152
161
-1
162
51
163
-1
164
60
165
-1
166
39
167
-1
168
74
169
-1
170
135
171
-1
172
4
173
-1
174
40
175
-1
176
185
177
-1
178
165
179
-1
180
175
181
-1
182
108
183
-1
184
44
185
-1
186
123
187
-1
188
55
189
-1
190
141
191
-1
192
162
193
-1
194
64
195
-1
196
68
197
-1
198
38
199
-1
200
174
201
-1
202
35
203
-1
204
5
205
-1
206
148
207
-1
208
41
209
-1
210
146
211
-1
212
65
213
-1
214
125
215
-1
216
16
217
-1
218
150
219
-1
220
5
221
-1
222
146
223
-1
224
63
225
-1
226
80
227
-1
228
47
229
-1
230
166
231
-1
232
57
233
-1
234
176
235
-1
236
74
237
-1
238
153
239
-1
240
90
241
-1
242
26
243
-1
244
129
245
-1
246
20
247
-1
248
118
249
-1
250
128
251
-1
252
111
253
-1
254
59
255
-1
256
142
257
-1
258
141
259
-1
260
54
261
-1
262
106
263
-1
264
129
265
-1
266
102
267
-1
268
69
269
-1
270
70
271
-1
272
135
273
-1
274
152
275
-1
276
22
277
-1
278
131
279
-1
280
121
281
-1
282
133
283
-1
284
138
285
-1
286
130
287
-1
288
142
289
-1
290
37
291
-1
292
97
293
-1
294
172
295
-1
296
132
297
-1
298
18
299
-1
300
28
301
-1
302
51
303
-1
304
33
305
-1
306
113
307
-1
308
30
309
-1
310
18
311
-1
312
21
313
-1
314
187
315
-1
316
129
317
-1
318
7
319
-1
320
144
321
-1
322
69
323
-1
324
1
325
-1
326
11
327
-1
328
65
329
-1
330
35
331
-1
332
49
333
-1
334
12
335
-1
336
100
337
-1
338
25
339
-1
340
126
341
-1
342
150
343
-1
344
100
345
-1
346
76
347
-1
348
51
349
-1
350
99
351
-1
352
95
353
-1
354
20
355
-1
356
186
357
-1
358
51
359
-1
360
23
361
-1
362
188
363
-1
364
153
365
-1
366
152
367
-1
368
183
369
-1
370
41
371
-1
372
84
373
-1
374
19
375
-1
376
143
377
-1
378
85
379
-1
380
72
381
-1
382
93
383
-1
384
172
385
-1
386
63
387
-1
388
147
389
-1
390
134
391
-1
392
85
393
-1
394
8
395
-1
396
50
397
-1
398
124
399
-1
400
83
401
-1
402
85
403
-1
404
94
405
-1
406
34
407
-1
408
157
409
-1
410
12
411
-1
412
16
413
-1
414
91
415
-1
416
126
417
-1
418
140
419
-1
420
41
421
-1
422
104
423
-1
424
150
425
-1
426
38
427
-1
428
131
429
-1
430
67
431
-1
432
38
433
-1
434
132
435
-1
436
87
437
-1
438
159
439
-1
440
123
441
-1
442
162
443
-1
444
191
445
-1
446
161
447
-1
448
165
449
-1
450
107
451
-1
452
128
453
-1
454
15
455
-1
456
1
457
-1
458
85
459
-1
460
94
461
-1
462
144
463
-1
464
100
465
-1
466
12
467
-1
468
3
469
-1
470
185
471
-1
472
55
473
-1
474
20
475
-1
476
112
477
-1
478
7
479
-1
480
53
481
-1
482
142
483
-1
484
52
485
-1
486
182
487
-1
488
127
489
-1
490
183
491
-1
492
117
493
-1
494
152
495
-1
496
159
497
-1
498
16
499
-1
500
23
501
-1
502
89
503
-1
504
1
505
-1
506
99
507
-1
508
117
509
-1
510
170
511
-1
512
38
513
-1
514
35
515
-1
516
47
517
-1
518
58
519
-1
520
105
521
-1
522
19
523
-1
524
57
525
-1
526
132
527
-1
528
14
529
-1
530
93
531
-1
532
81
533
-1
534
69
535
-1
536
52
537
-1
538
140
539
-1
540
42
541
-1
542
127
543
-1
544
39
545
-1
546
34
547
-1
548
133
549
-1
550
143
551
-1
552
129
553
-1
554
140
555
-1
556
167
557
-1
558
102
559
-1
560
92
561
-1
562
154
563
-1
564
143
565
-1
566
175
567
-1
568
120
569
-1
570
86
571
-1
572
125
573
-1
574
68
575
-1
576
78
577
-1
578
116
579
-1
580
69
581
-1
582
118
583
-1
584
28
585
-1
586
74
587
-1
588
46
589
-1
590
170
591
-1
592
160
593
-1
594
152
595
-1
596
45
597
-1
598
8
599
-1
600
83
601
-1
602
90
603
-1
604
83
605
-1
606
115
607
-1
608
14
609
-1
610
44
611
-1
612
129
613
-1
614
34
615
-1
616
9
617
-1
618
35
619
-1
620
50
621
-1
622
79
623
-1
624
30
625
-1
626
161
627
-1
628
71
629
-1
630
169
631
-1
632
100
633
-1
634
72
635
-1
636
167
637
-1
638
140
639
-1
640
81
641
-1
642
77
643
-1
644
61
645
-1
646
16
647
-1
648
158
649
-1
650
111
651
-1
652
18
653
-1
654
8
655
-1
656
177
657
-1
658
165
659
-1
660
125
661
-1
662
0
663
-1
664
70
665
-1
666
72
667
-1
668
68
669
-1
670
147
671
-1
672
129
673
-1
674
7
675
-1
676
151
677
-1
678
103
679
-1
680
117
681
-1
682
45
683
-1
684
143
685
-1
686
72
687
-1
688
43
689
-1
690
189
691
-1
692
139
693
-1
694
123
695
-1
696
112
697
-1
698
17
699
-1
700
91
701
-1
702
129
703
-1
704
168
705
-1
706
90
707
-1
708
64
709
-1
710
58
711
-1
712
190
713
-1
714
172
715
-1
716
63
717
-1
718
63
719
-1
720
77
721
-1
722
131
723
-1
724
177
725
-1
726
116
727
-1
728
132
729
-1
730
75
731
-1
732
86
733
-1
734
39
735
-1
736
66
737
-1
738
98
739
-1
740
99
741
-1
742
78
743
-1
744
24
745
-1
746
191
747
-1
748
26
749
-1
750
32
751
-1
752
137
753
-1
754
165
755
-1
756
71
757
-1
758
61
759
-1
760
148
761
-1
762
131
763
-1
764
101
765
-1
766
41
767
-1
768
133
769
-1
770
28
771
-1
772
123
773
-1
774
131
775
-1
776
17
777
-1
778
129
779
-1
780
107
781
-1
782
6
783
-1
784
126
785
-1
786
12
787
-1
788
158
789
-1
790
20
791
-1
792
9
793
-1
794
28
795
-1
796
24
797
-1
798
68
799
-1
800
146
801
-1
802
143
803
-1
804
123
805
-1
806
23
807
-1
808
12
809
-1
810
99
811
-1
812
13
813
-1
814
115
815
-1
816
123
817
-1
818
175
819
-1
820
189
821
-1
822
108
823
-1
824
143
825
-1
826
127
827
-1
828
13
829
-1
830
170
831
-1
832
103
833
-1
834
20
835
-1
836
128
837
-1
838
100
839
-1
840
111
841
-1
842
173
843
-1
844
189
845
-1
846
63
847
-1
848
168
849
-1
850
3
851
-1
852
104
853
-1
854
17
855
-1
856
65
857
-1
858
123
859
-1
860
29
861
-1
862
144
863
-1
864
161
865
-1
866
15
867
-1
868
158
869
-1
870
57
871
-1
872
97
873
-1
874
3
875
-1
876
83
877
-1
878
30
879
-1
880
1
881
-1
882
115
883
-1
884
118
885
-1
886
27
887
-1
888
153
889
-1
890
22
891
-1
892
109
893
-1
894
118
895
-1
896
171
897
-1
898
173
899
-1
900
125
901
-1
902
118
903
-1
904
169
905
-1
906
95
907
-1
908
91
909
-1
910
11
911
-1
912
185
913
-1
914
95
915
-1
916
180
917
-1
918
128
919
-1
920
22
921
-1
922
141
923
-1
924
104
925
-1
926
160
927
-1
928
160
929
-1
930
7
931
-1
932
57
933
-1
934
55
935
-1
936
79
937
-1
938
32
939
-1
940
1
941
-1
942
97
943
-1
944
18
945
-1
946
60
947
-1
948
80
949
-1
950
101
951
-1
952
79
953
-1
954
159
955
-1
956
32
957
-1
958
12
959
-1
960
100
961
-1
962
26
963
-1
964
166
965
-1
966
154
967
-1
968
27
969
-1
970
100
971
-1
972
58
973
-1
974
77
975
-1
976
139
977
-1
978
16
979
-1
980
34
981
-1
982
167
983
-1
984
65
985
-1
986
156
987
-1
988
145
989
-1
990
53
991
-1
992
138
993
-1
994
0
995
-1
996
161
997
-1
998
93
999
-1
1000
54
1001
-1
1002
177
1003
-1
1004
128
1005
-1
1006
37
1007
-1
1008
43
1009
-1
1010
135
1011
-1
1012
164
1013
-1
1014
128
1015
-1
1016
106
1017
-1
1018
127
1019
-1
1020
41
1021
-1
1022
38
1023
-1
1024
95
1025
-1
1026
120
1027
-1
1028
104
1029
-1
1030
60
1031
-1
1032
63
1033
-1
1034
176
1035
-1
1036
168
1037
-1
1038
182
1039
-1
1040
21
1041
-1
1042
141
1043
-1
1044
189
1045
-1
1046
0
1047
-1
1048
115
1049
-1
1050
142
1051
-1
1052
45
1053
-1
1054
162
1055
-1
1056
53
1057
-1
1058
164
1059
-1
1060
163
1061
-1
1062
44
1063
-1
1064
106
1065
-1
1066
144
1067
-1
1068
145
1069
-1
1070
127
1071
-1
1072
85
1073
-1
1074
141
1075
-1
1076
83
1077
-1
1078
57
1079
-1
1080
15
1081
-1
1082
12
1083
-1
1084
90
1085
-1
1086
163
1087
-1
1088
14
1089
-1
1090
112
1091
-1
1092
178
1093
-1
1094
64
1095
-1
1096
70
1097
-1
1098
10
1099
-1
1100
85
1101
-1
1102
94
1103
-1
1104
186
1105
-1
1106
66
1107
-1
1108
172
1109
-1
1110
126
1111
-1
1112
96
1113
-1
1114
80
1115
-1
1116
131
1117
-1
1118
96
1119
-1
1120
32
1121
-1
1122
133
1123
-1
1124
7
1125
-1
1126
31
1127
-1
1128
87
1129
-1
1130
115
1131
-1
1132
99
1133
-1
1134
145
1135
-1
1136
43
1137
-1
1138
155
1139
-1
1140
19
1141
-1
1142
183
1143
-1
1144
119
1145
-1
1146
115
1147
-1
1148
69
1149
-1
1150
76
1151
-1
1152
22
1153
-1
1154
60
1155
-1
1156
150
1157
-1
1158
171
1159
-1
1160
36
1161
-1
1162
81
1163
-1
1164
49
1165
-1
1166
35
1167
-1
1168
10
1169
-1
1170
31
1171
-1
1172
71
1173
-1
1174
59
1175
-1
1176
92
1177
-1
1178
120
1179
-1
1180
186
1181
-1
1182
139
1183
-1
1184
89
1185
-1
1186
184
1187
-1
1188
112
1189
-1
1190
111
1191
-1
1192
130
1193
-1
1194
163
1195
-1
1196
111
1197
-1
1198
138
1199
-1
1200
146
1201
-1
1202
81
1203
-1
1204
170
1205
-1
1206
122
1207
-1
1208
151
1209
-1
1210
182
1211
-1
1212
120
1213
-1
1214
95
1215
-1
1216
116
1217
-1
1218
164
1219
-1
1220
53
1221
-1
1222
85
1223
-1
1224
24
1225
-1
1226
179
1227
-1
1228
73
1229
-1
1230
186
1231
-1
1232
18
1233
-1
1234
152
1235
-1
1236
177
1237
-1
1238
174
1239
-1
1240
17
1241
-1
1242
30
1243
-1
1244
101
1245
-1
1246
51
1247
-1
1248
107
1249
-1
1250
21
1251
-1
1252
109
1253
-1
1254
122
1255
-1
1256
151
1257
-1
1258
133
1259
-1
1260
176
1261
-1
1262
68
1263
-1
1264
134
1265
-1
1266
163
1267
-1
1268
99
1269
-1
1270
3
1271
-1
1272
65
1273
-1
1274
145
1275
-1
1276
27
1277
-1
1278
159
1279
-1
1280
20
1281
-1
1282
131
1283
-1
1284
61
1285
-1
1286
188
1287
-1
1288
175
1289
-1
1290
120
1291
-1
1292
153
1293
-1
1294
148
1295
-1
1296
159
1297
-1
1298
146
1299
-1
1300
185
1301
-1
1302
18
1303
-1
1304
157
1305
-1
1306
23
1307
-1
1308
123
1309
-1
1310
107
1311
-1
1312
17
1313
-1
1314
87
1315
-1
1316
53
1317
-1
1318
114
1319
-1
1320
75
1321
-1
1322
43
1323
-1
1324
156
1325
-1
1326
96
1327
-1
1328
70
1329
-1
1330
74
1331
-1
1332
62
1333
-1
1334
156
1335
-1
1336
92
1337
-1
1338
30
1339
-1
1340
85
1341
-1
1342
142
1343
-1
1344
71
1345
-1
1346
174
1347
-1
1348
53
1349
-1
1350
53
1351
-1
1352
36
1353
-1
1354
69
1355
-1
1356
53
1357
-1
1358
83
1359
-1
1360
8
1361
-1
1362
116
1363
-1
1364
125
1365
-1
1366
0
1367
-1
1368
162
1369
-1
1370
93
1371
-1
1372
162
1373
-1
1374
15
1375
-1
1376
77
1377
-1
1378
65
1379
-1
1380
190
1381
-1
1382
0
1383
-1
1384
107
1385
-1
1386
44
1387
-1
1388
80
1389
-1
1390
145
1391
-1
1392
102
1393
-1
1394
187
1395
-1
1396
169
1397
-1
1398
169
1399
-1
1400
111
1401
-1
1402
29
1403
-1
1404
182
1405
-1
1406
33
1407
-1
1408
190
1409
-1
1410
40
1411
-1
1412
78
1413
-1
1414
50
1415
-1
1416
67
1417
-1
1418
152
1419
-1
1420
45
1421
-1
1422
161
1423
-1
1424
129
1425
-1
1426
179
1427
-1
1428
173
1429
-1
1430
23
1431
-1
1432
167
1433
-1
1434
99
1435
-1
1436
79
1437
-1
1438
3
1439
-1
1440
72
1441
-1
1442
156
1443
-1
1444
71
1445
-1
1446
58
1447
-1
1448
158
1449
-1
1450
103
1451
-1
1452
141
1453
-1
1454
0
1455
-1
1456
94
1457
-1
1458
118
1459
-1
1460
64
1461
-1
1462
177
1463
-1
1464
169
1465
-1
1466
66
1467
-1
1468
38
1469
-1
1470
23
1471
-1
1472
42
1473
-1
1474
79
1475
-1
1476
125
1477
-1
1478
6
1479
-1
1480
183
1481
-1
1482
139
1483
-1
1484
86
1485
-1
1486
180
1487
-1
1488
74
1489
-1
1490
83
1491
-1
1492
21
1493
-1
1494
18
1495
-1
1496
52
1497
-1
1498
159
1499
-1
1500
76
1501
-1
1502
116
1503
-1
1504
159
1505
-1
1506
21
1507
-1
1508
128
1509
-1
1510
124
1511
-1
1512
30
1513
-1
1514
53
1515
-1
1516
23
1517
-1
1518
185
1519
-1
1520
72
1521
-1
1522
16
1523
-1
1524
41
1525
-1
1526
147
1527
-1
1528
184
1529
-1
1530
65
1531
-1
1532
177
1533
-1
1534
41
1535
-1
1536
70
1537
-1
1538
83
1539
-1
1540
53
1541
-1
1542
55
1543
-1
1544
163
1545
-1
1546
126
1547
-1
1548
187
1549
-1
1550
178
1551
-1
1552
134
1553
-1
1554
99
1555
-1
1556
117
1557
-1
1558
48
1559
-1
1560
84
1561
-1
1562
165
1563
-1
1564
132
1565
-1
1566
94
1567
-1
1568
120
1569
-1
1570
163
1571
-1
1572
45
1573
-1
1574
121
1575
-1
1576
20
1577
-1
1578
13
1579
-1
1580
98
1581
-1
1582
185
1583
-1
1584
58
1585
-1
1586
79
1587
-1
1588
123
1589
-1
1590
109
1591
-1
1592
179
1593
-1
1594
97
1595
-1
1596
131
1597
-1
1598
78
1599
-1
1600
108
1601
-1
1602
133
1603
-1
1604
60
1605
-1
1606
131
1607
-1
1608
126
1609
-1
1610
56
1611
-1
1612
38
1613
-1
1614
94
1615
-1
1616
175
1617
-1
1618
67
1619
-1
1620
176
1621
-1
1622
133
1623
-1
1624
45
1625
-1
1626
169
1627
-1
1628
131
1629
-1
1630
16
1631
-1
1632
151
1633
-1
1634
70
1635
-1
1636
63
1637
-1
1638
34
1639
-1
1640
167
1641
-1
1642
47
1643
-1
1644
133
1645
-1
1646
79
1647
-1
1648
136
1649
-1
1650
104
1651
-1
1652
100
1653
-1
1654
63
1655
-1
1656
153
1657
-1
1658
114
1659
-1
1660
40
1661
-1
1662
184
1663
-1
1664
48
1665
-1
1666
187
1667
-1
1668
77
1669
-1
1670
19
1671
-1
1672
160
1673
-1
1674
68
1675
-1
1676
75
1677
-1
1678
165
1679
-1
1680
49
1681
-1
1682
17
1683
-1
1684
146
1685
-1
1686
142
1687
-1
1688
162
1689
-1
1690
97
1691
-1
1692
187
1693
-1
1694
131
1695
-1
1696
73
1697
-1
1698
164
1699
-1
1700
175
1701
-1
1702
82
1703
-1
1704
44
1705
-1
1706
184
1707
-1
1708
23
1709
-1
1710
81
1711
-1
1712
168
1713
-1
1714
18
1715
-1
1716
171
1717
-1
1718
176
1719
-1
1720
169
1721
-1
1722
83
1723
-1
1724
101
1725
-1
1726
146
1727
-1
1728
60
1729
-1
1730
40
1731
-1
1732
13
1733
-1
1734
156
1735
-1
1736
85
1737
-1
1738
179
1739
-1
1740
69
1741
-1
1742
101
1743
-1
1744
68
1745
-1
1746
47
1747
-1
1748
39
1749
-1
1750
86
1751
-1
1752
44
1753
-1
1754
139
1755
-1
1756
125
1757
-1
1758
78
1759
-1
1760
172
1761
-1
1762
154
1763
-1
1764
102
1765
-1
1766
16
1767
-1
1768
2
1769
-1
1770
22
1771
-1
1772
93
1773
-1
1774
114
1775
-1
1776
27
1777
-1
1778
83
1779
-1
1780
181
1781
-1
1782
149
1783
-1
1784
177
1785
-1
1786
111
1787
-1
1788
47
1789
-1
1790
158
1791
-1
1792
15
1793
-1
1794
11
1795
-1
1796
32
1797
-1
1798
91
1799
-1
1800
124
1801
-1
1802
124
1803
-1
1804
76
1805
-1
1806
88
1807
-1
1808
10
1809
-1
1810
57
1811
-1
1812
104
1813
-1
1814
142
1815
-1
1816
96
1817
-1
1818
6
1819
-1
1820
151
1821
-1
1822
47
1823
-1
1824
180
1825
-1
1826
64
1827
-1
1828
74
1829
-1
1830
118
1831
-1
1832
115
1833
-1
1834
13
1835
-1
1836
150
1837
-1
1838
45
1839
-1
1840
83
1841
-1
1842
77
1843
-1
1844
20
1845
-1
1846
13
1847
-1
1848
161
1849
-1
1850
98
1851
-1
1852
1
1853
-1
1854
115
1855
-1
1856
40
1857
-1
1858
124
1859
-1
1860
94
1861
-1
1862
180
1863
-1
1864
35
1865
-1
1866
17
1867
-1
1868
146
1869
-1
1870
31
1871
-1
1872
54
1873
-1
1874
8
1875
-1
1876
165
1877
-1
1878
128
1879
-1
1880
80
1881
-1
1882
135
1883
-1
1884
90
1885
-1
1886
107
1887
-1
1888
128
1889
-1
1890
126
1891
-1
1892
131
1893
-1
1894
163
1895
-1
1896
89
1897
-1
1898
189
1899
-1
1900
61
1901
-1
1902
115
1903
-1
1904
48
1905
-1
1906
108
1907
-1
1908
90
1909
-1
1910
172
1911
-1
1912
70
1913
-1
1914
4
1915
-1
1916
15
1917
-1
1918
141
1919
-1
1920
41
1921
-1
1922
66
1923
-1
1924
127
1925
-1
1926
155
1927
-1
1928
53
1929
-1
1930
132
1931
-1
1932
67
1933
-1
1934
186
1935
-1
1936
54
1937
-1
1938
138
1939
-1
1940
87
1941
-1
1942
38
1943
-1
1944
20
1945
-1
1946
150
1947
-1
1948
151
1949
-1
1950
6
1951
-1
1952
68
1953
-1
1954
13
1955
-1
1956
95
1957
-1
1958
56
1959
-1
1960
35
1961
-1
1962
171
1963
-1
1964
47
1965
-1
1966
169
1967
-1
1968
128
1969
-1
1970
47
1971
-1
1972
174
1973
-1
1974
180
1975
-1
1976
71
1977
-1
1978
84
1979
-1
1980
142
1981
-1
1982
152
1983
-1
1984
89
1985
-1
1986
171
1987
-1
1988
40
1989
-1
1990
175
1991
-1
1992
89
1993
-1
1994
83
1995
-1
1996
34
1997
-1
1998
156
1999
-1
