********************************************************************************
The planted motif0 is:
GTTTTTATT
0
97
1
165
2
107
3
5
4
-1
5
29
6
145
7
35
8
62
9
-1
10
161
11
104
12
173
13
111
14
-1
15
45
16
81
17
21
18
116
19
-1
20
130
21
159
22
178
23
4
24
-1
25
67
26
83
27
120
28
87
29
-1
30
94
31
158
32
106
33
3
34
-1
35
120
36
48
37
18
38
97
39
-1
40
27
41
91
42
7
43
179
44
-1
45
73
46
68
47
110
48
112
49
-1
50
110
51
133
52
127
53
28
54
-1
55
138
56
41
57
42
58
73
59
-1
60
24
61
42
62
161
63
133
64
-1
65
156
66
148
67
152
68
51
69
-1
70
60
71
39
72
74
73
135
74
-1
75
4
76
40
77
185
78
165
79
-1
80
175
81
108
82
44
83
123
84
-1
85
55
86
141
87
162
88
64
89
-1
90
68
91
38
92
174
93
35
94
-1
95
5
96
148
97
41
98
146
99
-1
100
65
101
125
102
16
103
150
104
-1
105
5
106
146
107
63
108
80
109
-1
110
47
111
166
112
57
113
176
114
-1
115
74
116
153
117
90
118
26
119
-1
120
129
121
20
122
118
123
128
124
-1
125
111
126
59
127
142
128
141
129
-1
130
54
131
106
132
129
133
102
134
-1
135
69
136
70
137
135
138
152
139
-1
140
22
141
131
142
121
143
133
144
-1
145
138
146
130
147
142
148
37
149
-1
150
97
151
172
152
132
153
18
154
-1
155
28
156
51
157
33
158
113
159
-1
160
30
161
18
162
21
163
187
164
-1
165
129
166
7
167
144
168
69
169
-1
170
1
171
11
172
65
173
35
174
-1
175
49
176
12
177
100
178
25
179
-1
180
126
181
150
182
100
183
76
184
-1
185
51
186
99
187
95
188
20
189
-1
190
186
191
51
192
23
193
188
194
-1
195
153
196
152
197
183
198
41
199
-1
200
84
201
19
202
143
203
85
204
-1
205
72
206
93
207
172
208
63
209
-1
210
147
211
134
212
85
213
8
214
-1
215
50
216
124
217
83
218
85
219
-1
220
94
221
34
222
157
223
12
224
-1
225
16
226
91
227
126
228
140
229
-1
230
41
231
104
232
150
233
38
234
-1
235
131
236
67
237
38
238
132
239
-1
240
87
241
159
242
123
243
162
244
-1
245
191
246
161
247
165
248
107
249
-1
250
128
251
15
252
1
253
85
254
-1
255
94
256
144
257
100
258
12
259
-1
260
3
261
185
262
55
263
20
264
-1
265
112
266
7
267
53
268
142
269
-1
270
52
271
182
272
127
273
183
274
-1
275
117
276
152
277
159
278
16
279
-1
280
23
281
89
282
1
283
99
284
-1
285
117
286
170
287
38
288
35
289
-1
290
47
291
58
292
105
293
19
294
-1
295
57
296
132
297
14
298
93
299
-1
300
81
301
69
302
52
303
140
304
-1
305
42
306
127
307
39
308
34
309
-1
310
133
311
143
312
129
313
140
314
-1
315
167
316
102
317
92
318
154
319
-1
320
143
321
175
322
120
323
86
324
-1
325
125
326
68
327
78
328
116
329
-1
330
69
331
118
332
28
333
74
334
-1
335
46
336
170
337
160
338
152
339
-1
340
45
341
8
342
83
343
90
344
-1
345
83
346
115
347
14
348
44
349
-1
350
129
351
34
352
9
353
35
354
-1
355
50
356
79
357
30
358
161
359
-1
360
71
361
169
362
100
363
72
364
-1
365
167
366
140
367
81
368
77
369
-1
370
61
371
16
372
158
373
111
374
-1
375
18
376
8
377
177
378
165
379
-1
380
125
381
0
382
70
383
72
384
-1
385
68
386
147
387
129
388
7
389
-1
390
151
391
103
392
117
393
45
394
-1
395
143
396
72
397
43
398
189
399
-1
400
139
401
123
402
112
403
17
404
-1
405
91
406
129
407
168
408
90
409
-1
410
64
411
58
412
190
413
172
414
-1
415
63
416
63
417
77
418
131
419
-1
420
177
421
116
422
132
423
75
424
-1
425
86
426
39
427
66
428
98
429
-1
430
99
431
78
432
24
433
191
434
-1
435
26
436
32
437
137
438
165
439
-1
440
71
441
61
442
148
443
131
444
-1
445
101
446
41
447
133
448
28
449
-1
450
123
451
131
452
17
453
129
454
-1
455
107
456
6
457
126
458
12
459
-1
460
158
461
20
462
9
463
28
464
-1
465
24
466
68
467
146
468
143
469
-1
470
123
471
23
472
12
473
99
474
-1
475
13
476
115
477
123
478
175
479
-1
480
189
481
108
482
143
483
127
484
-1
485
13
486
170
487
103
488
20
489
-1
490
128
491
100
492
111
493
173
494
-1
495
189
496
63
497
168
498
3
499
-1
500
104
501
17
502
65
503
123
504
-1
505
29
506
144
507
161
508
15
509
-1
510
158
511
57
512
97
513
3
514
-1
515
83
516
30
517
1
518
115
519
-1
520
118
521
27
522
153
523
22
524
-1
525
109
526
118
527
171
528
173
529
-1
530
125
531
118
532
169
533
95
534
-1
535
91
536
11
537
185
538
95
539
-1
540
180
541
128
542
22
543
141
544
-1
545
104
546
160
547
160
548
7
549
-1
550
57
551
55
552
79
553
32
554
-1
555
1
556
97
557
18
558
60
559
-1
560
80
561
101
562
79
563
159
564
-1
565
32
566
12
567
100
568
26
569
-1
570
166
571
154
572
27
573
100
574
-1
575
58
576
77
577
139
578
16
579
-1
580
34
581
167
582
65
583
156
584
-1
585
145
586
53
587
138
588
0
589
-1
590
161
591
93
592
54
593
177
594
-1
595
128
596
37
597
43
598
135
599
-1
600
164
601
128
602
106
603
127
604
-1
605
41
606
38
607
95
608
120
609
-1
610
104
611
60
612
63
613
176
614
-1
615
168
616
182
617
21
618
141
619
-1
620
189
621
0
622
115
623
142
624
-1
625
45
626
162
627
53
628
164
629
-1
630
163
631
44
632
106
633
144
634
-1
635
145
636
127
637
85
638
141
639
-1
640
83
641
57
642
15
643
12
644
-1
645
90
646
163
647
14
648
112
649
-1
650
178
651
64
652
70
653
10
654
-1
655
85
656
94
657
186
658
66
659
-1
660
172
661
126
662
96
663
80
664
-1
665
131
666
96
667
32
668
133
669
-1
670
7
671
31
672
87
673
115
674
-1
675
99
676
145
677
43
678
155
679
-1
680
19
681
183
682
119
683
115
684
-1
685
69
686
76
687
22
688
60
689
-1
690
150
691
171
692
36
693
81
694
-1
695
49
696
35
697
10
698
31
699
-1
700
71
701
59
702
92
703
120
704
-1
705
186
706
139
707
89
708
184
709
-1
710
112
711
111
712
130
713
163
714
-1
715
111
716
138
717
146
718
81
719
-1
720
170
721
122
722
151
723
182
724
-1
725
120
726
95
727
116
728
164
729
-1
730
53
731
85
732
24
733
179
734
-1
735
73
736
186
737
18
738
152
739
-1
740
177
741
174
742
17
743
30
744
-1
745
101
746
51
747
107
748
21
749
-1
750
109
751
122
752
151
753
133
754
-1
755
176
756
68
757
134
758
163
759
-1
760
99
761
3
762
65
763
145
764
-1
765
27
766
159
767
20
768
131
769
-1
770
61
771
188
772
175
773
120
774
-1
775
153
776
148
777
159
778
146
779
-1
780
185
781
18
782
157
783
23
784
-1
785
123
786
107
787
17
788
87
789
-1
790
53
791
114
792
75
793
43
794
-1
795
156
796
96
797
70
798
74
799
-1
800
62
801
156
802
92
803
30
804
-1
805
85
806
142
807
71
808
174
809
-1
810
53
811
53
812
36
813
69
814
-1
815
53
816
83
817
8
818
116
819
-1
820
125
821
0
822
162
823
93
824
-1
825
162
826
15
827
77
828
65
829
-1
830
190
831
0
832
107
833
44
834
-1
835
80
836
145
837
102
838
187
839
-1
840
169
841
169
842
111
843
29
844
-1
845
182
846
33
847
190
848
40
849
-1
850
78
851
50
852
67
853
152
854
-1
855
45
856
161
857
129
858
179
859
-1
860
173
861
23
862
167
863
99
864
-1
865
79
866
3
867
72
868
156
869
-1
870
71
871
58
872
158
873
103
874
-1
875
141
876
0
877
94
878
118
879
-1
880
64
881
177
882
169
883
66
884
-1
885
38
886
23
887
42
888
79
889
-1
890
125
891
6
892
183
893
139
894
-1
895
86
896
180
897
74
898
83
899
-1
900
21
901
18
902
52
903
159
904
-1
905
76
906
116
907
159
908
21
909
-1
910
128
911
124
912
30
913
53
914
-1
915
23
916
185
917
72
918
16
919
-1
920
41
921
147
922
184
923
65
924
-1
925
177
926
41
927
70
928
83
929
-1
930
53
931
55
932
163
933
126
934
-1
935
187
936
178
937
134
938
99
939
-1
940
117
941
48
942
84
943
165
944
-1
945
132
946
94
947
120
948
163
949
-1
950
45
951
121
952
20
953
13
954
-1
955
98
956
185
957
58
958
79
959
-1
960
123
961
109
962
179
963
97
964
-1
965
131
966
78
967
108
968
133
969
-1
970
60
971
131
972
126
973
56
974
-1
975
38
976
94
977
175
978
67
979
-1
980
176
981
133
982
45
983
169
984
-1
985
131
986
16
987
151
988
70
989
-1
990
63
991
34
992
167
993
47
994
-1
995
133
996
79
997
136
998
104
999
-1
