********************************************************************************
The planted motif0 is:
TGCCCATCGGCTTCG
0
151
1
-1
2
140
3
-1
4
182
5
-1
6
76
7
-1
8
38
9
-1
10
157
11
-1
12
49
13
-1
14
166
15
-1
16
0
17
-1
18
125
19
-1
20
30
21
-1
22
55
23
-1
24
18
25
-1
26
24
27
-1
28
173
29
-1
30
175
31
-1
32
0
33
-1
34
142
35
-1
36
50
37
-1
38
93
39
-1
40
162
41
-1
42
69
43
-1
44
140
45
-1
46
135
47
-1
48
40
49
-1
50
142
51
-1
52
143
53
-1
54
129
55
-1
56
109
57
-1
58
90
59
-1
60
146
61
-1
62
39
63
-1
64
7
65
-1
66
27
67
-1
68
48
69
-1
70
10
71
-1
72
32
73
-1
74
158
75
-1
76
114
77
-1
78
71
79
-1
80
167
81
-1
82
172
83
-1
84
23
85
-1
86
56
87
-1
88
137
89
-1
90
101
91
-1
92
94
93
-1
94
168
95
-1
96
161
97
-1
98
2
99
-1
100
15
101
-1
102
110
103
-1
104
77
105
-1
106
28
107
-1
108
171
109
-1
110
122
111
-1
112
38
113
-1
114
147
115
-1
116
12
117
-1
118
134
119
-1
120
39
121
-1
122
32
123
-1
124
58
125
-1
126
74
127
-1
128
129
129
-1
130
143
131
-1
132
100
133
-1
134
153
135
-1
136
12
137
-1
138
76
139
-1
140
135
141
-1
142
102
143
-1
144
21
145
-1
146
154
147
-1
148
63
149
-1
150
152
151
-1
152
166
153
-1
154
35
155
-1
156
19
157
-1
158
31
159
-1
160
150
161
-1
162
154
163
-1
164
88
165
-1
166
85
167
-1
168
109
169
-1
170
178
171
-1
172
0
173
-1
174
150
175
-1
176
136
177
-1
178
177
179
-1
180
123
181
-1
182
77
183
-1
184
78
185
-1
186
96
187
-1
188
177
189
-1
190
115
191
-1
192
117
193
-1
194
49
195
-1
196
66
197
-1
198
75
199
-1
200
67
201
-1
202
131
203
-1
204
101
205
-1
206
59
207
-1
208
109
209
-1
210
0
211
-1
212
100
213
-1
214
103
215
-1
216
54
217
-1
218
132
219
-1
220
184
221
-1
222
142
223
-1
224
123
225
-1
226
111
227
-1
228
17
229
-1
230
182
231
-1
232
150
233
-1
234
81
235
-1
236
179
237
-1
238
134
239
-1
240
15
241
-1
242
116
243
-1
244
39
245
-1
246
35
247
-1
248
66
249
-1
250
49
251
-1
252
95
253
-1
254
25
255
-1
256
36
257
-1
258
3
259
-1
260
4
261
-1
262
129
263
-1
264
45
265
-1
266
50
267
-1
268
37
269
-1
270
74
271
-1
272
134
273
-1
274
166
275
-1
276
119
277
-1
278
19
279
-1
280
166
281
-1
282
184
283
-1
284
7
285
-1
286
72
287
-1
288
10
289
-1
290
163
291
-1
292
162
293
-1
294
182
295
-1
296
185
297
-1
298
74
299
-1
300
6
301
-1
302
68
303
-1
304
119
305
-1
306
103
307
-1
308
158
309
-1
310
0
311
-1
312
63
313
-1
314
105
315
-1
316
69
317
-1
318
36
319
-1
320
131
321
-1
322
185
323
-1
324
45
325
-1
326
131
327
-1
328
14
329
-1
330
159
331
-1
332
169
333
-1
334
151
335
-1
336
184
337
-1
338
78
339
-1
340
46
341
-1
342
84
343
-1
344
69
345
-1
346
113
347
-1
348
85
349
-1
350
176
351
-1
352
34
353
-1
354
103
355
-1
356
65
357
-1
358
40
359
-1
360
100
361
-1
362
32
363
-1
364
37
365
-1
366
153
367
-1
368
105
369
-1
370
80
371
-1
372
129
373
-1
374
160
375
-1
376
5
377
-1
378
71
379
-1
380
145
381
-1
382
27
383
-1
384
117
385
-1
386
146
387
-1
388
110
389
-1
390
173
391
-1
392
89
393
-1
394
28
395
-1
396
147
397
-1
398
7
399
-1
400
159
401
-1
402
6
403
-1
404
170
405
-1
406
159
407
-1
408
159
409
-1
410
105
411
-1
412
94
413
-1
414
104
415
-1
416
60
417
-1
418
133
419
-1
420
87
421
-1
422
166
423
-1
424
133
425
-1
426
47
427
-1
428
45
429
-1
430
110
431
-1
432
29
433
-1
434
180
435
-1
436
74
437
-1
438
76
439
-1
440
53
441
-1
442
25
443
-1
444
132
445
-1
446
176
447
-1
448
131
449
-1
450
62
451
-1
452
30
453
-1
454
38
455
-1
456
99
457
-1
458
82
459
-1
460
172
461
-1
462
32
463
-1
464
64
465
-1
466
2
467
-1
468
40
469
-1
470
32
471
-1
472
15
473
-1
474
62
475
-1
476
89
477
-1
478
24
479
-1
480
101
481
-1
482
7
483
-1
484
14
485
-1
486
176
487
-1
488
45
489
-1
490
34
491
-1
492
171
493
-1
494
17
495
-1
496
170
497
-1
498
169
499
-1
500
72
501
-1
502
77
503
-1
504
77
505
-1
506
157
507
-1
508
10
509
-1
510
60
511
-1
512
59
513
-1
514
92
515
-1
516
159
517
-1
518
101
519
-1
520
97
521
-1
522
160
523
-1
524
134
525
-1
526
135
527
-1
528
24
529
-1
530
62
531
-1
532
141
533
-1
534
129
535
-1
536
17
537
-1
538
156
539
-1
540
106
541
-1
542
90
543
-1
544
164
545
-1
546
117
547
-1
548
63
549
-1
550
121
551
-1
552
157
553
-1
554
163
555
-1
556
171
557
-1
558
135
559
-1
560
35
561
-1
562
30
563
-1
564
61
565
-1
566
159
567
-1
568
25
569
-1
570
165
571
-1
572
124
573
-1
574
113
575
-1
576
91
577
-1
578
105
579
-1
580
126
581
-1
582
120
583
-1
584
34
585
-1
586
28
587
-1
588
124
589
-1
590
148
591
-1
592
69
593
-1
594
93
595
-1
596
173
597
-1
598
131
599
-1
600
39
601
-1
602
104
603
-1
604
48
605
-1
606
57
607
-1
608
92
609
-1
610
81
611
-1
612
72
613
-1
614
176
615
-1
616
165
617
-1
618
18
619
-1
620
18
621
-1
622
113
623
-1
624
170
625
-1
626
170
627
-1
628
47
629
-1
630
147
631
-1
632
83
633
-1
634
55
635
-1
636
46
637
-1
638
35
639
-1
640
83
641
-1
642
47
643
-1
644
1
645
-1
646
58
647
-1
648
3
649
-1
650
113
651
-1
652
179
653
-1
654
9
655
-1
656
47
657
-1
658
126
659
-1
660
78
661
-1
662
102
663
-1
664
26
665
-1
666
146
667
-1
668
135
669
-1
670
34
671
-1
672
24
673
-1
674
92
675
-1
676
86
677
-1
678
125
679
-1
680
33
681
-1
682
167
683
-1
684
144
685
-1
686
135
687
-1
688
7
689
-1
690
103
691
-1
692
183
693
-1
694
67
695
-1
696
147
697
-1
698
84
699
-1
700
41
701
-1
702
169
703
-1
704
37
705
-1
706
50
707
-1
708
163
709
-1
710
8
711
-1
712
182
713
-1
714
52
715
-1
716
39
717
-1
718
47
719
-1
720
129
721
-1
722
123
723
-1
724
180
725
-1
726
135
727
-1
728
74
729
-1
730
101
731
-1
732
137
733
-1
734
51
735
-1
736
5
737
-1
738
24
739
-1
740
185
741
-1
742
171
743
-1
744
44
745
-1
746
63
747
-1
748
7
749
-1
750
75
751
-1
752
113
753
-1
754
0
755
-1
756
121
757
-1
758
67
759
-1
760
136
761
-1
762
165
763
-1
764
63
765
-1
766
22
767
-1
768
25
769
-1
770
4
771
-1
772
33
773
-1
774
59
775
-1
776
101
777
-1
778
130
779
-1
780
79
781
-1
782
23
783
-1
784
13
785
-1
786
95
787
-1
788
119
789
-1
790
185
791
-1
792
156
793
-1
794
14
795
-1
796
160
797
-1
798
63
799
-1
800
176
801
-1
802
58
803
-1
804
64
805
-1
806
169
807
-1
808
9
809
-1
810
1
811
-1
812
157
813
-1
814
110
815
-1
816
73
817
-1
818
115
819
-1
820
174
821
-1
822
132
823
-1
824
62
825
-1
826
59
827
-1
828
91
829
-1
830
81
831
-1
832
50
833
-1
834
174
835
-1
836
76
837
-1
838
26
839
-1
840
88
841
-1
842
106
843
-1
844
111
845
-1
846
52
847
-1
848
64
849
-1
850
113
851
-1
852
133
853
-1
854
178
855
-1
856
106
857
-1
858
113
859
-1
860
53
861
-1
862
72
863
-1
864
31
865
-1
866
35
867
-1
868
84
869
-1
870
54
871
-1
872
173
873
-1
874
21
875
-1
876
156
877
-1
878
177
879
-1
880
182
881
-1
882
73
883
-1
884
61
885
-1
886
99
887
-1
888
50
889
-1
890
116
891
-1
892
100
893
-1
894
67
895
-1
896
137
897
-1
898
182
899
-1
900
5
901
-1
902
72
903
-1
904
176
905
-1
906
120
907
-1
908
27
909
-1
910
134
911
-1
912
48
913
-1
914
182
915
-1
916
69
917
-1
918
147
919
-1
920
159
921
-1
922
174
923
-1
924
115
925
-1
926
100
927
-1
928
33
929
-1
930
162
931
-1
932
53
933
-1
934
182
935
-1
936
73
937
-1
938
44
939
-1
940
112
941
-1
942
66
943
-1
944
175
945
-1
946
127
947
-1
948
1
949
-1
950
153
951
-1
952
113
953
-1
954
171
955
-1
956
141
957
-1
958
54
959
-1
960
54
961
-1
962
127
963
-1
964
8
965
-1
966
94
967
-1
968
136
969
-1
970
46
971
-1
972
82
973
-1
974
136
975
-1
976
91
977
-1
978
46
979
-1
980
174
981
-1
982
144
983
-1
984
10
985
-1
986
120
987
-1
988
102
989
-1
990
98
991
-1
992
173
993
-1
994
108
995
-1
996
80
997
-1
998
13
999
-1
