********************************************************************************
The planted motif0 is:
CTCATGGAG
0
7
1
179
2
73
3
68
4
-1
5
110
6
112
7
110
8
133
9
-1
10
127
11
28
12
138
13
41
14
-1
15
42
16
73
17
24
18
42
19
-1
20
161
21
133
22
156
23
148
24
-1
25
152
26
51
27
60
28
39
29
-1
30
74
31
135
32
4
33
40
34
-1
35
185
36
165
37
175
38
108
39
-1
40
44
41
123
42
55
43
141
44
-1
45
162
46
64
47
68
48
38
49
-1
50
174
51
35
52
5
53
148
54
-1
55
41
56
146
57
65
58
125
59
-1
60
16
61
150
62
5
63
146
64
-1
65
63
66
80
67
47
68
166
69
-1
70
57
71
176
72
74
73
153
74
-1
75
90
76
26
77
129
78
20
79
-1
80
118
81
128
82
111
83
59
84
-1
85
142
86
141
87
54
88
106
89
-1
90
129
91
102
92
69
93
70
94
-1
95
135
96
152
97
22
98
131
99
-1
100
121
101
133
102
138
103
130
104
-1
105
142
106
37
107
97
108
172
109
-1
110
132
111
18
112
28
113
51
114
-1
115
33
116
113
117
30
118
18
119
-1
120
21
121
187
122
129
123
7
124
-1
125
144
126
69
127
1
128
11
129
-1
130
65
131
35
132
49
133
12
134
-1
135
100
136
25
137
126
138
150
139
-1
140
100
141
76
142
51
143
99
144
-1
145
95
146
20
147
186
148
51
149
-1
150
23
151
188
152
153
153
152
154
-1
155
183
156
41
157
84
158
19
159
-1
160
143
161
85
162
72
163
93
164
-1
165
172
166
63
167
147
168
134
169
-1
170
85
171
8
172
50
173
124
174
-1
175
83
176
85
177
94
178
34
179
-1
180
157
181
12
182
16
183
91
184
-1
185
126
186
140
187
41
188
104
189
-1
190
150
191
38
192
131
193
67
194
-1
195
38
196
132
197
87
198
159
199
-1
200
123
201
162
202
191
203
161
204
-1
205
165
206
107
207
128
208
15
209
-1
210
1
211
85
212
94
213
144
214
-1
215
100
216
12
217
3
218
185
219
-1
220
55
221
20
222
112
223
7
224
-1
225
53
226
142
227
52
228
182
229
-1
230
127
231
183
232
117
233
152
234
-1
235
159
236
16
237
23
238
89
239
-1
240
1
241
99
242
117
243
170
244
-1
245
38
246
35
247
47
248
58
249
-1
250
105
251
19
252
57
253
132
254
-1
255
14
256
93
257
81
258
69
259
-1
260
52
261
140
262
42
263
127
264
-1
265
39
266
34
267
133
268
143
269
-1
270
129
271
140
272
167
273
102
274
-1
275
92
276
154
277
143
278
175
279
-1
280
120
281
86
282
125
283
68
284
-1
285
78
286
116
287
69
288
118
289
-1
290
28
291
74
292
46
293
170
294
-1
295
160
296
152
297
45
298
8
299
-1
300
83
301
90
302
83
303
115
304
-1
305
14
306
44
307
129
308
34
309
-1
310
9
311
35
312
50
313
79
314
-1
315
30
316
161
317
71
318
169
319
-1
320
100
321
72
322
167
323
140
324
-1
325
81
326
77
327
61
328
16
329
-1
330
158
331
111
332
18
333
8
334
-1
335
177
336
165
337
125
338
0
339
-1
340
70
341
72
342
68
343
147
344
-1
345
129
346
7
347
151
348
103
349
-1
350
117
351
45
352
143
353
72
354
-1
355
43
356
189
357
139
358
123
359
-1
360
112
361
17
362
91
363
129
364
-1
365
168
366
90
367
64
368
58
369
-1
370
190
371
172
372
63
373
63
374
-1
375
77
376
131
377
177
378
116
379
-1
380
132
381
75
382
86
383
39
384
-1
385
66
386
98
387
99
388
78
389
-1
390
24
391
191
392
26
393
32
394
-1
395
137
396
165
397
71
398
61
399
-1
400
148
401
131
402
101
403
41
404
-1
405
133
406
28
407
123
408
131
409
-1
410
17
411
129
412
107
413
6
414
-1
415
126
416
12
417
158
418
20
419
-1
420
9
421
28
422
24
423
68
424
-1
425
146
426
143
427
123
428
23
429
-1
430
12
431
99
432
13
433
115
434
-1
435
123
436
175
437
189
438
108
439
-1
440
143
441
127
442
13
443
170
444
-1
445
103
446
20
447
128
448
100
449
-1
450
111
451
173
452
189
453
63
454
-1
455
168
456
3
457
104
458
17
459
-1
460
65
461
123
462
29
463
144
464
-1
465
161
466
15
467
158
468
57
469
-1
470
97
471
3
472
83
473
30
474
-1
475
1
476
115
477
118
478
27
479
-1
480
153
481
22
482
109
483
118
484
-1
485
171
486
173
487
125
488
118
489
-1
490
169
491
95
492
91
493
11
494
-1
495
185
496
95
497
180
498
128
499
-1
500
22
501
141
502
104
503
160
504
-1
505
160
506
7
507
57
508
55
509
-1
510
79
511
32
512
1
513
97
514
-1
515
18
516
60
517
80
518
101
519
-1
520
79
521
159
522
32
523
12
524
-1
525
100
526
26
527
166
528
154
529
-1
530
27
531
100
532
58
533
77
534
-1
535
139
536
16
537
34
538
167
539
-1
540
65
541
156
542
145
543
53
544
-1
545
138
546
0
547
161
548
93
549
-1
550
54
551
177
552
128
553
37
554
-1
555
43
556
135
557
164
558
128
559
-1
560
106
561
127
562
41
563
38
564
-1
565
95
566
120
567
104
568
60
569
-1
570
63
571
176
572
168
573
182
574
-1
575
21
576
141
577
189
578
0
579
-1
580
115
581
142
582
45
583
162
584
-1
585
53
586
164
587
163
588
44
589
-1
590
106
591
144
592
145
593
127
594
-1
595
85
596
141
597
83
598
57
599
-1
600
15
601
12
602
90
603
163
604
-1
605
14
606
112
607
178
608
64
609
-1
610
70
611
10
612
85
613
94
614
-1
615
186
616
66
617
172
618
126
619
-1
620
96
621
80
622
131
623
96
624
-1
625
32
626
133
627
7
628
31
629
-1
630
87
631
115
632
99
633
145
634
-1
635
43
636
155
637
19
638
183
639
-1
640
119
641
115
642
69
643
76
644
-1
645
22
646
60
647
150
648
171
649
-1
650
36
651
81
652
49
653
35
654
-1
655
10
656
31
657
71
658
59
659
-1
660
92
661
120
662
186
663
139
664
-1
665
89
666
184
667
112
668
111
669
-1
670
130
671
163
672
111
673
138
674
-1
675
146
676
81
677
170
678
122
679
-1
680
151
681
182
682
120
683
95
684
-1
685
116
686
164
687
53
688
85
689
-1
690
24
691
179
692
73
693
186
694
-1
695
18
696
152
697
177
698
174
699
-1
700
17
701
30
702
101
703
51
704
-1
705
107
706
21
707
109
708
122
709
-1
710
151
711
133
712
176
713
68
714
-1
715
134
716
163
717
99
718
3
719
-1
720
65
721
145
722
27
723
159
724
-1
725
20
726
131
727
61
728
188
729
-1
730
175
731
120
732
153
733
148
734
-1
735
159
736
146
737
185
738
18
739
-1
740
157
741
23
742
123
743
107
744
-1
745
17
746
87
747
53
748
114
749
-1
750
75
751
43
752
156
753
96
754
-1
755
70
756
74
757
62
758
156
759
-1
760
92
761
30
762
85
763
142
764
-1
765
71
766
174
767
53
768
53
769
-1
770
36
771
69
772
53
773
83
774
-1
775
8
776
116
777
125
778
0
779
-1
780
162
781
93
782
162
783
15
784
-1
785
77
786
65
787
190
788
0
789
-1
790
107
791
44
792
80
793
145
794
-1
795
102
796
187
797
169
798
169
799
-1
800
111
801
29
802
182
803
33
804
-1
805
190
806
40
807
78
808
50
809
-1
810
67
811
152
812
45
813
161
814
-1
815
129
816
179
817
173
818
23
819
-1
820
167
821
99
822
79
823
3
824
-1
825
72
826
156
827
71
828
58
829
-1
830
158
831
103
832
141
833
0
834
-1
835
94
836
118
837
64
838
177
839
-1
840
169
841
66
842
38
843
23
844
-1
845
42
846
79
847
125
848
6
849
-1
850
183
851
139
852
86
853
180
854
-1
855
74
856
83
857
21
858
18
859
-1
860
52
861
159
862
76
863
116
864
-1
865
159
866
21
867
128
868
124
869
-1
870
30
871
53
872
23
873
185
874
-1
875
72
876
16
877
41
878
147
879
-1
880
184
881
65
882
177
883
41
884
-1
885
70
886
83
887
53
888
55
889
-1
890
163
891
126
892
187
893
178
894
-1
895
134
896
99
897
117
898
48
899
-1
900
84
901
165
902
132
903
94
904
-1
905
120
906
163
907
45
908
121
909
-1
910
20
911
13
912
98
913
185
914
-1
915
58
916
79
917
123
918
109
919
-1
920
179
921
97
922
131
923
78
924
-1
925
108
926
133
927
60
928
131
929
-1
930
126
931
56
932
38
933
94
934
-1
935
175
936
67
937
176
938
133
939
-1
940
45
941
169
942
131
943
16
944
-1
945
151
946
70
947
63
948
34
949
-1
950
167
951
47
952
133
953
79
954
-1
955
136
956
104
957
100
958
63
959
-1
960
153
961
114
962
40
963
184
964
-1
965
48
966
187
967
77
968
19
969
-1
970
160
971
68
972
75
973
165
974
-1
975
49
976
17
977
146
978
142
979
-1
980
162
981
97
982
187
983
131
984
-1
985
73
986
164
987
175
988
82
989
-1
990
44
991
184
992
23
993
81
994
-1
995
168
996
18
997
171
998
176
999
-1
1000
169
1001
83
1002
101
1003
146
1004
-1
1005
60
1006
40
1007
13
1008
156
1009
-1
1010
85
1011
179
1012
69
1013
101
1014
-1
1015
68
1016
47
1017
39
1018
86
1019
-1
1020
44
1021
139
1022
125
1023
78
1024
-1
1025
172
1026
154
1027
102
1028
16
1029
-1
1030
2
1031
22
1032
93
1033
114
1034
-1
1035
27
1036
83
1037
181
1038
149
1039
-1
1040
177
1041
111
1042
47
1043
158
1044
-1
1045
15
1046
11
1047
32
1048
91
1049
-1
1050
124
1051
124
1052
76
1053
88
1054
-1
1055
10
1056
57
1057
104
1058
142
1059
-1
1060
96
1061
6
1062
151
1063
47
1064
-1
1065
180
1066
64
1067
74
1068
118
1069
-1
1070
115
1071
13
1072
150
1073
45
1074
-1
1075
83
1076
77
1077
20
1078
13
1079
-1
1080
161
1081
98
1082
1
1083
115
1084
-1
1085
40
1086
124
1087
94
1088
180
1089
-1
1090
35
1091
17
1092
146
1093
31
1094
-1
1095
54
1096
8
1097
165
1098
128
1099
-1
1100
80
1101
135
1102
90
1103
107
1104
-1
1105
128
1106
126
1107
131
1108
163
1109
-1
1110
89
1111
189
1112
61
1113
115
1114
-1
1115
48
1116
108
1117
90
1118
172
1119
-1
1120
70
1121
4
1122
15
1123
141
1124
-1
1125
41
1126
66
1127
127
1128
155
1129
-1
1130
53
1131
132
1132
67
1133
186
1134
-1
1135
54
1136
138
1137
87
1138
38
1139
-1
1140
20
1141
150
1142
151
1143
6
1144
-1
1145
68
1146
13
1147
95
1148
56
1149
-1
1150
35
1151
171
1152
47
1153
169
1154
-1
1155
128
1156
47
1157
174
1158
180
1159
-1
1160
71
1161
84
1162
142
1163
152
1164
-1
1165
89
1166
171
1167
40
1168
175
1169
-1
1170
89
1171
83
1172
34
1173
156
1174
-1
1175
17
1176
187
1177
86
1178
2
1179
-1
1180
165
1181
21
1182
93
1183
191
1184
-1
1185
103
1186
105
1187
101
1188
60
1189
-1
1190
20
1191
62
1192
107
1193
41
1194
-1
1195
70
1196
48
1197
61
1198
125
1199
-1
1200
56
1201
132
1202
25
1203
67
1204
-1
1205
84
1206
114
1207
158
1208
162
1209
-1
1210
123
1211
109
1212
110
1213
22
1214
-1
1215
96
1216
165
1217
55
1218
3
1219
-1
1220
38
1221
190
1222
26
1223
37
1224
-1
1225
34
1226
34
1227
60
1228
31
1229
-1
1230
56
1231
106
1232
188
1233
117
1234
-1
1235
50
1236
126
1237
132
1238
86
1239
-1
1240
183
1241
71
1242
32
1243
97
1244
-1
1245
23
1246
47
1247
160
1248
42
1249
-1
1250
63
1251
103
1252
24
1253
6
1254
-1
1255
68
1256
141
1257
180
1258
156
1259
-1
1260
89
1261
70
1262
99
1263
152
1264
-1
1265
132
1266
26
1267
173
1268
62
1269
-1
1270
31
1271
35
1272
142
1273
88
1274
-1
1275
173
1276
115
1277
180
1278
3
1279
-1
1280
18
1281
113
1282
152
1283
118
1284
-1
1285
158
1286
185
1287
57
1288
47
1289
-1
1290
106
1291
77
1292
6
1293
97
1294
-1
1295
1
1296
1
1297
132
1298
126
1299
-1
1300
33
1301
188
1302
117
1303
81
1304
-1
1305
49
1306
84
1307
184
1308
45
1309
-1
1310
124
1311
25
1312
41
1313
85
1314
-1
1315
47
1316
175
1317
79
1318
118
1319
-1
1320
178
1321
138
1322
118
1323
149
1324
-1
1325
154
1326
90
1327
91
1328
141
1329
-1
1330
162
1331
139
1332
188
1333
118
1334
-1
1335
135
1336
36
1337
166
1338
83
1339
-1
1340
140
1341
67
1342
108
1343
4
1344
-1
1345
56
1346
124
1347
63
1348
85
1349
-1
1350
146
1351
122
1352
42
1353
94
1354
-1
1355
86
1356
142
1357
2
1358
185
1359
-1
1360
29
1361
154
1362
172
1363
91
1364
-1
1365
165
1366
105
1367
161
1368
56
1369
-1
1370
74
1371
10
1372
49
1373
85
1374
-1
1375
7
1376
125
1377
172
1378
148
1379
-1
1380
131
1381
51
1382
129
1383
119
1384
-1
1385
78
1386
92
1387
101
1388
91
1389
-1
1390
75
1391
142
1392
4
1393
27
1394
-1
1395
174
1396
44
1397
57
1398
150
1399
-1
1400
162
1401
191
1402
70
1403
84
1404
-1
1405
70
1406
160
1407
62
1408
47
1409
-1
1410
152
1411
7
1412
107
1413
91
1414
-1
1415
130
1416
22
1417
45
1418
29
1419
-1
1420
148
1421
65
1422
148
1423
88
1424
-1
1425
138
1426
115
1427
7
1428
133
1429
-1
1430
29
1431
48
1432
97
1433
40
1434
-1
1435
0
1436
6
1437
169
1438
181
1439
-1
1440
50
1441
46
1442
73
1443
0
1444
-1
1445
48
1446
8
1447
157
1448
138
1449
-1
1450
97
1451
84
1452
118
1453
123
1454
-1
1455
95
1456
93
1457
141
1458
61
1459
-1
1460
90
1461
100
1462
35
1463
143
1464
-1
1465
63
1466
18
1467
39
1468
12
1469
-1
1470
0
1471
191
1472
184
1473
63
1474
-1
1475
88
1476
79
1477
122
1478
39
1479
-1
1480
90
1481
36
1482
139
1483
165
1484
-1
1485
134
1486
131
1487
98
1488
191
1489
-1
1490
98
1491
124
1492
111
1493
98
1494
-1
1495
80
1496
53
1497
166
1498
98
1499
-1
1500
80
1501
87
1502
113
1503
17
1504
-1
1505
93
1506
43
1507
120
1508
45
1509
-1
1510
113
1511
161
1512
144
1513
37
1514
-1
1515
31
1516
154
1517
9
1518
185
1519
-1
1520
172
1521
171
1522
41
1523
94
1524
-1
1525
135
1526
182
1527
177
1528
53
1529
-1
1530
94
1531
19
1532
29
1533
28
1534
-1
1535
110
1536
146
1537
54
1538
126
1539
-1
1540
41
1541
44
1542
11
1543
29
1544
-1
1545
151
1546
55
1547
191
1548
131
1549
-1
1550
165
1551
22
1552
41
1553
183
1554
-1
1555
129
1556
52
1557
164
1558
148
1559
-1
1560
186
1561
31
1562
117
1563
96
1564
-1
1565
80
1566
8
1567
188
1568
171
1569
-1
1570
142
1571
10
1572
180
1573
171
1574
-1
1575
58
1576
129
1577
22
1578
144
1579
-1
1580
60
1581
104
1582
151
1583
142
1584
-1
1585
103
1586
19
1587
63
1588
178
1589
-1
1590
187
1591
102
1592
75
1593
169
1594
-1
1595
160
1596
174
1597
45
1598
145
1599
-1
1600
126
1601
7
1602
112
1603
140
1604
-1
1605
153
1606
28
1607
113
1608
121
1609
-1
1610
107
1611
61
1612
179
1613
179
1614
-1
1615
159
1616
13
1617
66
1618
37
1619
-1
1620
39
1621
77
1622
147
1623
35
1624
-1
1625
32
1626
97
1627
38
1628
182
1629
-1
1630
145
1631
29
1632
74
1633
25
1634
-1
1635
14
1636
167
1637
64
1638
56
1639
-1
1640
150
1641
89
1642
110
1643
83
1644
-1
1645
76
1646
55
1647
78
1648
120
1649
-1
1650
114
1651
48
1652
49
1653
105
1654
-1
1655
58
1656
174
1657
18
1658
176
1659
-1
1660
67
1661
88
1662
6
1663
102
1664
-1
1665
47
1666
25
1667
121
1668
168
1669
-1
1670
108
1671
26
1672
175
1673
50
1674
-1
1675
134
1676
128
1677
116
1678
161
1679
-1
1680
91
1681
23
1682
174
1683
24
1684
-1
1685
13
1686
123
1687
173
1688
36
1689
-1
1690
93
1691
82
1692
44
1693
185
1694
-1
1695
48
1696
172
1697
20
1698
82
1699
-1
1700
162
1701
122
1702
100
1703
34
1704
-1
1705
182
1706
39
1707
142
1708
91
1709
-1
1710
134
1711
172
1712
140
1713
91
1714
-1
1715
17
1716
133
1717
186
1718
171
1719
-1
1720
133
1721
12
1722
166
1723
139
1724
-1
1725
83
1726
44
1727
101
1728
168
1729
-1
1730
78
1731
137
1732
129
1733
26
1734
-1
1735
140
1736
105
1737
1
1738
115
1739
-1
1740
168
1741
74
1742
157
1743
118
1744
-1
1745
140
1746
129
1747
89
1748
119
1749
-1
1750
42
1751
165
1752
43
1753
45
1754
-1
1755
131
1756
127
1757
61
1758
44
1759
-1
1760
55
1761
141
1762
62
1763
63
1764
-1
1765
75
1766
50
1767
65
1768
149
1769
-1
1770
102
1771
102
1772
129
1773
54
1774
-1
1775
175
1776
144
1777
184
1778
189
1779
-1
1780
54
1781
88
1782
131
1783
160
1784
-1
1785
187
1786
69
1787
184
1788
103
1789
-1
1790
44
1791
174
1792
133
1793
87
1794
-1
1795
83
1796
20
1797
76
1798
17
1799
-1
1800
6
1801
53
1802
165
1803
78
1804
-1
1805
12
1806
156
1807
137
1808
13
1809
-1
1810
134
1811
150
1812
87
1813
103
1814
-1
1815
97
1816
146
1817
112
1818
33
1819
-1
1820
160
1821
137
1822
106
1823
30
1824
-1
1825
49
1826
147
1827
20
1828
157
1829
-1
1830
153
1831
144
1832
97
1833
40
1834
-1
1835
3
1836
142
1837
103
1838
19
1839
-1
1840
169
1841
90
1842
79
1843
177
1844
-1
1845
133
1846
29
1847
51
1848
178
1849
-1
1850
116
1851
147
1852
160
1853
74
1854
-1
1855
68
1856
14
1857
60
1858
168
1859
-1
1860
132
1861
177
1862
130
1863
40
1864
-1
1865
1
1866
165
1867
23
1868
106
1869
-1
1870
51
1871
122
1872
175
1873
19
1874
-1
1875
18
1876
13
1877
47
1878
183
1879
-1
1880
19
1881
126
1882
104
1883
168
1884
-1
1885
106
1886
136
1887
32
1888
153
1889
-1
1890
35
1891
63
1892
144
1893
42
1894
-1
1895
71
1896
78
1897
93
1898
42
1899
-1
1900
121
1901
163
1902
99
1903
130
1904
-1
1905
173
1906
180
1907
160
1908
85
1909
-1
1910
82
1911
137
1912
117
1913
21
1914
-1
1915
43
1916
49
1917
187
1918
65
1919
-1
1920
184
1921
151
1922
83
1923
103
1924
-1
1925
30
1926
7
1927
121
1928
27
1929
-1
1930
155
1931
12
1932
76
1933
6
1934
-1
1935
76
1936
129
1937
182
1938
96
1939
-1
1940
33
1941
26
1942
36
1943
45
1944
-1
1945
159
1946
190
1947
125
1948
74
1949
-1
1950
110
1951
91
1952
106
1953
83
1954
-1
1955
9
1956
29
1957
174
1958
73
1959
-1
1960
75
1961
112
1962
101
1963
153
1964
-1
1965
118
1966
150
1967
56
1968
19
1969
-1
1970
81
1971
34
1972
102
1973
138
1974
-1
1975
162
1976
26
1977
39
1978
66
1979
-1
1980
171
1981
21
1982
34
1983
167
1984
-1
1985
57
1986
29
1987
43
1988
26
1989
-1
1990
5
1991
122
1992
46
1993
94
1994
-1
1995
150
1996
128
1997
64
1998
155
1999
-1
