********************************************************************************
The planted motif0 is:
GTCGTGGAT
0
159
1
178
2
4
3
67
4
-1
5
83
6
120
7
87
8
94
9
-1
10
158
11
106
12
3
13
120
14
-1
15
48
16
18
17
97
18
27
19
-1
20
91
21
7
22
179
23
73
24
-1
25
68
26
110
27
112
28
110
29
-1
30
133
31
127
32
28
33
138
34
-1
35
41
36
42
37
73
38
24
39
-1
40
42
41
161
42
133
43
156
44
-1
45
148
46
152
47
51
48
60
49
-1
50
39
51
74
52
135
53
4
54
-1
55
40
56
185
57
165
58
175
59
-1
60
108
61
44
62
123
63
55
64
-1
65
141
66
162
67
64
68
68
69
-1
70
38
71
174
72
35
73
5
74
-1
75
148
76
41
77
146
78
65
79
-1
80
125
81
16
82
150
83
5
84
-1
85
146
86
63
87
80
88
47
89
-1
90
166
91
57
92
176
93
74
94
-1
95
153
96
90
97
26
98
129
99
-1
100
20
101
118
102
128
103
111
104
-1
105
59
106
142
107
141
108
54
109
-1
110
106
111
129
112
102
113
69
114
-1
115
70
116
135
117
152
118
22
119
-1
120
131
121
121
122
133
123
138
124
-1
125
130
126
142
127
37
128
97
129
-1
130
172
131
132
132
18
133
28
134
-1
135
51
136
33
137
113
138
30
139
-1
140
18
141
21
142
187
143
129
144
-1
145
7
146
144
147
69
148
1
149
-1
150
11
151
65
152
35
153
49
154
-1
155
12
156
100
157
25
158
126
159
-1
160
150
161
100
162
76
163
51
164
-1
165
99
166
95
167
20
168
186
169
-1
170
51
171
23
172
188
173
153
174
-1
175
152
176
183
177
41
178
84
179
-1
180
19
181
143
182
85
183
72
184
-1
185
93
186
172
187
63
188
147
189
-1
190
134
191
85
192
8
193
50
194
-1
195
124
196
83
197
85
198
94
199
-1
200
34
201
157
202
12
203
16
204
-1
205
91
206
126
207
140
208
41
209
-1
210
104
211
150
212
38
213
131
214
-1
215
67
216
38
217
132
218
87
219
-1
220
159
221
123
222
162
223
191
224
-1
225
161
226
165
227
107
228
128
229
-1
230
15
231
1
232
85
233
94
234
-1
235
144
236
100
237
12
238
3
239
-1
240
185
241
55
242
20
243
112
244
-1
245
7
246
53
247
142
248
52
249
-1
250
182
251
127
252
183
253
117
254
-1
255
152
256
159
257
16
258
23
259
-1
260
89
261
1
262
99
263
117
264
-1
265
170
266
38
267
35
268
47
269
-1
270
58
271
105
272
19
273
57
274
-1
275
132
276
14
277
93
278
81
279
-1
280
69
281
52
282
140
283
42
284
-1
285
127
286
39
287
34
288
133
289
-1
290
143
291
129
292
140
293
167
294
-1
295
102
296
92
297
154
298
143
299
-1
300
175
301
120
302
86
303
125
304
-1
305
68
306
78
307
116
308
69
309
-1
310
118
311
28
312
74
313
46
314
-1
315
170
316
160
317
152
318
45
319
-1
320
8
321
83
322
90
323
83
324
-1
325
115
326
14
327
44
328
129
329
-1
330
34
331
9
332
35
333
50
334
-1
335
79
336
30
337
161
338
71
339
-1
340
169
341
100
342
72
343
167
344
-1
345
140
346
81
347
77
348
61
349
-1
350
16
351
158
352
111
353
18
354
-1
355
8
356
177
357
165
358
125
359
-1
360
0
361
70
362
72
363
68
364
-1
365
147
366
129
367
7
368
151
369
-1
370
103
371
117
372
45
373
143
374
-1
375
72
376
43
377
189
378
139
379
-1
380
123
381
112
382
17
383
91
384
-1
385
129
386
168
387
90
388
64
389
-1
390
58
391
190
392
172
393
63
394
-1
395
63
396
77
397
131
398
177
399
-1
400
116
401
132
402
75
403
86
404
-1
405
39
406
66
407
98
408
99
409
-1
410
78
411
24
412
191
413
26
414
-1
415
32
416
137
417
165
418
71
419
-1
420
61
421
148
422
131
423
101
424
-1
425
41
426
133
427
28
428
123
429
-1
430
131
431
17
432
129
433
107
434
-1
435
6
436
126
437
12
438
158
439
-1
440
20
441
9
442
28
443
24
444
-1
445
68
446
146
447
143
448
123
449
-1
450
23
451
12
452
99
453
13
454
-1
455
115
456
123
457
175
458
189
459
-1
460
108
461
143
462
127
463
13
464
-1
465
170
466
103
467
20
468
128
469
-1
470
100
471
111
472
173
473
189
474
-1
475
63
476
168
477
3
478
104
479
-1
480
17
481
65
482
123
483
29
484
-1
485
144
486
161
487
15
488
158
489
-1
490
57
491
97
492
3
493
83
494
-1
495
30
496
1
497
115
498
118
499
-1
500
27
501
153
502
22
503
109
504
-1
505
118
506
171
507
173
508
125
509
-1
510
118
511
169
512
95
513
91
514
-1
515
11
516
185
517
95
518
180
519
-1
520
128
521
22
522
141
523
104
524
-1
525
160
526
160
527
7
528
57
529
-1
530
55
531
79
532
32
533
1
534
-1
535
97
536
18
537
60
538
80
539
-1
540
101
541
79
542
159
543
32
544
-1
545
12
546
100
547
26
548
166
549
-1
550
154
551
27
552
100
553
58
554
-1
555
77
556
139
557
16
558
34
559
-1
560
167
561
65
562
156
563
145
564
-1
565
53
566
138
567
0
568
161
569
-1
570
93
571
54
572
177
573
128
574
-1
575
37
576
43
577
135
578
164
579
-1
580
128
581
106
582
127
583
41
584
-1
585
38
586
95
587
120
588
104
589
-1
590
60
591
63
592
176
593
168
594
-1
595
182
596
21
597
141
598
189
599
-1
