********************************************************************************
The planted motif0 is:
GCAGCCTCGAAAAAACGGAAA
0
94
1
-1
2
125
3
-1
4
31
5
-1
6
77
7
-1
8
26
9
-1
10
177
11
-1
12
5
13
-1
14
108
15
-1
16
7
17
-1
18
35
19
-1
20
127
21
-1
22
149
23
-1
24
73
25
-1
26
24
27
-1
28
60
29
-1
30
93
31
-1
32
132
33
-1
34
13
35
-1
36
33
37
-1
38
159
39
-1
40
29
41
-1
42
36
43
-1
44
118
45
-1
46
163
47
-1
48
56
49
-1
50
19
51
-1
52
150
53
-1
54
87
55
-1
56
38
57
-1
58
105
59
-1
60
32
61
-1
62
129
63
-1
64
156
65
-1
66
120
67
-1
68
129
69
-1
70
32
71
-1
72
6
73
-1
74
54
75
-1
76
62
77
-1
78
100
79
-1
80
133
81
-1
82
42
83
-1
84
127
85
-1
86
13
87
-1
88
79
89
-1
90
98
91
-1
92
140
93
-1
94
164
95
-1
96
70
97
-1
98
51
99
-1
100
42
101
-1
102
10
103
-1
104
13
105
-1
106
171
107
-1
108
94
109
-1
110
69
111
-1
112
44
113
-1
114
34
115
-1
116
127
117
-1
118
15
119
-1
120
29
121
-1
122
158
123
-1
124
38
125
-1
126
68
127
-1
128
49
129
-1
130
176
131
-1
132
50
133
-1
134
104
135
-1
136
63
137
-1
138
38
139
-1
140
73
141
-1
142
151
143
-1
144
112
145
-1
146
179
147
-1
148
107
149
-1
150
112
151
-1
152
148
153
-1
154
13
155
-1
156
40
157
-1
158
117
159
-1
160
145
161
-1
162
112
163
-1
164
106
165
-1
166
143
167
-1
168
172
169
-1
170
163
171
-1
172
149
173
-1
174
11
175
-1
176
70
177
-1
178
63
179
-1
180
137
181
-1
182
100
183
-1
184
147
185
-1
186
58
187
-1
188
83
189
-1
190
103
191
-1
192
88
193
-1
194
107
195
-1
196
137
197
-1
198
96
199
-1
200
90
201
-1
202
9
203
-1
204
89
205
-1
206
35
207
-1
208
138
209
-1
210
60
211
-1
212
170
213
-1
214
150
215
-1
216
69
217
-1
218
146
219
-1
220
73
221
-1
222
112
223
-1
224
20
225
-1
226
51
227
-1
228
141
229
-1
230
58
231
-1
232
177
233
-1
234
100
235
-1
236
75
237
-1
238
144
239
-1
240
166
241
-1
242
144
243
-1
244
41
245
-1
246
44
247
-1
248
137
249
-1
250
60
251
-1
252
42
253
-1
254
26
255
-1
256
108
257
-1
258
123
259
-1
260
87
261
-1
262
158
263
-1
264
134
265
-1
266
49
267
-1
268
97
269
-1
270
179
271
-1
272
142
273
-1
274
81
275
-1
276
121
277
-1
278
119
279
-1
280
166
281
-1
282
52
283
-1
284
64
285
-1
286
79
287
-1
288
104
289
-1
290
114
291
-1
292
57
293
-1
294
59
295
-1
296
30
297
-1
298
96
299
-1
300
130
301
-1
302
170
303
-1
304
7
305
-1
306
145
307
-1
308
31
309
-1
310
18
311
-1
312
172
313
-1
314
169
315
-1
316
50
317
-1
318
17
319
-1
320
150
321
-1
322
167
323
-1
324
137
325
-1
326
30
327
-1
328
66
329
-1
330
80
331
-1
332
129
333
-1
334
51
335
-1
336
58
337
-1
338
116
339
-1
340
64
341
-1
342
87
343
-1
344
115
345
-1
346
41
347
-1
348
81
349
-1
350
7
351
-1
352
30
353
-1
354
151
355
-1
356
139
357
-1
358
61
359
-1
360
45
361
-1
362
95
363
-1
364
152
365
-1
366
22
367
-1
368
149
369
-1
370
64
371
-1
372
31
373
-1
374
132
375
-1
376
78
377
-1
378
155
379
-1
380
24
381
-1
382
98
383
-1
384
114
385
-1
386
49
387
-1
388
92
389
-1
390
27
391
-1
392
118
393
-1
394
68
395
-1
396
15
397
-1
398
62
399
-1
400
23
401
-1
402
14
403
-1
404
7
405
-1
406
51
407
-1
408
127
409
-1
410
46
411
-1
412
64
413
-1
414
55
415
-1
416
44
417
-1
418
95
419
-1
420
164
421
-1
422
96
423
-1
424
97
425
-1
426
58
427
-1
428
61
429
-1
430
67
431
-1
432
77
433
-1
434
167
435
-1
436
161
437
-1
438
40
439
-1
440
141
441
-1
442
100
443
-1
444
30
445
-1
446
55
447
-1
448
106
449
-1
450
40
451
-1
452
34
453
-1
454
146
455
-1
456
178
457
-1
458
177
459
-1
460
51
461
-1
462
175
463
-1
464
65
465
-1
466
114
467
-1
468
47
469
-1
470
40
471
-1
472
70
473
-1
474
11
475
-1
476
3
477
-1
478
22
479
-1
480
149
481
-1
482
11
483
-1
484
111
485
-1
486
144
487
-1
488
115
489
-1
490
98
491
-1
492
142
493
-1
494
27
495
-1
496
70
497
-1
498
10
499
-1
500
143
501
-1
502
2
503
-1
504
61
505
-1
506
167
507
-1
508
1
509
-1
510
128
511
-1
512
16
513
-1
514
58
515
-1
516
16
517
-1
518
77
519
-1
520
93
521
-1
522
77
523
-1
524
165
525
-1
526
67
527
-1
528
94
529
-1
530
16
531
-1
532
89
533
-1
534
52
535
-1
536
17
537
-1
538
73
539
-1
540
63
541
-1
542
63
543
-1
544
80
545
-1
546
179
547
-1
548
96
549
-1
550
122
551
-1
552
60
553
-1
554
155
555
-1
556
154
557
-1
558
88
559
-1
560
158
561
-1
562
90
563
-1
564
32
565
-1
566
151
567
-1
568
7
569
-1
570
45
571
-1
572
16
573
-1
574
64
575
-1
576
154
577
-1
578
122
579
-1
580
0
581
-1
582
95
583
-1
584
96
585
-1
586
46
587
-1
588
25
589
-1
590
64
591
-1
592
135
593
-1
594
111
595
-1
596
123
597
-1
598
94
599
-1
600
22
601
-1
602
59
603
-1
604
120
605
-1
606
141
607
-1
608
106
609
-1
610
69
611
-1
612
85
613
-1
614
56
615
-1
616
68
617
-1
618
93
619
-1
620
64
621
-1
622
12
623
-1
624
129
625
-1
626
68
627
-1
628
17
629
-1
630
83
631
-1
632
170
633
-1
634
43
635
-1
636
175
637
-1
638
26
639
-1
640
29
641
-1
642
88
643
-1
644
142
645
-1
646
66
647
-1
648
49
649
-1
650
115
651
-1
652
67
653
-1
654
117
655
-1
656
73
657
-1
658
169
659
-1
660
123
661
-1
662
72
663
-1
664
131
665
-1
666
97
667
-1
668
4
669
-1
670
92
671
-1
672
118
673
-1
674
119
675
-1
676
54
677
-1
678
146
679
-1
680
17
681
-1
682
62
683
-1
684
20
685
-1
686
18
687
-1
688
86
689
-1
690
49
691
-1
692
17
693
-1
694
176
695
-1
696
136
697
-1
698
161
699
-1
700
51
701
-1
702
3
703
-1
704
138
705
-1
706
67
707
-1
708
82
709
-1
710
160
711
-1
712
50
713
-1
714
36
715
-1
716
118
717
-1
718
1
719
-1
720
167
721
-1
722
85
723
-1
724
83
725
-1
726
78
727
-1
728
169
729
-1
730
162
731
-1
732
177
733
-1
734
85
735
-1
736
15
737
-1
738
130
739
-1
740
6
741
-1
742
119
743
-1
744
27
745
-1
746
30
747
-1
748
169
749
-1
750
51
751
-1
752
94
753
-1
754
64
755
-1
756
26
757
-1
758
67
759
-1
760
134
761
-1
762
34
763
-1
764
19
765
-1
766
36
767
-1
768
1
769
-1
770
4
771
-1
772
176
773
-1
774
116
775
-1
776
133
777
-1
778
134
779
-1
780
156
781
-1
782
152
783
-1
784
79
785
-1
786
163
787
-1
788
100
789
-1
790
84
791
-1
792
97
793
-1
794
161
795
-1
796
87
797
-1
798
168
799
-1
800
129
801
-1
802
47
803
-1
804
97
805
-1
806
40
807
-1
808
95
809
-1
810
162
811
-1
812
83
813
-1
814
25
815
-1
816
38
817
-1
818
38
819
-1
820
71
821
-1
822
108
823
-1
824
179
825
-1
826
33
827
-1
828
5
829
-1
830
140
831
-1
832
47
833
-1
834
126
835
-1
836
160
837
-1
838
71
839
-1
840
154
841
-1
842
76
843
-1
844
56
845
-1
846
68
847
-1
848
147
849
-1
850
76
851
-1
852
171
853
-1
854
15
855
-1
856
172
857
-1
858
96
859
-1
860
12
861
-1
862
45
863
-1
864
174
865
-1
866
64
867
-1
868
86
869
-1
870
15
871
-1
872
103
873
-1
874
160
875
-1
876
114
877
-1
878
86
879
-1
880
37
881
-1
882
155
883
-1
884
113
885
-1
886
133
887
-1
888
26
889
-1
890
77
891
-1
892
134
893
-1
894
69
895
-1
896
68
897
-1
898
89
899
-1
900
23
901
-1
902
176
903
-1
904
66
905
-1
906
96
907
-1
908
14
909
-1
910
33
911
-1
912
84
913
-1
914
176
915
-1
916
178
917
-1
918
147
919
-1
920
124
921
-1
922
16
923
-1
924
30
925
-1
926
165
927
-1
928
163
929
-1
930
166
931
-1
932
52
933
-1
934
77
935
-1
936
27
937
-1
938
20
939
-1
940
127
941
-1
942
71
943
-1
944
132
945
-1
946
112
947
-1
948
54
949
-1
950
139
951
-1
952
100
953
-1
954
144
955
-1
956
151
957
-1
958
22
959
-1
960
10
961
-1
962
70
963
-1
964
96
965
-1
966
117
967
-1
968
23
969
-1
970
46
971
-1
972
141
973
-1
974
14
975
-1
976
46
977
-1
978
141
979
-1
980
46
981
-1
982
113
983
-1
984
0
985
-1
986
0
987
-1
988
159
989
-1
990
42
991
-1
992
58
993
-1
994
17
995
-1
996
136
997
-1
998
91
999
-1
1000
174
1001
-1
1002
177
1003
-1
1004
21
1005
-1
1006
115
1007
-1
1008
176
1009
-1
1010
5
1011
-1
1012
80
1013
-1
1014
131
1015
-1
1016
29
1017
-1
1018
30
1019
-1
1020
131
1021
-1
1022
93
1023
-1
1024
57
1025
-1
1026
14
1027
-1
1028
27
1029
-1
1030
24
1031
-1
1032
88
1033
-1
1034
137
1035
-1
1036
72
1037
-1
1038
148
1039
-1
1040
126
1041
-1
1042
99
1043
-1
1044
159
1045
-1
1046
163
1047
-1
1048
21
1049
-1
1050
49
1051
-1
1052
36
1053
-1
1054
69
1055
-1
1056
113
1057
-1
1058
165
1059
-1
1060
91
1061
-1
1062
131
1063
-1
1064
129
1065
-1
1066
94
1067
-1
1068
146
1069
-1
1070
95
1071
-1
1072
114
1073
-1
1074
51
1075
-1
1076
109
1077
-1
1078
162
1079
-1
1080
112
1081
-1
1082
96
1083
-1
1084
161
1085
-1
1086
101
1087
-1
1088
99
1089
-1
1090
23
1091
-1
1092
161
1093
-1
1094
22
1095
-1
1096
60
1097
-1
1098
81
1099
-1
1100
93
1101
-1
1102
152
1103
-1
1104
80
1105
-1
1106
104
1107
-1
1108
67
1109
-1
1110
41
1111
-1
1112
129
1113
-1
1114
103
1115
-1
1116
45
1117
-1
1118
121
1119
-1
1120
52
1121
-1
1122
13
1123
-1
1124
145
1125
-1
1126
87
1127
-1
1128
55
1129
-1
1130
72
1131
-1
1132
47
1133
-1
1134
34
1135
-1
1136
46
1137
-1
1138
146
1139
-1
1140
18
1141
-1
1142
0
1143
-1
1144
77
1145
-1
1146
120
1147
-1
1148
129
1149
-1
1150
153
1151
-1
1152
124
1153
-1
1154
172
1155
-1
1156
3
1157
-1
1158
116
1159
-1
1160
111
1161
-1
1162
98
1163
-1
1164
49
1165
-1
1166
125
1167
-1
1168
166
1169
-1
1170
150
1171
-1
1172
157
1173
-1
1174
3
1175
-1
1176
30
1177
-1
1178
4
1179
-1
1180
142
1181
-1
1182
103
1183
-1
1184
57
1185
-1
1186
169
1187
-1
1188
1
1189
-1
1190
140
1191
-1
1192
96
1193
-1
1194
13
1195
-1
1196
127
1197
-1
1198
70
1199
-1
1200
173
1201
-1
1202
78
1203
-1
1204
82
1205
-1
1206
159
1207
-1
1208
96
1209
-1
1210
4
1211
-1
1212
26
1213
-1
1214
139
1215
-1
1216
97
1217
-1
1218
116
1219
-1
1220
117
1221
-1
1222
150
1223
-1
1224
35
1225
-1
1226
37
1227
-1
1228
17
1229
-1
1230
44
1231
-1
1232
67
1233
-1
1234
74
1235
-1
1236
129
1237
-1
1238
37
1239
-1
1240
21
1241
-1
1242
174
1243
-1
1244
144
1245
-1
1246
47
1247
-1
1248
73
1249
-1
1250
163
1251
-1
1252
174
1253
-1
1254
178
1255
-1
1256
171
1257
-1
1258
102
1259
-1
1260
155
1261
-1
1262
119
1263
-1
1264
135
1265
-1
1266
50
1267
-1
1268
110
1269
-1
1270
138
1271
-1
1272
82
1273
-1
1274
38
1275
-1
1276
173
1277
-1
1278
88
1279
-1
1280
10
1281
-1
1282
74
1283
-1
1284
36
1285
-1
1286
21
1287
-1
1288
22
1289
-1
1290
81
1291
-1
1292
115
1293
-1
1294
14
1295
-1
1296
80
1297
-1
1298
11
1299
-1
1300
168
1301
-1
1302
89
1303
-1
1304
82
1305
-1
1306
28
1307
-1
1308
24
1309
-1
1310
111
1311
-1
1312
21
1313
-1
1314
48
1315
-1
1316
132
1317
-1
1318
103
1319
-1
1320
26
1321
-1
1322
43
1323
-1
1324
136
1325
-1
1326
11
1327
-1
1328
8
1329
-1
1330
75
1331
-1
1332
13
1333
-1
1334
165
1335
-1
1336
88
1337
-1
1338
106
1339
-1
1340
140
1341
-1
1342
100
1343
-1
1344
41
1345
-1
1346
134
1347
-1
1348
23
1349
-1
1350
143
1351
-1
1352
97
1353
-1
1354
135
1355
-1
1356
25
1357
-1
1358
72
1359
-1
1360
30
1361
-1
1362
23
1363
-1
1364
161
1365
-1
1366
43
1367
-1
1368
87
1369
-1
1370
118
1371
-1
1372
168
1373
-1
1374
143
1375
-1
1376
83
1377
-1
1378
56
1379
-1
1380
136
1381
-1
1382
108
1383
-1
1384
69
1385
-1
1386
115
1387
-1
1388
107
1389
-1
1390
141
1391
-1
1392
171
1393
-1
1394
14
1395
-1
1396
15
1397
-1
1398
139
1399
-1
1400
141
1401
-1
1402
19
1403
-1
1404
90
1405
-1
1406
13
1407
-1
1408
173
1409
-1
1410
46
1411
-1
1412
81
1413
-1
1414
26
1415
-1
1416
19
1417
-1
1418
146
1419
-1
1420
58
1421
-1
1422
163
1423
-1
1424
154
1425
-1
1426
28
1427
-1
1428
50
1429
-1
1430
27
1431
-1
1432
26
1433
-1
1434
155
1435
-1
1436
68
1437
-1
1438
120
1439
-1
1440
32
1441
-1
1442
20
1443
-1
1444
1
1445
-1
1446
56
1447
-1
1448
80
1449
-1
1450
28
1451
-1
1452
44
1453
-1
1454
179
1455
-1
1456
113
1457
-1
1458
146
1459
-1
1460
111
1461
-1
1462
45
1463
-1
1464
15
1465
-1
1466
117
1467
-1
1468
89
1469
-1
1470
151
1471
-1
1472
97
1473
-1
1474
166
1475
-1
1476
72
1477
-1
1478
54
1479
-1
1480
106
1481
-1
1482
6
1483
-1
1484
143
1485
-1
1486
36
1487
-1
1488
93
1489
-1
1490
58
1491
-1
1492
108
1493
-1
1494
10
1495
-1
1496
150
1497
-1
1498
49
1499
-1
1500
56
1501
-1
1502
125
1503
-1
1504
99
1505
-1
1506
121
1507
-1
1508
42
1509
-1
1510
77
1511
-1
1512
72
1513
-1
1514
125
1515
-1
1516
111
1517
-1
1518
138
1519
-1
1520
114
1521
-1
1522
126
1523
-1
1524
17
1525
-1
1526
111
1527
-1
1528
172
1529
-1
1530
31
1531
-1
1532
71
1533
-1
1534
159
1535
-1
1536
141
1537
-1
1538
112
1539
-1
1540
42
1541
-1
1542
94
1543
-1
1544
0
1545
-1
1546
41
1547
-1
1548
140
1549
-1
1550
75
1551
-1
1552
155
1553
-1
1554
7
1555
-1
1556
65
1557
-1
1558
47
1559
-1
1560
167
1561
-1
1562
174
1563
-1
1564
75
1565
-1
1566
176
1567
-1
1568
172
1569
-1
1570
74
1571
-1
1572
163
1573
-1
1574
64
1575
-1
1576
105
1577
-1
1578
104
1579
-1
1580
32
1581
-1
1582
132
1583
-1
1584
33
1585
-1
1586
146
1587
-1
1588
153
1589
-1
1590
140
1591
-1
1592
34
1593
-1
1594
145
1595
-1
1596
106
1597
-1
1598
144
1599
-1
1600
176
1601
-1
1602
133
1603
-1
1604
23
1605
-1
1606
129
1607
-1
1608
168
1609
-1
1610
81
1611
-1
1612
113
1613
-1
1614
108
1615
-1
1616
154
1617
-1
1618
171
1619
-1
1620
173
1621
-1
1622
118
1623
-1
1624
152
1625
-1
1626
59
1627
-1
1628
16
1629
-1
1630
156
1631
-1
1632
57
1633
-1
1634
85
1635
-1
1636
28
1637
-1
1638
48
1639
-1
1640
137
1641
-1
1642
50
1643
-1
1644
169
1645
-1
1646
174
1647
-1
1648
176
1649
-1
1650
78
1651
-1
1652
138
1653
-1
1654
54
1655
-1
1656
41
1657
-1
1658
154
1659
-1
1660
122
1661
-1
1662
58
1663
-1
1664
143
1665
-1
1666
43
1667
-1
1668
67
1669
-1
1670
130
1671
-1
1672
141
1673
-1
1674
74
1675
-1
1676
87
1677
-1
1678
50
1679
-1
1680
161
1681
-1
1682
147
1683
-1
1684
140
1685
-1
1686
25
1687
-1
1688
167
1689
-1
1690
106
1691
-1
1692
9
1693
-1
1694
157
1695
-1
1696
101
1697
-1
1698
42
1699
-1
1700
62
1701
-1
1702
52
1703
-1
1704
67
1705
-1
1706
167
1707
-1
1708
19
1709
-1
1710
175
1711
-1
1712
125
1713
-1
1714
40
1715
-1
1716
81
1717
-1
1718
50
1719
-1
1720
146
1721
-1
1722
26
1723
-1
1724
20
1725
-1
1726
53
1727
-1
1728
28
1729
-1
1730
28
1731
-1
1732
59
1733
-1
1734
0
1735
-1
1736
147
1737
-1
1738
27
1739
-1
1740
143
1741
-1
1742
138
1743
-1
1744
116
1745
-1
1746
73
1747
-1
1748
131
1749
-1
1750
81
1751
-1
1752
18
1753
-1
1754
3
1755
-1
1756
154
1757
-1
1758
17
1759
-1
1760
134
1761
-1
1762
166
1763
-1
1764
6
1765
-1
1766
44
1767
-1
1768
49
1769
-1
1770
144
1771
-1
1772
129
1773
-1
1774
20
1775
-1
1776
98
1777
-1
1778
11
1779
-1
1780
114
1781
-1
1782
65
1783
-1
1784
20
1785
-1
1786
25
1787
-1
1788
39
1789
-1
1790
3
1791
-1
1792
52
1793
-1
1794
154
1795
-1
1796
16
1797
-1
1798
88
1799
-1
1800
175
1801
-1
1802
165
1803
-1
1804
29
1805
-1
1806
76
1807
-1
1808
87
1809
-1
1810
137
1811
-1
1812
57
1813
-1
1814
32
1815
-1
1816
178
1817
-1
1818
126
1819
-1
1820
9
1821
-1
1822
12
1823
-1
1824
42
1825
-1
1826
177
1827
-1
1828
74
1829
-1
1830
119
1831
-1
1832
62
1833
-1
1834
31
1835
-1
1836
58
1837
-1
1838
80
1839
-1
1840
105
1841
-1
1842
99
1843
-1
1844
125
1845
-1
1846
62
1847
-1
1848
90
1849
-1
1850
129
1851
-1
1852
81
1853
-1
1854
63
1855
-1
1856
33
1857
-1
1858
19
1859
-1
1860
67
1861
-1
1862
46
1863
-1
1864
123
1865
-1
1866
159
1867
-1
1868
51
1869
-1
1870
58
1871
-1
1872
54
1873
-1
1874
179
1875
-1
1876
4
1877
-1
1878
89
1879
-1
1880
13
1881
-1
1882
35
1883
-1
1884
156
1885
-1
1886
40
1887
-1
1888
47
1889
-1
1890
135
1891
-1
1892
54
1893
-1
1894
83
1895
-1
1896
90
1897
-1
1898
71
1899
-1
1900
112
1901
-1
1902
164
1903
-1
1904
97
1905
-1
1906
140
1907
-1
1908
135
1909
-1
1910
128
1911
-1
1912
77
1913
-1
1914
65
1915
-1
1916
126
1917
-1
1918
92
1919
-1
1920
57
1921
-1
1922
103
1923
-1
1924
85
1925
-1
1926
106
1927
-1
1928
58
1929
-1
1930
70
1931
-1
1932
179
1933
-1
1934
111
1935
-1
1936
76
1937
-1
1938
38
1939
-1
1940
150
1941
-1
1942
34
1943
-1
1944
151
1945
-1
1946
161
1947
-1
1948
104
1949
-1
1950
23
1951
-1
1952
156
1953
-1
1954
30
1955
-1
1956
146
1957
-1
1958
100
1959
-1
1960
66
1961
-1
1962
36
1963
-1
1964
165
1965
-1
1966
90
1967
-1
1968
69
1969
-1
1970
43
1971
-1
1972
177
1973
-1
1974
73
1975
-1
1976
66
1977
-1
1978
67
1979
-1
1980
119
1981
-1
1982
156
1983
-1
1984
142
1985
-1
1986
99
1987
-1
1988
97
1989
-1
1990
91
1991
-1
1992
35
1993
-1
1994
13
1995
-1
1996
66
1997
-1
1998
113
1999
-1
