********************************************************************************
The planted motif0 is:
GATAGGTAATCTGAT
0
160
1
-1
2
63
3
-1
4
158
5
-1
6
85
7
-1
8
63
9
-1
10
5
11
-1
12
11
13
-1
14
23
15
-1
16
25
17
-1
18
53
19
-1
20
122
21
-1
22
35
23
-1
24
20
25
-1
26
161
27
-1
28
39
29
-1
30
33
31
-1
32
105
33
-1
34
105
35
-1
36
170
37
-1
38
136
39
-1
40
63
41
-1
42
172
43
-1
44
58
45
-1
46
175
47
-1
48
47
49
-1
50
162
51
-1
52
63
53
-1
54
112
55
-1
56
92
57
-1
58
154
59
-1
60
135
61
-1
62
60
63
-1
64
60
65
-1
66
138
67
-1
68
25
69
-1
70
141
71
-1
72
115
73
-1
74
121
75
-1
76
137
77
-1
78
151
79
-1
80
140
81
-1
82
182
83
-1
84
76
85
-1
86
38
87
-1
88
157
89
-1
90
49
91
-1
92
166
93
-1
94
0
95
-1
96
125
97
-1
98
30
99
-1
100
55
101
-1
102
18
103
-1
104
24
105
-1
106
173
107
-1
108
175
109
-1
110
0
111
-1
112
142
113
-1
114
50
115
-1
116
93
117
-1
118
162
119
-1
120
69
121
-1
122
140
123
-1
124
135
125
-1
126
40
127
-1
128
142
129
-1
130
143
131
-1
132
129
133
-1
134
109
135
-1
136
90
137
-1
138
146
139
-1
140
39
141
-1
142
7
143
-1
144
27
145
-1
146
48
147
-1
148
10
149
-1
150
32
151
-1
152
158
153
-1
154
114
155
-1
156
71
157
-1
158
167
159
-1
160
172
161
-1
162
23
163
-1
164
56
165
-1
166
137
167
-1
168
101
169
-1
170
94
171
-1
172
168
173
-1
174
161
175
-1
176
2
177
-1
178
15
179
-1
180
110
181
-1
182
77
183
-1
184
28
185
-1
186
171
187
-1
188
122
189
-1
190
38
191
-1
192
147
193
-1
194
12
195
-1
196
134
197
-1
198
39
199
-1
200
32
201
-1
202
58
203
-1
204
74
205
-1
206
129
207
-1
208
143
209
-1
210
100
211
-1
212
153
213
-1
214
12
215
-1
216
76
217
-1
218
135
219
-1
220
102
221
-1
222
21
223
-1
224
154
225
-1
226
63
227
-1
228
152
229
-1
230
166
231
-1
232
35
233
-1
234
19
235
-1
236
31
237
-1
238
150
239
-1
240
154
241
-1
242
88
243
-1
244
85
245
-1
246
109
247
-1
248
178
249
-1
250
0
251
-1
252
150
253
-1
254
136
255
-1
256
177
257
-1
258
123
259
-1
260
77
261
-1
262
78
263
-1
264
96
265
-1
266
177
267
-1
268
115
269
-1
270
117
271
-1
272
49
273
-1
274
66
275
-1
276
75
277
-1
278
67
279
-1
280
131
281
-1
282
101
283
-1
284
59
285
-1
286
109
287
-1
288
0
289
-1
290
100
291
-1
292
103
293
-1
294
54
295
-1
296
132
297
-1
298
184
299
-1
300
142
301
-1
302
123
303
-1
304
111
305
-1
306
17
307
-1
308
182
309
-1
310
150
311
-1
312
81
313
-1
314
179
315
-1
316
134
317
-1
318
15
319
-1
320
116
321
-1
322
39
323
-1
324
35
325
-1
326
66
327
-1
328
49
329
-1
330
95
331
-1
332
25
333
-1
334
36
335
-1
336
3
337
-1
338
4
339
-1
340
129
341
-1
342
45
343
-1
344
50
345
-1
346
37
347
-1
348
74
349
-1
350
134
351
-1
352
166
353
-1
354
119
355
-1
356
19
357
-1
358
166
359
-1
360
184
361
-1
362
7
363
-1
364
72
365
-1
366
10
367
-1
368
163
369
-1
370
162
371
-1
372
182
373
-1
374
185
375
-1
376
74
377
-1
378
6
379
-1
380
68
381
-1
382
119
383
-1
384
103
385
-1
386
158
387
-1
388
0
389
-1
390
63
391
-1
392
105
393
-1
394
69
395
-1
396
36
397
-1
398
131
399
-1
400
185
401
-1
402
45
403
-1
404
131
405
-1
406
14
407
-1
408
159
409
-1
410
169
411
-1
412
151
413
-1
414
184
415
-1
416
78
417
-1
418
46
419
-1
420
84
421
-1
422
69
423
-1
424
113
425
-1
426
85
427
-1
428
176
429
-1
430
34
431
-1
432
103
433
-1
434
65
435
-1
436
40
437
-1
438
100
439
-1
440
32
441
-1
442
37
443
-1
444
153
445
-1
446
105
447
-1
448
80
449
-1
450
129
451
-1
452
160
453
-1
454
5
455
-1
456
71
457
-1
458
145
459
-1
460
27
461
-1
462
117
463
-1
464
146
465
-1
466
110
467
-1
468
173
469
-1
470
89
471
-1
472
28
473
-1
474
147
475
-1
476
7
477
-1
478
159
479
-1
480
6
481
-1
482
170
483
-1
484
159
485
-1
486
159
487
-1
488
105
489
-1
490
94
491
-1
492
104
493
-1
494
60
495
-1
496
133
497
-1
498
87
499
-1
500
166
501
-1
502
133
503
-1
504
47
505
-1
506
45
507
-1
508
110
509
-1
510
29
511
-1
512
180
513
-1
514
74
515
-1
516
76
517
-1
518
53
519
-1
520
25
521
-1
522
132
523
-1
524
176
525
-1
526
131
527
-1
528
62
529
-1
530
30
531
-1
532
38
533
-1
534
99
535
-1
536
82
537
-1
538
172
539
-1
540
32
541
-1
542
64
543
-1
544
2
545
-1
546
40
547
-1
548
32
549
-1
550
15
551
-1
552
62
553
-1
554
89
555
-1
556
24
557
-1
558
101
559
-1
560
7
561
-1
562
14
563
-1
564
176
565
-1
566
45
567
-1
568
34
569
-1
570
171
571
-1
572
17
573
-1
574
170
575
-1
576
169
577
-1
578
72
579
-1
580
77
581
-1
582
77
583
-1
584
157
585
-1
586
10
587
-1
588
60
589
-1
590
59
591
-1
592
92
593
-1
594
159
595
-1
596
101
597
-1
598
97
599
-1
