********************************************************************************
The planted motif0 is:
GGCGCCCGA
0
165
1
-1
2
81
3
-1
4
1
5
-1
6
167
7
-1
8
81
9
-1
10
26
11
-1
12
87
13
-1
14
139
15
-1
16
89
17
-1
18
82
19
-1
20
135
21
-1
22
146
23
-1
24
97
25
-1
26
165
27
-1
28
107
29
-1
30
5
31
-1
32
29
33
-1
34
145
35
-1
36
35
37
-1
38
62
39
-1
40
161
41
-1
42
104
43
-1
44
173
45
-1
46
111
47
-1
48
45
49
-1
50
81
51
-1
52
21
53
-1
54
116
55
-1
56
130
57
-1
58
159
59
-1
60
178
61
-1
62
4
63
-1
64
67
65
-1
66
83
67
-1
68
120
69
-1
70
87
71
-1
72
94
73
-1
74
158
75
-1
76
106
77
-1
78
3
79
-1
80
120
81
-1
82
48
83
-1
84
18
85
-1
86
97
87
-1
88
27
89
-1
90
91
91
-1
92
7
93
-1
94
179
95
-1
96
73
97
-1
98
68
99
-1
100
110
101
-1
102
112
103
-1
104
110
105
-1
106
133
107
-1
108
127
109
-1
110
28
111
-1
112
138
113
-1
114
41
115
-1
116
42
117
-1
118
73
119
-1
120
24
121
-1
122
42
123
-1
124
161
125
-1
126
133
127
-1
128
156
129
-1
130
148
131
-1
132
152
133
-1
134
51
135
-1
136
60
137
-1
138
39
139
-1
140
74
141
-1
142
135
143
-1
144
4
145
-1
146
40
147
-1
148
185
149
-1
150
165
151
-1
152
175
153
-1
154
108
155
-1
156
44
157
-1
158
123
159
-1
160
55
161
-1
162
141
163
-1
164
162
165
-1
166
64
167
-1
168
68
169
-1
170
38
171
-1
172
174
173
-1
174
35
175
-1
176
5
177
-1
178
148
179
-1
180
41
181
-1
182
146
183
-1
184
65
185
-1
186
125
187
-1
188
16
189
-1
190
150
191
-1
192
5
193
-1
194
146
195
-1
196
63
197
-1
198
80
199
-1
200
47
201
-1
202
166
203
-1
204
57
205
-1
206
176
207
-1
208
74
209
-1
210
153
211
-1
212
90
213
-1
214
26
215
-1
216
129
217
-1
218
20
219
-1
220
118
221
-1
222
128
223
-1
224
111
225
-1
226
59
227
-1
228
142
229
-1
230
141
231
-1
232
54
233
-1
234
106
235
-1
236
129
237
-1
238
102
239
-1
240
69
241
-1
242
70
243
-1
244
135
245
-1
246
152
247
-1
248
22
249
-1
250
131
251
-1
252
121
253
-1
254
133
255
-1
256
138
257
-1
258
130
259
-1
260
142
261
-1
262
37
263
-1
264
97
265
-1
266
172
267
-1
268
132
269
-1
270
18
271
-1
272
28
273
-1
274
51
275
-1
276
33
277
-1
278
113
279
-1
280
30
281
-1
282
18
283
-1
284
21
285
-1
286
187
287
-1
288
129
289
-1
290
7
291
-1
292
144
293
-1
294
69
295
-1
296
1
297
-1
298
11
299
-1
300
65
301
-1
302
35
303
-1
304
49
305
-1
306
12
307
-1
308
100
309
-1
310
25
311
-1
312
126
313
-1
314
150
315
-1
316
100
317
-1
318
76
319
-1
320
51
321
-1
322
99
323
-1
324
95
325
-1
326
20
327
-1
328
186
329
-1
330
51
331
-1
332
23
333
-1
334
188
335
-1
336
153
337
-1
338
152
339
-1
340
183
341
-1
342
41
343
-1
344
84
345
-1
346
19
347
-1
348
143
349
-1
350
85
351
-1
352
72
353
-1
354
93
355
-1
356
172
357
-1
358
63
359
-1
360
147
361
-1
362
134
363
-1
364
85
365
-1
366
8
367
-1
368
50
369
-1
370
124
371
-1
372
83
373
-1
374
85
375
-1
376
94
377
-1
378
34
379
-1
380
157
381
-1
382
12
383
-1
384
16
385
-1
386
91
387
-1
388
126
389
-1
390
140
391
-1
392
41
393
-1
394
104
395
-1
396
150
397
-1
398
38
399
-1
400
131
401
-1
402
67
403
-1
404
38
405
-1
406
132
407
-1
408
87
409
-1
410
159
411
-1
412
123
413
-1
414
162
415
-1
416
191
417
-1
418
161
419
-1
420
165
421
-1
422
107
423
-1
424
128
425
-1
426
15
427
-1
428
1
429
-1
430
85
431
-1
432
94
433
-1
434
144
435
-1
436
100
437
-1
438
12
439
-1
440
3
441
-1
442
185
443
-1
444
55
445
-1
446
20
447
-1
448
112
449
-1
450
7
451
-1
452
53
453
-1
454
142
455
-1
456
52
457
-1
458
182
459
-1
460
127
461
-1
462
183
463
-1
464
117
465
-1
466
152
467
-1
468
159
469
-1
470
16
471
-1
472
23
473
-1
474
89
475
-1
476
1
477
-1
478
99
479
-1
480
117
481
-1
482
170
483
-1
484
38
485
-1
486
35
487
-1
488
47
489
-1
490
58
491
-1
492
105
493
-1
494
19
495
-1
496
57
497
-1
498
132
499
-1
500
14
501
-1
502
93
503
-1
504
81
505
-1
506
69
507
-1
508
52
509
-1
510
140
511
-1
512
42
513
-1
514
127
515
-1
516
39
517
-1
518
34
519
-1
520
133
521
-1
522
143
523
-1
524
129
525
-1
526
140
527
-1
528
167
529
-1
530
102
531
-1
532
92
533
-1
534
154
535
-1
536
143
537
-1
538
175
539
-1
540
120
541
-1
542
86
543
-1
544
125
545
-1
546
68
547
-1
548
78
549
-1
550
116
551
-1
552
69
553
-1
554
118
555
-1
556
28
557
-1
558
74
559
-1
560
46
561
-1
562
170
563
-1
564
160
565
-1
566
152
567
-1
568
45
569
-1
570
8
571
-1
572
83
573
-1
574
90
575
-1
576
83
577
-1
578
115
579
-1
580
14
581
-1
582
44
583
-1
584
129
585
-1
586
34
587
-1
588
9
589
-1
590
35
591
-1
592
50
593
-1
594
79
595
-1
596
30
597
-1
598
161
599
-1
600
71
601
-1
602
169
603
-1
604
100
605
-1
606
72
607
-1
608
167
609
-1
610
140
611
-1
612
81
613
-1
614
77
615
-1
616
61
617
-1
618
16
619
-1
620
158
621
-1
622
111
623
-1
624
18
625
-1
626
8
627
-1
628
177
629
-1
630
165
631
-1
632
125
633
-1
634
0
635
-1
636
70
637
-1
638
72
639
-1
640
68
641
-1
642
147
643
-1
644
129
645
-1
646
7
647
-1
648
151
649
-1
650
103
651
-1
652
117
653
-1
654
45
655
-1
656
143
657
-1
658
72
659
-1
660
43
661
-1
662
189
663
-1
664
139
665
-1
666
123
667
-1
668
112
669
-1
670
17
671
-1
672
91
673
-1
674
129
675
-1
676
168
677
-1
678
90
679
-1
680
64
681
-1
682
58
683
-1
684
190
685
-1
686
172
687
-1
688
63
689
-1
690
63
691
-1
692
77
693
-1
694
131
695
-1
696
177
697
-1
698
116
699
-1
700
132
701
-1
702
75
703
-1
704
86
705
-1
706
39
707
-1
708
66
709
-1
710
98
711
-1
712
99
713
-1
714
78
715
-1
716
24
717
-1
718
191
719
-1
720
26
721
-1
722
32
723
-1
724
137
725
-1
726
165
727
-1
728
71
729
-1
730
61
731
-1
732
148
733
-1
734
131
735
-1
736
101
737
-1
738
41
739
-1
740
133
741
-1
742
28
743
-1
744
123
745
-1
746
131
747
-1
748
17
749
-1
750
129
751
-1
752
107
753
-1
754
6
755
-1
756
126
757
-1
758
12
759
-1
760
158
761
-1
762
20
763
-1
764
9
765
-1
766
28
767
-1
768
24
769
-1
770
68
771
-1
772
146
773
-1
774
143
775
-1
776
123
777
-1
778
23
779
-1
780
12
781
-1
782
99
783
-1
784
13
785
-1
786
115
787
-1
788
123
789
-1
790
175
791
-1
792
189
793
-1
794
108
795
-1
796
143
797
-1
798
127
799
-1
800
13
801
-1
802
170
803
-1
804
103
805
-1
806
20
807
-1
808
128
809
-1
810
100
811
-1
812
111
813
-1
814
173
815
-1
816
189
817
-1
818
63
819
-1
820
168
821
-1
822
3
823
-1
824
104
825
-1
826
17
827
-1
828
65
829
-1
830
123
831
-1
832
29
833
-1
834
144
835
-1
836
161
837
-1
838
15
839
-1
840
158
841
-1
842
57
843
-1
844
97
845
-1
846
3
847
-1
848
83
849
-1
850
30
851
-1
852
1
853
-1
854
115
855
-1
856
118
857
-1
858
27
859
-1
860
153
861
-1
862
22
863
-1
864
109
865
-1
866
118
867
-1
868
171
869
-1
870
173
871
-1
872
125
873
-1
874
118
875
-1
876
169
877
-1
878
95
879
-1
880
91
881
-1
882
11
883
-1
884
185
885
-1
886
95
887
-1
888
180
889
-1
890
128
891
-1
892
22
893
-1
894
141
895
-1
896
104
897
-1
898
160
899
-1
900
160
901
-1
902
7
903
-1
904
57
905
-1
906
55
907
-1
908
79
909
-1
910
32
911
-1
912
1
913
-1
914
97
915
-1
916
18
917
-1
918
60
919
-1
920
80
921
-1
922
101
923
-1
924
79
925
-1
926
159
927
-1
928
32
929
-1
930
12
931
-1
932
100
933
-1
934
26
935
-1
936
166
937
-1
938
154
939
-1
940
27
941
-1
942
100
943
-1
944
58
945
-1
946
77
947
-1
948
139
949
-1
950
16
951
-1
952
34
953
-1
954
167
955
-1
956
65
957
-1
958
156
959
-1
960
145
961
-1
962
53
963
-1
964
138
965
-1
966
0
967
-1
968
161
969
-1
970
93
971
-1
972
54
973
-1
974
177
975
-1
976
128
977
-1
978
37
979
-1
980
43
981
-1
982
135
983
-1
984
164
985
-1
986
128
987
-1
988
106
989
-1
990
127
991
-1
992
41
993
-1
994
38
995
-1
996
95
997
-1
998
120
999
-1
