********************************************************************************
The planted motif0 is:
AAAGTCTAATGTATG
0
38
1
-1
2
157
3
-1
4
49
5
-1
6
166
7
-1
8
0
9
-1
10
125
11
-1
12
30
13
-1
14
55
15
-1
16
18
17
-1
18
24
19
-1
20
173
21
-1
22
175
23
-1
24
0
25
-1
26
142
27
-1
28
50
29
-1
30
93
31
-1
32
162
33
-1
34
69
35
-1
36
140
37
-1
38
135
39
-1
40
40
41
-1
42
142
43
-1
44
143
45
-1
46
129
47
-1
48
109
49
-1
50
90
51
-1
52
146
53
-1
54
39
55
-1
56
7
57
-1
58
27
59
-1
60
48
61
-1
62
10
63
-1
64
32
65
-1
66
158
67
-1
68
114
69
-1
70
71
71
-1
72
167
73
-1
74
172
75
-1
76
23
77
-1
78
56
79
-1
80
137
81
-1
82
101
83
-1
84
94
85
-1
86
168
87
-1
88
161
89
-1
90
2
91
-1
92
15
93
-1
94
110
95
-1
96
77
97
-1
98
28
99
-1
100
171
101
-1
102
122
103
-1
104
38
105
-1
106
147
107
-1
108
12
109
-1
110
134
111
-1
112
39
113
-1
114
32
115
-1
116
58
117
-1
118
74
119
-1
120
129
121
-1
122
143
123
-1
124
100
125
-1
126
153
127
-1
128
12
129
-1
130
76
131
-1
132
135
133
-1
134
102
135
-1
136
21
137
-1
138
154
139
-1
140
63
141
-1
142
152
143
-1
144
166
145
-1
146
35
147
-1
148
19
149
-1
150
31
151
-1
152
150
153
-1
154
154
155
-1
156
88
157
-1
158
85
159
-1
160
109
161
-1
162
178
163
-1
164
0
165
-1
166
150
167
-1
168
136
169
-1
170
177
171
-1
172
123
173
-1
174
77
175
-1
176
78
177
-1
178
96
179
-1
180
177
181
-1
182
115
183
-1
184
117
185
-1
186
49
187
-1
188
66
189
-1
190
75
191
-1
192
67
193
-1
194
131
195
-1
196
101
197
-1
198
59
199
-1
200
109
201
-1
202
0
203
-1
204
100
205
-1
206
103
207
-1
208
54
209
-1
210
132
211
-1
212
184
213
-1
214
142
215
-1
216
123
217
-1
218
111
219
-1
220
17
221
-1
222
182
223
-1
224
150
225
-1
226
81
227
-1
228
179
229
-1
230
134
231
-1
232
15
233
-1
234
116
235
-1
236
39
237
-1
238
35
239
-1
240
66
241
-1
242
49
243
-1
244
95
245
-1
246
25
247
-1
248
36
249
-1
250
3
251
-1
252
4
253
-1
254
129
255
-1
256
45
257
-1
258
50
259
-1
260
37
261
-1
262
74
263
-1
264
134
265
-1
266
166
267
-1
268
119
269
-1
270
19
271
-1
272
166
273
-1
274
184
275
-1
276
7
277
-1
278
72
279
-1
280
10
281
-1
282
163
283
-1
284
162
285
-1
286
182
287
-1
288
185
289
-1
290
74
291
-1
292
6
293
-1
294
68
295
-1
296
119
297
-1
298
103
299
-1
300
158
301
-1
302
0
303
-1
304
63
305
-1
306
105
307
-1
308
69
309
-1
310
36
311
-1
312
131
313
-1
314
185
315
-1
316
45
317
-1
318
131
319
-1
320
14
321
-1
322
159
323
-1
324
169
325
-1
326
151
327
-1
328
184
329
-1
330
78
331
-1
332
46
333
-1
334
84
335
-1
336
69
337
-1
338
113
339
-1
340
85
341
-1
342
176
343
-1
344
34
345
-1
346
103
347
-1
348
65
349
-1
350
40
351
-1
352
100
353
-1
354
32
355
-1
356
37
357
-1
358
153
359
-1
360
105
361
-1
362
80
363
-1
364
129
365
-1
366
160
367
-1
368
5
369
-1
370
71
371
-1
372
145
373
-1
374
27
375
-1
376
117
377
-1
378
146
379
-1
380
110
381
-1
382
173
383
-1
384
89
385
-1
386
28
387
-1
388
147
389
-1
390
7
391
-1
392
159
393
-1
394
6
395
-1
396
170
397
-1
398
159
399
-1
400
159
401
-1
402
105
403
-1
404
94
405
-1
406
104
407
-1
408
60
409
-1
410
133
411
-1
412
87
413
-1
414
166
415
-1
416
133
417
-1
418
47
419
-1
420
45
421
-1
422
110
423
-1
424
29
425
-1
426
180
427
-1
428
74
429
-1
430
76
431
-1
432
53
433
-1
434
25
435
-1
436
132
437
-1
438
176
439
-1
440
131
441
-1
442
62
443
-1
444
30
445
-1
446
38
447
-1
448
99
449
-1
450
82
451
-1
452
172
453
-1
454
32
455
-1
456
64
457
-1
458
2
459
-1
460
40
461
-1
462
32
463
-1
464
15
465
-1
466
62
467
-1
468
89
469
-1
470
24
471
-1
472
101
473
-1
474
7
475
-1
476
14
477
-1
478
176
479
-1
480
45
481
-1
482
34
483
-1
484
171
485
-1
486
17
487
-1
488
170
489
-1
490
169
491
-1
492
72
493
-1
494
77
495
-1
496
77
497
-1
498
157
499
-1
500
10
501
-1
502
60
503
-1
504
59
505
-1
506
92
507
-1
508
159
509
-1
510
101
511
-1
512
97
513
-1
514
160
515
-1
516
134
517
-1
518
135
519
-1
520
24
521
-1
522
62
523
-1
524
141
525
-1
526
129
527
-1
528
17
529
-1
530
156
531
-1
532
106
533
-1
534
90
535
-1
536
164
537
-1
538
117
539
-1
540
63
541
-1
542
121
543
-1
544
157
545
-1
546
163
547
-1
548
171
549
-1
550
135
551
-1
552
35
553
-1
554
30
555
-1
556
61
557
-1
558
159
559
-1
560
25
561
-1
562
165
563
-1
564
124
565
-1
566
113
567
-1
568
91
569
-1
570
105
571
-1
572
126
573
-1
574
120
575
-1
576
34
577
-1
578
28
579
-1
580
124
581
-1
582
148
583
-1
584
69
585
-1
586
93
587
-1
588
173
589
-1
590
131
591
-1
592
39
593
-1
594
104
595
-1
596
48
597
-1
598
57
599
-1
600
92
601
-1
602
81
603
-1
604
72
605
-1
606
176
607
-1
608
165
609
-1
610
18
611
-1
612
18
613
-1
614
113
615
-1
616
170
617
-1
618
170
619
-1
620
47
621
-1
622
147
623
-1
624
83
625
-1
626
55
627
-1
628
46
629
-1
630
35
631
-1
632
83
633
-1
634
47
635
-1
636
1
637
-1
638
58
639
-1
640
3
641
-1
642
113
643
-1
644
179
645
-1
646
9
647
-1
648
47
649
-1
650
126
651
-1
652
78
653
-1
654
102
655
-1
656
26
657
-1
658
146
659
-1
660
135
661
-1
662
34
663
-1
664
24
665
-1
666
92
667
-1
668
86
669
-1
670
125
671
-1
672
33
673
-1
674
167
675
-1
676
144
677
-1
678
135
679
-1
680
7
681
-1
682
103
683
-1
684
183
685
-1
686
67
687
-1
688
147
689
-1
690
84
691
-1
692
41
693
-1
694
169
695
-1
696
37
697
-1
698
50
699
-1
700
163
701
-1
702
8
703
-1
704
182
705
-1
706
52
707
-1
708
39
709
-1
710
47
711
-1
712
129
713
-1
714
123
715
-1
716
180
717
-1
718
135
719
-1
720
74
721
-1
722
101
723
-1
724
137
725
-1
726
51
727
-1
728
5
729
-1
730
24
731
-1
732
185
733
-1
734
171
735
-1
736
44
737
-1
738
63
739
-1
740
7
741
-1
742
75
743
-1
744
113
745
-1
746
0
747
-1
748
121
749
-1
750
67
751
-1
752
136
753
-1
754
165
755
-1
756
63
757
-1
758
22
759
-1
760
25
761
-1
762
4
763
-1
764
33
765
-1
766
59
767
-1
768
101
769
-1
770
130
771
-1
772
79
773
-1
774
23
775
-1
776
13
777
-1
778
95
779
-1
780
119
781
-1
782
185
783
-1
784
156
785
-1
786
14
787
-1
788
160
789
-1
790
63
791
-1
792
176
793
-1
794
58
795
-1
796
64
797
-1
798
169
799
-1
800
9
801
-1
802
1
803
-1
804
157
805
-1
806
110
807
-1
808
73
809
-1
810
115
811
-1
812
174
813
-1
814
132
815
-1
816
62
817
-1
818
59
819
-1
820
91
821
-1
822
81
823
-1
824
50
825
-1
826
174
827
-1
828
76
829
-1
830
26
831
-1
832
88
833
-1
834
106
835
-1
836
111
837
-1
838
52
839
-1
840
64
841
-1
842
113
843
-1
844
133
845
-1
846
178
847
-1
848
106
849
-1
850
113
851
-1
852
53
853
-1
854
72
855
-1
856
31
857
-1
858
35
859
-1
860
84
861
-1
862
54
863
-1
864
173
865
-1
866
21
867
-1
868
156
869
-1
870
177
871
-1
872
182
873
-1
874
73
875
-1
876
61
877
-1
878
99
879
-1
880
50
881
-1
882
116
883
-1
884
100
885
-1
886
67
887
-1
888
137
889
-1
890
182
891
-1
892
5
893
-1
894
72
895
-1
896
176
897
-1
898
120
899
-1
900
27
901
-1
902
134
903
-1
904
48
905
-1
906
182
907
-1
908
69
909
-1
910
147
911
-1
912
159
913
-1
914
174
915
-1
916
115
917
-1
918
100
919
-1
920
33
921
-1
922
162
923
-1
924
53
925
-1
926
182
927
-1
928
73
929
-1
930
44
931
-1
932
112
933
-1
934
66
935
-1
936
175
937
-1
938
127
939
-1
940
1
941
-1
942
153
943
-1
944
113
945
-1
946
171
947
-1
948
141
949
-1
950
54
951
-1
952
54
953
-1
954
127
955
-1
956
8
957
-1
958
94
959
-1
960
136
961
-1
962
46
963
-1
964
82
965
-1
966
136
967
-1
968
91
969
-1
970
46
971
-1
972
174
973
-1
974
144
975
-1
976
10
977
-1
978
120
979
-1
980
102
981
-1
982
98
983
-1
984
173
985
-1
986
108
987
-1
988
80
989
-1
990
13
991
-1
992
103
993
-1
994
37
995
-1
996
93
997
-1
998
37
999
-1
1000
147
1001
-1
1002
25
1003
-1
1004
13
1005
-1
1006
59
1007
-1
1008
73
1009
-1
1010
63
1011
-1
1012
29
1013
-1
1014
49
1015
-1
1016
45
1017
-1
1018
76
1019
-1
1020
82
1021
-1
1022
18
1023
-1
1024
168
1025
-1
1026
9
1027
-1
1028
0
1029
-1
1030
105
1031
-1
1032
85
1033
-1
1034
161
1035
-1
1036
130
1037
-1
1038
145
1039
-1
1040
185
1041
-1
1042
71
1043
-1
1044
32
1045
-1
1046
48
1047
-1
1048
30
1049
-1
1050
175
1051
-1
1052
89
1053
-1
1054
106
1055
-1
1056
40
1057
-1
1058
21
1059
-1
1060
172
1061
-1
1062
7
1063
-1
1064
57
1065
-1
1066
180
1067
-1
1068
98
1069
-1
1070
15
1071
-1
1072
182
1073
-1
1074
176
1075
-1
1076
145
1077
-1
1078
86
1079
-1
1080
168
1081
-1
1082
143
1083
-1
1084
182
1085
-1
1086
92
1087
-1
1088
41
1089
-1
1090
79
1091
-1
1092
54
1093
-1
1094
173
1095
-1
1096
61
1097
-1
1098
12
1099
-1
1100
102
1101
-1
1102
14
1103
-1
1104
15
1105
-1
1106
168
1107
-1
1108
155
1109
-1
1110
108
1111
-1
1112
107
1113
-1
1114
135
1115
-1
1116
29
1117
-1
1118
57
1119
-1
1120
139
1121
-1
1122
140
1123
-1
1124
31
1125
-1
1126
139
1127
-1
1128
152
1129
-1
1130
86
1131
-1
1132
62
1133
-1
1134
67
1135
-1
1136
129
1137
-1
1138
21
1139
-1
1140
173
1141
-1
1142
1
1143
-1
1144
147
1145
-1
1146
105
1147
-1
1148
146
1149
-1
1150
59
1151
-1
1152
139
1153
-1
1154
182
1155
-1
1156
103
1157
-1
1158
84
1159
-1
1160
27
1161
-1
1162
52
1163
-1
1164
63
1165
-1
1166
8
1167
-1
1168
167
1169
-1
1170
48
1171
-1
1172
67
1173
-1
1174
173
1175
-1
1176
123
1177
-1
1178
113
1179
-1
1180
185
1181
-1
1182
21
1183
-1
1184
59
1185
-1
1186
78
1187
-1
1188
165
1189
-1
1190
19
1191
-1
1192
156
1193
-1
1194
72
1195
-1
1196
106
1197
-1
1198
164
1199
-1
1200
50
1201
-1
1202
180
1203
-1
1204
182
1205
-1
1206
0
1207
-1
1208
61
1209
-1
1210
4
1211
-1
1212
107
1213
-1
1214
144
1215
-1
1216
161
1217
-1
1218
71
1219
-1
1220
102
1221
-1
1222
75
1223
-1
1224
113
1225
-1
1226
29
1227
-1
1228
56
1229
-1
1230
80
1231
-1
1232
113
1233
-1
1234
36
1235
-1
1236
144
1237
-1
1238
159
1239
-1
1240
126
1241
-1
1242
27
1243
-1
1244
119
1245
-1
1246
59
1247
-1
1248
154
1249
-1
1250
60
1251
-1
1252
137
1253
-1
1254
182
1255
-1
1256
104
1257
-1
1258
157
1259
-1
1260
96
1261
-1
1262
139
1263
-1
1264
73
1265
-1
1266
85
1267
-1
1268
93
1269
-1
1270
137
1271
-1
1272
104
1273
-1
1274
9
1275
-1
1276
28
1277
-1
1278
28
1279
-1
1280
24
1281
-1
1282
2
1283
-1
1284
85
1285
-1
1286
104
1287
-1
1288
3
1289
-1
1290
161
1291
-1
1292
87
1293
-1
1294
35
1295
-1
1296
125
1297
-1
1298
155
1299
-1
1300
77
1301
-1
1302
57
1303
-1
1304
61
1305
-1
1306
69
1307
-1
1308
132
1309
-1
1310
66
1311
-1
1312
59
1313
-1
1314
34
1315
-1
1316
20
1317
-1
1318
97
1319
-1
1320
165
1321
-1
1322
174
1323
-1
1324
82
1325
-1
1326
142
1327
-1
1328
142
1329
-1
1330
27
1331
-1
1332
61
1333
-1
1334
132
1335
-1
1336
56
1337
-1
1338
149
1339
-1
1340
114
1341
-1
1342
103
1343
-1
1344
95
1345
-1
1346
42
1347
-1
1348
81
1349
-1
1350
85
1351
-1
1352
140
1353
-1
1354
150
1355
-1
1356
104
1357
-1
1358
107
1359
-1
1360
111
1361
-1
1362
54
1363
-1
1364
100
1365
-1
1366
57
1367
-1
1368
142
1369
-1
1370
92
1371
-1
1372
141
1373
-1
1374
129
1375
-1
1376
146
1377
-1
1378
88
1379
-1
1380
150
1381
-1
1382
5
1383
-1
1384
11
1385
-1
1386
83
1387
-1
1388
24
1389
-1
1390
94
1391
-1
1392
167
1393
-1
1394
39
1395
-1
1396
148
1397
-1
1398
77
1399
-1
1400
183
1401
-1
1402
101
1403
-1
1404
148
1405
-1
1406
71
1407
-1
1408
53
1409
-1
1410
145
1411
-1
1412
7
1413
-1
1414
120
1415
-1
1416
169
1417
-1
1418
130
1419
-1
1420
146
1421
-1
1422
147
1423
-1
1424
117
1425
-1
1426
114
1427
-1
1428
12
1429
-1
1430
93
1431
-1
1432
0
1433
-1
1434
100
1435
-1
1436
42
1437
-1
1438
7
1439
-1
1440
177
1441
-1
1442
133
1443
-1
1444
80
1445
-1
1446
139
1447
-1
1448
74
1449
-1
1450
11
1451
-1
1452
40
1453
-1
1454
13
1455
-1
1456
123
1457
-1
1458
103
1459
-1
1460
11
1461
-1
1462
55
1463
-1
1464
113
1465
-1
1466
72
1467
-1
1468
60
1469
-1
1470
163
1471
-1
1472
12
1473
-1
1474
29
1475
-1
1476
54
1477
-1
1478
14
1479
-1
1480
140
1481
-1
1482
112
1483
-1
1484
139
1485
-1
1486
85
1487
-1
1488
14
1489
-1
1490
61
1491
-1
1492
87
1493
-1
1494
181
1495
-1
1496
17
1497
-1
1498
40
1499
-1
1500
19
1501
-1
1502
106
1503
-1
1504
159
1505
-1
1506
184
1507
-1
1508
53
1509
-1
1510
173
1511
-1
1512
127
1513
-1
1514
103
1515
-1
1516
76
1517
-1
1518
56
1519
-1
1520
94
1521
-1
1522
63
1523
-1
1524
75
1525
-1
1526
30
1527
-1
1528
112
1529
-1
1530
46
1531
-1
1532
72
1533
-1
1534
115
1535
-1
1536
29
1537
-1
1538
61
1539
-1
1540
28
1541
-1
1542
146
1543
-1
1544
171
1545
-1
1546
33
1547
-1
1548
163
1549
-1
1550
113
1551
-1
1552
20
1553
-1
1554
112
1555
-1
1556
90
1557
-1
1558
103
1559
-1
1560
61
1561
-1
1562
131
1563
-1
1564
121
1565
-1
1566
32
1567
-1
1568
145
1569
-1
1570
154
1571
-1
1572
56
1573
-1
1574
130
1575
-1
1576
17
1577
-1
1578
111
1579
-1
1580
12
1581
-1
1582
78
1583
-1
1584
141
1585
-1
1586
2
1587
-1
1588
163
1589
-1
1590
53
1591
-1
1592
83
1593
-1
1594
152
1595
-1
1596
84
1597
-1
1598
130
1599
-1
1600
133
1601
-1
1602
144
1603
-1
1604
139
1605
-1
1606
5
1607
-1
1608
177
1609
-1
1610
185
1611
-1
1612
50
1613
-1
1614
53
1615
-1
1616
69
1617
-1
1618
2
1619
-1
1620
98
1621
-1
1622
151
1623
-1
1624
41
1625
-1
1626
42
1627
-1
1628
184
1629
-1
1630
10
1631
-1
1632
132
1633
-1
1634
16
1635
-1
1636
2
1637
-1
1638
34
1639
-1
1640
135
1641
-1
1642
36
1643
-1
1644
3
1645
-1
1646
101
1647
-1
1648
55
1649
-1
1650
5
1651
-1
1652
171
1653
-1
1654
123
1655
-1
1656
47
1657
-1
1658
134
1659
-1
1660
165
1661
-1
1662
29
1663
-1
1664
146
1665
-1
1666
67
1667
-1
1668
10
1669
-1
1670
52
1671
-1
1672
154
1673
-1
1674
148
1675
-1
1676
40
1677
-1
1678
75
1679
-1
1680
38
1681
-1
1682
94
1683
-1
1684
138
1685
-1
1686
60
1687
-1
1688
91
1689
-1
1690
125
1691
-1
1692
114
1693
-1
1694
4
1695
-1
1696
134
1697
-1
1698
130
1699
-1
1700
31
1701
-1
1702
19
1703
-1
1704
126
1705
-1
1706
153
1707
-1
1708
23
1709
-1
1710
179
1711
-1
1712
134
1713
-1
1714
109
1715
-1
1716
41
1717
-1
1718
176
1719
-1
1720
163
1721
-1
1722
163
1723
-1
1724
166
1725
-1
1726
22
1727
-1
1728
76
1729
-1
1730
120
1731
-1
1732
77
1733
-1
1734
59
1735
-1
1736
98
1737
-1
1738
49
1739
-1
1740
168
1741
-1
1742
140
1743
-1
1744
147
1745
-1
1746
20
1747
-1
1748
86
1749
-1
1750
27
1751
-1
1752
120
1753
-1
1754
29
1755
-1
1756
68
1757
-1
1758
132
1759
-1
1760
131
1761
-1
1762
7
1763
-1
1764
71
1765
-1
1766
57
1767
-1
1768
181
1769
-1
1770
97
1771
-1
1772
42
1773
-1
1774
114
1775
-1
1776
24
1777
-1
1778
106
1779
-1
1780
64
1781
-1
1782
142
1783
-1
1784
141
1785
-1
1786
123
1787
-1
1788
47
1789
-1
1790
18
1791
-1
1792
97
1793
-1
1794
119
1795
-1
1796
95
1797
-1
1798
84
1799
-1
1800
55
1801
-1
1802
66
1803
-1
1804
72
1805
-1
1806
102
1807
-1
1808
21
1809
-1
1810
128
1811
-1
1812
92
1813
-1
1814
36
1815
-1
1816
151
1817
-1
1818
168
1819
-1
1820
14
1821
-1
1822
145
1823
-1
1824
23
1825
-1
1826
140
1827
-1
1828
179
1829
-1
1830
63
1831
-1
1832
71
1833
-1
1834
109
1835
-1
1836
62
1837
-1
1838
155
1839
-1
1840
36
1841
-1
1842
120
1843
-1
1844
71
1845
-1
1846
60
1847
-1
1848
88
1849
-1
1850
110
1851
-1
1852
5
1853
-1
1854
27
1855
-1
1856
10
1857
-1
1858
19
1859
-1
1860
53
1861
-1
1862
119
1863
-1
1864
64
1865
-1
1866
24
1867
-1
1868
107
1869
-1
1870
43
1871
-1
1872
2
1873
-1
1874
116
1875
-1
1876
111
1877
-1
1878
153
1879
-1
1880
99
1881
-1
1882
131
1883
-1
1884
139
1885
-1
1886
57
1887
-1
1888
83
1889
-1
1890
78
1891
-1
1892
56
1893
-1
1894
62
1895
-1
1896
53
1897
-1
1898
47
1899
-1
1900
70
1901
-1
1902
78
1903
-1
1904
25
1905
-1
1906
41
1907
-1
1908
92
1909
-1
1910
36
1911
-1
1912
67
1913
-1
1914
157
1915
-1
1916
120
1917
-1
1918
150
1919
-1
1920
32
1921
-1
1922
6
1923
-1
1924
159
1925
-1
1926
157
1927
-1
1928
92
1929
-1
1930
64
1931
-1
1932
138
1933
-1
1934
57
1935
-1
1936
175
1937
-1
1938
117
1939
-1
1940
182
1941
-1
1942
100
1943
-1
1944
140
1945
-1
1946
25
1947
-1
1948
142
1949
-1
1950
22
1951
-1
1952
96
1953
-1
1954
121
1955
-1
1956
68
1957
-1
1958
106
1959
-1
1960
68
1961
-1
1962
183
1963
-1
1964
110
1965
-1
1966
42
1967
-1
1968
126
1969
-1
1970
14
1971
-1
1972
111
1973
-1
1974
11
1975
-1
1976
2
1977
-1
1978
1
1979
-1
1980
17
1981
-1
1982
167
1983
-1
1984
22
1985
-1
1986
78
1987
-1
1988
75
1989
-1
1990
7
1991
-1
1992
144
1993
-1
1994
174
1995
-1
1996
140
1997
-1
1998
51
1999
-1
