********************************************************************************
The planted motif0 is:
TACTTTGTTTAACAT
0
61
1
87
2
27
3
73
4
-1
5
12
6
13
7
79
8
97
9
-1
10
74
11
141
12
102
13
58
14
-1
15
181
16
26
17
72
18
44
19
-1
20
184
21
137
22
36
23
65
24
-1
25
100
26
176
27
99
28
57
29
-1
30
25
31
47
32
69
33
20
34
-1
35
105
36
13
37
11
38
160
39
-1
40
63
41
158
42
85
43
63
44
-1
45
5
46
11
47
23
48
25
49
-1
50
53
51
122
52
35
53
20
54
-1
55
161
56
39
57
33
58
105
59
-1
60
105
61
170
62
136
63
63
64
-1
65
172
66
58
67
175
68
47
69
-1
70
162
71
63
72
112
73
92
74
-1
75
154
76
135
77
60
78
60
79
-1
80
138
81
25
82
141
83
115
84
-1
85
121
86
137
87
151
88
140
89
-1
90
182
91
76
92
38
93
157
94
-1
95
49
96
166
97
0
98
125
99
-1
100
30
101
55
102
18
103
24
104
-1
105
173
106
175
107
0
108
142
109
-1
110
50
111
93
112
162
113
69
114
-1
115
140
116
135
117
40
118
142
119
-1
120
143
121
129
122
109
123
90
124
-1
125
146
126
39
127
7
128
27
129
-1
130
48
131
10
132
32
133
158
134
-1
135
114
136
71
137
167
138
172
139
-1
140
23
141
56
142
137
143
101
144
-1
145
94
146
168
147
161
148
2
149
-1
150
15
151
110
152
77
153
28
154
-1
155
171
156
122
157
38
158
147
159
-1
160
12
161
134
162
39
163
32
164
-1
165
58
166
74
167
129
168
143
169
-1
170
100
171
153
172
12
173
76
174
-1
175
135
176
102
177
21
178
154
179
-1
180
63
181
152
182
166
183
35
184
-1
185
19
186
31
187
150
188
154
189
-1
190
88
191
85
192
109
193
178
194
-1
195
0
196
150
197
136
198
177
199
-1
200
123
201
77
202
78
203
96
204
-1
205
177
206
115
207
117
208
49
209
-1
210
66
211
75
212
67
213
131
214
-1
215
101
216
59
217
109
218
0
219
-1
220
100
221
103
222
54
223
132
224
-1
225
184
226
142
227
123
228
111
229
-1
230
17
231
182
232
150
233
81
234
-1
235
179
236
134
237
15
238
116
239
-1
240
39
241
35
242
66
243
49
244
-1
245
95
246
25
247
36
248
3
249
-1
250
4
251
129
252
45
253
50
254
-1
255
37
256
74
257
134
258
166
259
-1
260
119
261
19
262
166
263
184
264
-1
265
7
266
72
267
10
268
163
269
-1
270
162
271
182
272
185
273
74
274
-1
275
6
276
68
277
119
278
103
279
-1
280
158
281
0
282
63
283
105
284
-1
285
69
286
36
287
131
288
185
289
-1
290
45
291
131
292
14
293
159
294
-1
295
169
296
151
297
184
298
78
299
-1
300
46
301
84
302
69
303
113
304
-1
305
85
306
176
307
34
308
103
309
-1
310
65
311
40
312
100
313
32
314
-1
315
37
316
153
317
105
318
80
319
-1
320
129
321
160
322
5
323
71
324
-1
325
145
326
27
327
117
328
146
329
-1
330
110
331
173
332
89
333
28
334
-1
335
147
336
7
337
159
338
6
339
-1
340
170
341
159
342
159
343
105
344
-1
345
94
346
104
347
60
348
133
349
-1
350
87
351
166
352
133
353
47
354
-1
355
45
356
110
357
29
358
180
359
-1
360
74
361
76
362
53
363
25
364
-1
365
132
366
176
367
131
368
62
369
-1
370
30
371
38
372
99
373
82
374
-1
375
172
376
32
377
64
378
2
379
-1
380
40
381
32
382
15
383
62
384
-1
385
89
386
24
387
101
388
7
389
-1
390
14
391
176
392
45
393
34
394
-1
395
171
396
17
397
170
398
169
399
-1
400
72
401
77
402
77
403
157
404
-1
405
10
406
60
407
59
408
92
409
-1
410
159
411
101
412
97
413
160
414
-1
415
134
416
135
417
24
418
62
419
-1
420
141
421
129
422
17
423
156
424
-1
425
106
426
90
427
164
428
117
429
-1
430
63
431
121
432
157
433
163
434
-1
435
171
436
135
437
35
438
30
439
-1
440
61
441
159
442
25
443
165
444
-1
445
124
446
113
447
91
448
105
449
-1
450
126
451
120
452
34
453
28
454
-1
455
124
456
148
457
69
458
93
459
-1
460
173
461
131
462
39
463
104
464
-1
465
48
466
57
467
92
468
81
469
-1
470
72
471
176
472
165
473
18
474
-1
475
18
476
113
477
170
478
170
479
-1
480
47
481
147
482
83
483
55
484
-1
485
46
486
35
487
83
488
47
489
-1
490
1
491
58
492
3
493
113
494
-1
495
179
496
9
497
47
498
126
499
-1
500
78
501
102
502
26
503
146
504
-1
505
135
506
34
507
24
508
92
509
-1
510
86
511
125
512
33
513
167
514
-1
515
144
516
135
517
7
518
103
519
-1
520
183
521
67
522
147
523
84
524
-1
525
41
526
169
527
37
528
50
529
-1
530
163
531
8
532
182
533
52
534
-1
535
39
536
47
537
129
538
123
539
-1
540
180
541
135
542
74
543
101
544
-1
545
137
546
51
547
5
548
24
549
-1
550
185
551
171
552
44
553
63
554
-1
555
7
556
75
557
113
558
0
559
-1
560
121
561
67
562
136
563
165
564
-1
565
63
566
22
567
25
568
4
569
-1
570
33
571
59
572
101
573
130
574
-1
575
79
576
23
577
13
578
95
579
-1
580
119
581
185
582
156
583
14
584
-1
585
160
586
63
587
176
588
58
589
-1
590
64
591
169
592
9
593
1
594
-1
595
157
596
110
597
73
598
115
599
-1
