********************************************************************************
The planted motif0 is:
GGGAGATCCTCCTTA
0
85
1
63
2
5
3
11
4
-1
5
23
6
25
7
53
8
122
9
-1
10
35
11
20
12
161
13
39
14
-1
15
33
16
105
17
105
18
170
19
-1
20
136
21
63
22
172
23
58
24
-1
25
175
26
47
27
162
28
63
29
-1
30
112
31
92
32
154
33
135
34
-1
35
60
36
60
37
138
38
25
39
-1
40
141
41
115
42
121
43
137
44
-1
45
151
46
140
47
182
48
76
49
-1
50
38
51
157
52
49
53
166
54
-1
55
0
56
125
57
30
58
55
59
-1
60
18
61
24
62
173
63
175
64
-1
65
0
66
142
67
50
68
93
69
-1
70
162
71
69
72
140
73
135
74
-1
75
40
76
142
77
143
78
129
79
-1
80
109
81
90
82
146
83
39
84
-1
85
7
86
27
87
48
88
10
89
-1
90
32
91
158
92
114
93
71
94
-1
95
167
96
172
97
23
98
56
99
-1
100
137
101
101
102
94
103
168
104
-1
105
161
106
2
107
15
108
110
109
-1
110
77
111
28
112
171
113
122
114
-1
115
38
116
147
117
12
118
134
119
-1
120
39
121
32
122
58
123
74
124
-1
125
129
126
143
127
100
128
153
129
-1
130
12
131
76
132
135
133
102
134
-1
135
21
136
154
137
63
138
152
139
-1
140
166
141
35
142
19
143
31
144
-1
145
150
146
154
147
88
148
85
149
-1
150
109
151
178
152
0
153
150
154
-1
155
136
156
177
157
123
158
77
159
-1
160
78
161
96
162
177
163
115
164
-1
165
117
166
49
167
66
168
75
169
-1
170
67
171
131
172
101
173
59
174
-1
175
109
176
0
177
100
178
103
179
-1
180
54
181
132
182
184
183
142
184
-1
185
123
186
111
187
17
188
182
189
-1
190
150
191
81
192
179
193
134
194
-1
195
15
196
116
197
39
198
35
199
-1
200
66
201
49
202
95
203
25
204
-1
205
36
206
3
207
4
208
129
209
-1
210
45
211
50
212
37
213
74
214
-1
215
134
216
166
217
119
218
19
219
-1
220
166
221
184
222
7
223
72
224
-1
225
10
226
163
227
162
228
182
229
-1
230
185
231
74
232
6
233
68
234
-1
235
119
236
103
237
158
238
0
239
-1
240
63
241
105
242
69
243
36
244
-1
245
131
246
185
247
45
248
131
249
-1
250
14
251
159
252
169
253
151
254
-1
255
184
256
78
257
46
258
84
259
-1
260
69
261
113
262
85
263
176
264
-1
265
34
266
103
267
65
268
40
269
-1
270
100
271
32
272
37
273
153
274
-1
275
105
276
80
277
129
278
160
279
-1
280
5
281
71
282
145
283
27
284
-1
285
117
286
146
287
110
288
173
289
-1
290
89
291
28
292
147
293
7
294
-1
295
159
296
6
297
170
298
159
299
-1
300
159
301
105
302
94
303
104
304
-1
305
60
306
133
307
87
308
166
309
-1
310
133
311
47
312
45
313
110
314
-1
315
29
316
180
317
74
318
76
319
-1
320
53
321
25
322
132
323
176
324
-1
325
131
326
62
327
30
328
38
329
-1
330
99
331
82
332
172
333
32
334
-1
335
64
336
2
337
40
338
32
339
-1
340
15
341
62
342
89
343
24
344
-1
345
101
346
7
347
14
348
176
349
-1
350
45
351
34
352
171
353
17
354
-1
355
170
356
169
357
72
358
77
359
-1
360
77
361
157
362
10
363
60
364
-1
365
59
366
92
367
159
368
101
369
-1
370
97
371
160
372
134
373
135
374
-1
375
24
376
62
377
141
378
129
379
-1
380
17
381
156
382
106
383
90
384
-1
385
164
386
117
387
63
388
121
389
-1
390
157
391
163
392
171
393
135
394
-1
395
35
396
30
397
61
398
159
399
-1
400
25
401
165
402
124
403
113
404
-1
405
91
406
105
407
126
408
120
409
-1
410
34
411
28
412
124
413
148
414
-1
415
69
416
93
417
173
418
131
419
-1
420
39
421
104
422
48
423
57
424
-1
425
92
426
81
427
72
428
176
429
-1
430
165
431
18
432
18
433
113
434
-1
435
170
436
170
437
47
438
147
439
-1
440
83
441
55
442
46
443
35
444
-1
445
83
446
47
447
1
448
58
449
-1
450
3
451
113
452
179
453
9
454
-1
455
47
456
126
457
78
458
102
459
-1
460
26
461
146
462
135
463
34
464
-1
465
24
466
92
467
86
468
125
469
-1
470
33
471
167
472
144
473
135
474
-1
475
7
476
103
477
183
478
67
479
-1
480
147
481
84
482
41
483
169
484
-1
485
37
486
50
487
163
488
8
489
-1
490
182
491
52
492
39
493
47
494
-1
495
129
496
123
497
180
498
135
499
-1
500
74
501
101
502
137
503
51
504
-1
505
5
506
24
507
185
508
171
509
-1
510
44
511
63
512
7
513
75
514
-1
515
113
516
0
517
121
518
67
519
-1
520
136
521
165
522
63
523
22
524
-1
525
25
526
4
527
33
528
59
529
-1
530
101
531
130
532
79
533
23
534
-1
535
13
536
95
537
119
538
185
539
-1
540
156
541
14
542
160
543
63
544
-1
545
176
546
58
547
64
548
169
549
-1
550
9
551
1
552
157
553
110
554
-1
555
73
556
115
557
174
558
132
559
-1
560
62
561
59
562
91
563
81
564
-1
565
50
566
174
567
76
568
26
569
-1
570
88
571
106
572
111
573
52
574
-1
575
64
576
113
577
133
578
178
579
-1
580
106
581
113
582
53
583
72
584
-1
585
31
586
35
587
84
588
54
589
-1
590
173
591
21
592
156
593
177
594
-1
595
182
596
73
597
61
598
99
599
-1
600
50
601
116
602
100
603
67
604
-1
605
137
606
182
607
5
608
72
609
-1
610
176
611
120
612
27
613
134
614
-1
615
48
616
182
617
69
618
147
619
-1
620
159
621
174
622
115
623
100
624
-1
625
33
626
162
627
53
628
182
629
-1
630
73
631
44
632
112
633
66
634
-1
635
175
636
127
637
1
638
153
639
-1
640
113
641
171
642
141
643
54
644
-1
645
54
646
127
647
8
648
94
649
-1
650
136
651
46
652
82
653
136
654
-1
655
91
656
46
657
174
658
144
659
-1
660
10
661
120
662
102
663
98
664
-1
665
173
666
108
667
80
668
13
669
-1
670
103
671
37
672
93
673
37
674
-1
675
147
676
25
677
13
678
59
679
-1
680
73
681
63
682
29
683
49
684
-1
685
45
686
76
687
82
688
18
689
-1
690
168
691
9
692
0
693
105
694
-1
695
85
696
161
697
130
698
145
699
-1
700
185
701
71
702
32
703
48
704
-1
705
30
706
175
707
89
708
106
709
-1
710
40
711
21
712
172
713
7
714
-1
715
57
716
180
717
98
718
15
719
-1
720
182
721
176
722
145
723
86
724
-1
725
168
726
143
727
182
728
92
729
-1
730
41
731
79
732
54
733
173
734
-1
735
61
736
12
737
102
738
14
739
-1
740
15
741
168
742
155
743
108
744
-1
745
107
746
135
747
29
748
57
749
-1
750
139
751
140
752
31
753
139
754
-1
755
152
756
86
757
62
758
67
759
-1
760
129
761
21
762
173
763
1
764
-1
765
147
766
105
767
146
768
59
769
-1
770
139
771
182
772
103
773
84
774
-1
775
27
776
52
777
63
778
8
779
-1
780
167
781
48
782
67
783
173
784
-1
785
123
786
113
787
185
788
21
789
-1
790
59
791
78
792
165
793
19
794
-1
795
156
796
72
797
106
798
164
799
-1
800
50
801
180
802
182
803
0
804
-1
805
61
806
4
807
107
808
144
809
-1
810
161
811
71
812
102
813
75
814
-1
815
113
816
29
817
56
818
80
819
-1
820
113
821
36
822
144
823
159
824
-1
825
126
826
27
827
119
828
59
829
-1
830
154
831
60
832
137
833
182
834
-1
835
104
836
157
837
96
838
139
839
-1
840
73
841
85
842
93
843
137
844
-1
845
104
846
9
847
28
848
28
849
-1
850
24
851
2
852
85
853
104
854
-1
855
3
856
161
857
87
858
35
859
-1
860
125
861
155
862
77
863
57
864
-1
865
61
866
69
867
132
868
66
869
-1
870
59
871
34
872
20
873
97
874
-1
875
165
876
174
877
82
878
142
879
-1
880
142
881
27
882
61
883
132
884
-1
885
56
886
149
887
114
888
103
889
-1
890
95
891
42
892
81
893
85
894
-1
895
140
896
150
897
104
898
107
899
-1
900
111
901
54
902
100
903
57
904
-1
905
142
906
92
907
141
908
129
909
-1
910
146
911
88
912
150
913
5
914
-1
915
11
916
83
917
24
918
94
919
-1
920
167
921
39
922
148
923
77
924
-1
925
183
926
101
927
148
928
71
929
-1
930
53
931
145
932
7
933
120
934
-1
935
169
936
130
937
146
938
147
939
-1
940
117
941
114
942
12
943
93
944
-1
945
0
946
100
947
42
948
7
949
-1
950
177
951
133
952
80
953
139
954
-1
955
74
956
11
957
40
958
13
959
-1
960
123
961
103
962
11
963
55
964
-1
965
113
966
72
967
60
968
163
969
-1
970
12
971
29
972
54
973
14
974
-1
975
140
976
112
977
139
978
85
979
-1
980
14
981
61
982
87
983
181
984
-1
985
17
986
40
987
19
988
106
989
-1
990
159
991
184
992
53
993
173
994
-1
995
127
996
103
997
76
998
56
999
-1
1000
94
1001
63
1002
75
1003
30
1004
-1
1005
112
1006
46
1007
72
1008
115
1009
-1
1010
29
1011
61
1012
28
1013
146
1014
-1
1015
171
1016
33
1017
163
1018
113
1019
-1
1020
20
1021
112
1022
90
1023
103
1024
-1
1025
61
1026
131
1027
121
1028
32
1029
-1
1030
145
1031
154
1032
56
1033
130
1034
-1
1035
17
1036
111
1037
12
1038
78
1039
-1
1040
141
1041
2
1042
163
1043
53
1044
-1
1045
83
1046
152
1047
84
1048
130
1049
-1
1050
133
1051
144
1052
139
1053
5
1054
-1
1055
177
1056
185
1057
50
1058
53
1059
-1
1060
69
1061
2
1062
98
1063
151
1064
-1
1065
41
1066
42
1067
184
1068
10
1069
-1
1070
132
1071
16
1072
2
1073
34
1074
-1
1075
135
1076
36
1077
3
1078
101
1079
-1
1080
55
1081
5
1082
171
1083
123
1084
-1
1085
47
1086
134
1087
165
1088
29
1089
-1
1090
146
1091
67
1092
10
1093
52
1094
-1
1095
154
1096
148
1097
40
1098
75
1099
-1
1100
38
1101
94
1102
138
1103
60
1104
-1
1105
91
1106
125
1107
114
1108
4
1109
-1
1110
134
1111
130
1112
31
1113
19
1114
-1
1115
126
1116
153
1117
23
1118
179
1119
-1
1120
134
1121
109
1122
41
1123
176
1124
-1
1125
163
1126
163
1127
166
1128
22
1129
-1
1130
76
1131
120
1132
77
1133
59
1134
-1
1135
98
1136
49
1137
168
1138
140
1139
-1
1140
147
1141
20
1142
86
1143
27
1144
-1
1145
120
1146
29
1147
68
1148
132
1149
-1
1150
131
1151
7
1152
71
1153
57
1154
-1
1155
181
1156
97
1157
42
1158
114
1159
-1
1160
24
1161
106
1162
64
1163
142
1164
-1
1165
141
1166
123
1167
47
1168
18
1169
-1
1170
97
1171
119
1172
95
1173
84
1174
-1
1175
55
1176
66
1177
72
1178
102
1179
-1
1180
21
1181
128
1182
92
1183
36
1184
-1
1185
151
1186
168
1187
14
1188
145
1189
-1
1190
23
1191
140
1192
179
1193
63
1194
-1
1195
71
1196
109
1197
62
1198
155
1199
-1
1200
36
1201
120
1202
71
1203
60
1204
-1
1205
88
1206
110
1207
5
1208
27
1209
-1
1210
10
1211
19
1212
53
1213
119
1214
-1
1215
64
1216
24
1217
107
1218
43
1219
-1
1220
2
1221
116
1222
111
1223
153
1224
-1
1225
99
1226
131
1227
139
1228
57
1229
-1
1230
83
1231
78
1232
56
1233
62
1234
-1
1235
53
1236
47
1237
70
1238
78
1239
-1
1240
25
1241
41
1242
92
1243
36
1244
-1
1245
67
1246
157
1247
120
1248
150
1249
-1
1250
32
1251
6
1252
159
1253
157
1254
-1
1255
92
1256
64
1257
138
1258
57
1259
-1
1260
175
1261
117
1262
182
1263
100
1264
-1
1265
140
1266
25
1267
142
1268
22
1269
-1
1270
96
1271
121
1272
68
1273
106
1274
-1
1275
68
1276
183
1277
110
1278
42
1279
-1
1280
126
1281
14
1282
111
1283
11
1284
-1
1285
2
1286
1
1287
17
1288
167
1289
-1
1290
22
1291
78
1292
75
1293
7
1294
-1
1295
144
1296
174
1297
140
1298
51
1299
-1
1300
168
1301
162
1302
173
1303
70
1304
-1
1305
87
1306
44
1307
168
1308
80
1309
-1
1310
179
1311
20
1312
175
1313
29
1314
-1
1315
52
1316
166
1317
65
1318
175
1319
-1
1320
120
1321
21
1322
66
1323
167
1324
-1
1325
122
1326
154
1327
20
1328
41
1329
-1
1330
129
1331
77
1332
76
1333
113
1334
-1
1335
72
1336
121
1337
151
1338
79
1339
-1
1340
12
1341
132
1342
123
1343
146
1344
-1
1345
177
1346
63
1347
127
1348
114
1349
-1
1350
16
1351
183
1352
136
1353
97
1354
-1
1355
143
1356
169
1357
83
1358
103
1359
-1
1360
103
1361
10
1362
34
1363
84
1364
-1
1365
88
1366
83
1367
136
1368
126
1369
-1
1370
127
1371
75
1372
6
1373
169
1374
-1
1375
140
1376
112
1377
141
1378
138
1379
-1
1380
106
1381
143
1382
32
1383
91
1384
-1
1385
12
1386
100
1387
20
1388
112
1389
-1
1390
27
1391
181
1392
122
1393
86
1394
-1
1395
84
1396
28
1397
104
1398
22
1399
-1
1400
14
1401
179
1402
137
1403
82
1404
-1
1405
10
1406
7
1407
75
1408
111
1409
-1
1410
155
1411
182
1412
128
1413
94
1414
-1
1415
1
1416
73
1417
85
1418
89
1419
-1
1420
88
1421
142
1422
17
1423
9
1424
-1
1425
165
1426
179
1427
96
1428
98
1429
-1
1430
35
1431
97
1432
63
1433
28
1434
-1
1435
172
1436
183
1437
138
1438
38
1439
-1
1440
99
1441
114
1442
138
1443
149
1444
-1
1445
100
1446
114
1447
136
1448
10
1449
-1
1450
128
1451
101
1452
32
1453
151
1454
-1
1455
95
1456
55
1457
70
1458
82
1459
-1
1460
57
1461
185
1462
130
1463
17
1464
-1
1465
22
1466
148
1467
72
1468
109
1469
-1
1470
103
1471
151
1472
155
1473
12
1474
-1
1475
85
1476
64
1477
84
1478
162
1479
-1
1480
1
1481
181
1482
44
1483
28
1484
-1
1485
67
1486
36
1487
174
1488
74
1489
-1
1490
109
1491
66
1492
43
1493
24
1494
-1
1495
142
1496
33
1497
167
1498
183
1499
-1
1500
45
1501
115
1502
174
1503
34
1504
-1
1505
131
1506
17
1507
183
1508
6
1509
-1
1510
123
1511
102
1512
174
1513
113
1514
-1
1515
112
1516
117
1517
184
1518
181
1519
-1
1520
122
1521
177
1522
36
1523
30
1524
-1
1525
73
1526
159
1527
116
1528
71
1529
-1
1530
38
1531
77
1532
176
1533
124
1534
-1
1535
105
1536
176
1537
170
1538
89
1539
-1
1540
172
1541
182
1542
80
1543
27
1544
-1
1545
47
1546
47
1547
87
1548
121
1549
-1
1550
138
1551
3
1552
179
1553
107
1554
-1
1555
156
1556
97
1557
127
1558
124
1559
-1
1560
153
1561
101
1562
130
1563
81
1564
-1
1565
137
1566
82
1567
159
1568
92
1569
-1
1570
33
1571
17
1572
124
1573
115
1574
-1
1575
23
1576
10
1577
32
1578
26
1579
-1
1580
138
1581
156
1582
173
1583
146
1584
-1
1585
83
1586
143
1587
43
1588
13
1589
-1
1590
167
1591
185
1592
93
1593
88
1594
-1
1595
161
1596
165
1597
87
1598
178
1599
-1
1600
44
1601
82
1602
108
1603
169
1604
-1
1605
15
1606
96
1607
86
1608
182
1609
-1
1610
56
1611
39
1612
160
1613
82
1614
-1
1615
114
1616
165
1617
70
1618
111
1619
-1
1620
10
1621
66
1622
96
1623
182
1624
-1
1625
151
1626
28
1627
115
1628
7
1629
-1
1630
99
1631
22
1632
49
1633
54
1634
-1
1635
171
1636
31
1637
58
1638
84
1639
-1
1640
75
1641
25
1642
30
1643
127
1644
-1
1645
70
1646
122
1647
93
1648
166
1649
-1
1650
149
1651
49
1652
59
1653
49
1654
-1
1655
59
1656
131
1657
9
1658
49
1659
-1
1660
168
1661
127
1662
117
1663
167
1664
-1
1665
129
1666
17
1667
176
1668
169
1669
-1
1670
110
1671
86
1672
133
1673
71
1674
-1
1675
50
1676
43
1677
92
1678
53
1679
-1
1680
172
1681
20
1682
72
1683
41
1684
-1
1685
176
1686
5
1687
94
1688
85
1689
-1
1690
42
1691
54
1692
54
1693
30
1694
-1
1695
97
1696
63
1697
160
1698
120
1699
-1
1700
66
1701
122
1702
127
1703
34
1704
-1
1705
66
1706
12
1707
95
1708
7
1709
-1
1710
19
1711
12
1712
0
1713
122
1714
-1
1715
121
1716
50
1717
2
1718
8
1719
-1
1720
128
1721
107
1722
25
1723
5
1724
-1
1725
138
1726
138
1727
49
1728
165
1729
-1
1730
95
1731
54
1732
57
1733
58
1734
-1
1735
68
1736
119
1737
114
1738
4
1739
-1
1740
92
1741
76
1742
90
1743
92
1744
-1
1745
136
1746
94
1747
170
1748
93
1749
-1
1750
94
1751
145
1752
98
1753
16
1754
-1
1755
44
1756
73
1757
65
1758
19
1759
-1
1760
162
1761
81
1762
145
1763
12
1764
-1
1765
94
1766
73
1767
65
1768
176
1769
-1
1770
149
1771
144
1772
144
1773
161
1774
-1
1775
3
1776
182
1777
182
1778
141
1779
-1
1780
1
1781
151
1782
6
1783
38
1784
-1
1785
115
1786
64
1787
134
1788
81
1789
-1
1790
71
1791
101
1792
120
1793
69
1794
-1
1795
37
1796
123
1797
17
1798
139
1799
-1
1800
181
1801
152
1802
97
1803
15
1804
-1
1805
158
1806
93
1807
9
1808
86
1809
-1
1810
71
1811
89
1812
144
1813
24
1814
-1
1815
117
1816
54
1817
31
1818
30
1819
-1
1820
64
1821
99
1822
90
1823
76
1824
-1
1825
77
1826
124
1827
139
1828
135
1829
-1
1830
154
1831
55
1832
68
1833
180
1834
-1
1835
19
1836
117
1837
113
1838
110
1839
-1
1840
16
1841
59
1842
144
1843
35
1844
-1
1845
141
1846
144
1847
174
1848
90
1849
-1
1850
59
1851
43
1852
2
1853
54
1854
-1
1855
99
1856
121
1857
19
1858
26
1859
-1
1860
10
1861
27
1862
184
1863
59
1864
-1
1865
52
1866
60
1867
121
1868
165
1869
-1
1870
32
1871
163
1872
3
1873
6
1874
-1
1875
49
1876
100
1877
123
1878
154
1879
-1
1880
151
1881
31
1882
61
1883
144
1884
-1
1885
79
1886
51
1887
49
1888
107
1889
-1
1890
27
1891
100
1892
68
1893
63
1894
-1
1895
70
1896
116
1897
122
1898
122
1899
-1
1900
24
1901
84
1902
150
1903
9
1904
-1
1905
178
1906
10
1907
103
1908
87
1909
-1
1910
113
1911
82
1912
141
1913
80
1914
-1
1915
1
1916
79
1917
48
1918
43
1919
-1
1920
89
1921
87
1922
19
1923
150
1924
-1
1925
140
1926
114
1927
94
1928
10
1929
-1
1930
122
1931
141
1932
23
1933
141
1934
-1
1935
144
1936
42
1937
101
1938
12
1939
-1
1940
159
1941
6
1942
151
1943
7
1944
-1
1945
21
1946
28
1947
167
1948
174
1949
-1
1950
40
1951
127
1952
58
1953
95
1954
-1
1955
21
1956
153
1957
79
1958
61
1959
-1
1960
181
1961
137
1962
4
1963
25
1964
-1
1965
47
1966
163
1967
168
1968
169
1969
-1
1970
43
1971
159
1972
119
1973
12
1974
-1
1975
40
1976
60
1977
58
1978
39
1979
-1
1980
176
1981
138
1982
171
1983
152
1984
-1
1985
132
1986
81
1987
123
1988
34
1989
-1
1990
119
1991
140
1992
110
1993
7
1994
-1
1995
130
1996
119
1997
27
1998
95
1999
-1
