********************************************************************************
The planted motif0 is:
GAACGGCCT
0
38
1
-1
2
130
3
-1
4
180
5
-1
6
183
7
-1
8
74
9
-1
10
165
11
-1
12
172
13
-1
14
157
15
-1
16
153
17
-1
18
15
19
-1
20
175
21
-1
22
78
23
-1
24
127
25
-1
26
31
27
-1
28
175
29
-1
30
176
31
-1
32
177
33
-1
34
36
35
-1
36
64
37
-1
38
175
39
-1
40
152
41
-1
42
48
43
-1
44
86
45
-1
46
172
47
-1
48
161
49
-1
50
186
51
-1
52
83
53
-1
54
16
55
-1
56
80
57
-1
58
165
59
-1
60
81
61
-1
62
1
63
-1
64
167
65
-1
66
81
67
-1
68
26
69
-1
70
87
71
-1
72
139
73
-1
74
89
75
-1
76
82
77
-1
78
135
79
-1
80
146
81
-1
82
97
83
-1
84
165
85
-1
86
107
87
-1
88
5
89
-1
90
29
91
-1
92
145
93
-1
94
35
95
-1
96
62
97
-1
98
161
99
-1
100
104
101
-1
102
173
103
-1
104
111
105
-1
106
45
107
-1
108
81
109
-1
110
21
111
-1
112
116
113
-1
114
130
115
-1
116
159
117
-1
118
178
119
-1
120
4
121
-1
122
67
123
-1
124
83
125
-1
126
120
127
-1
128
87
129
-1
130
94
131
-1
132
158
133
-1
134
106
135
-1
136
3
137
-1
138
120
139
-1
140
48
141
-1
142
18
143
-1
144
97
145
-1
146
27
147
-1
148
91
149
-1
150
7
151
-1
152
179
153
-1
154
73
155
-1
156
68
157
-1
158
110
159
-1
160
112
161
-1
162
110
163
-1
164
133
165
-1
166
127
167
-1
168
28
169
-1
170
138
171
-1
172
41
173
-1
174
42
175
-1
176
73
177
-1
178
24
179
-1
180
42
181
-1
182
161
183
-1
184
133
185
-1
186
156
187
-1
188
148
189
-1
190
152
191
-1
192
51
193
-1
194
60
195
-1
196
39
197
-1
198
74
199
-1
200
135
201
-1
202
4
203
-1
204
40
205
-1
206
185
207
-1
208
165
209
-1
210
175
211
-1
212
108
213
-1
214
44
215
-1
216
123
217
-1
218
55
219
-1
220
141
221
-1
222
162
223
-1
224
64
225
-1
226
68
227
-1
228
38
229
-1
230
174
231
-1
232
35
233
-1
234
5
235
-1
236
148
237
-1
238
41
239
-1
240
146
241
-1
242
65
243
-1
244
125
245
-1
246
16
247
-1
248
150
249
-1
250
5
251
-1
252
146
253
-1
254
63
255
-1
256
80
257
-1
258
47
259
-1
260
166
261
-1
262
57
263
-1
264
176
265
-1
266
74
267
-1
268
153
269
-1
270
90
271
-1
272
26
273
-1
274
129
275
-1
276
20
277
-1
278
118
279
-1
280
128
281
-1
282
111
283
-1
284
59
285
-1
286
142
287
-1
288
141
289
-1
290
54
291
-1
292
106
293
-1
294
129
295
-1
296
102
297
-1
298
69
299
-1
300
70
301
-1
302
135
303
-1
304
152
305
-1
306
22
307
-1
308
131
309
-1
310
121
311
-1
312
133
313
-1
314
138
315
-1
316
130
317
-1
318
142
319
-1
320
37
321
-1
322
97
323
-1
324
172
325
-1
326
132
327
-1
328
18
329
-1
330
28
331
-1
332
51
333
-1
334
33
335
-1
336
113
337
-1
338
30
339
-1
340
18
341
-1
342
21
343
-1
344
187
345
-1
346
129
347
-1
348
7
349
-1
350
144
351
-1
352
69
353
-1
354
1
355
-1
356
11
357
-1
358
65
359
-1
360
35
361
-1
362
49
363
-1
364
12
365
-1
366
100
367
-1
368
25
369
-1
370
126
371
-1
372
150
373
-1
374
100
375
-1
376
76
377
-1
378
51
379
-1
380
99
381
-1
382
95
383
-1
384
20
385
-1
386
186
387
-1
388
51
389
-1
390
23
391
-1
392
188
393
-1
394
153
395
-1
396
152
397
-1
398
183
399
-1
400
41
401
-1
402
84
403
-1
404
19
405
-1
406
143
407
-1
408
85
409
-1
410
72
411
-1
412
93
413
-1
414
172
415
-1
416
63
417
-1
418
147
419
-1
420
134
421
-1
422
85
423
-1
424
8
425
-1
426
50
427
-1
428
124
429
-1
430
83
431
-1
432
85
433
-1
434
94
435
-1
436
34
437
-1
438
157
439
-1
440
12
441
-1
442
16
443
-1
444
91
445
-1
446
126
447
-1
448
140
449
-1
450
41
451
-1
452
104
453
-1
454
150
455
-1
456
38
457
-1
458
131
459
-1
460
67
461
-1
462
38
463
-1
464
132
465
-1
466
87
467
-1
468
159
469
-1
470
123
471
-1
472
162
473
-1
474
191
475
-1
476
161
477
-1
478
165
479
-1
480
107
481
-1
482
128
483
-1
484
15
485
-1
486
1
487
-1
488
85
489
-1
490
94
491
-1
492
144
493
-1
494
100
495
-1
496
12
497
-1
498
3
499
-1
500
185
501
-1
502
55
503
-1
504
20
505
-1
506
112
507
-1
508
7
509
-1
510
53
511
-1
512
142
513
-1
514
52
515
-1
516
182
517
-1
518
127
519
-1
520
183
521
-1
522
117
523
-1
524
152
525
-1
526
159
527
-1
528
16
529
-1
530
23
531
-1
532
89
533
-1
534
1
535
-1
536
99
537
-1
538
117
539
-1
540
170
541
-1
542
38
543
-1
544
35
545
-1
546
47
547
-1
548
58
549
-1
550
105
551
-1
552
19
553
-1
554
57
555
-1
556
132
557
-1
558
14
559
-1
560
93
561
-1
562
81
563
-1
564
69
565
-1
566
52
567
-1
568
140
569
-1
570
42
571
-1
572
127
573
-1
574
39
575
-1
576
34
577
-1
578
133
579
-1
580
143
581
-1
582
129
583
-1
584
140
585
-1
586
167
587
-1
588
102
589
-1
590
92
591
-1
592
154
593
-1
594
143
595
-1
596
175
597
-1
598
120
599
-1
