********************************************************************************
The planted motif0 is:
ACGGAGGAA
0
116
1
130
2
159
3
178
4
-1
5
4
6
67
7
83
8
120
9
-1
10
87
11
94
12
158
13
106
14
-1
15
3
16
120
17
48
18
18
19
-1
20
97
21
27
22
91
23
7
24
-1
25
179
26
73
27
68
28
110
29
-1
30
112
31
110
32
133
33
127
34
-1
35
28
36
138
37
41
38
42
39
-1
40
73
41
24
42
42
43
161
44
-1
45
133
46
156
47
148
48
152
49
-1
50
51
51
60
52
39
53
74
54
-1
55
135
56
4
57
40
58
185
59
-1
60
165
61
175
62
108
63
44
64
-1
65
123
66
55
67
141
68
162
69
-1
70
64
71
68
72
38
73
174
74
-1
75
35
76
5
77
148
78
41
79
-1
80
146
81
65
82
125
83
16
84
-1
85
150
86
5
87
146
88
63
89
-1
90
80
91
47
92
166
93
57
94
-1
95
176
96
74
97
153
98
90
99
-1
100
26
101
129
102
20
103
118
104
-1
105
128
106
111
107
59
108
142
109
-1
110
141
111
54
112
106
113
129
114
-1
115
102
116
69
117
70
118
135
119
-1
120
152
121
22
122
131
123
121
124
-1
125
133
126
138
127
130
128
142
129
-1
130
37
131
97
132
172
133
132
134
-1
135
18
136
28
137
51
138
33
139
-1
140
113
141
30
142
18
143
21
144
-1
145
187
146
129
147
7
148
144
149
-1
150
69
151
1
152
11
153
65
154
-1
155
35
156
49
157
12
158
100
159
-1
160
25
161
126
162
150
163
100
164
-1
165
76
166
51
167
99
168
95
169
-1
170
20
171
186
172
51
173
23
174
-1
175
188
176
153
177
152
178
183
179
-1
180
41
181
84
182
19
183
143
184
-1
185
85
186
72
187
93
188
172
189
-1
190
63
191
147
192
134
193
85
194
-1
195
8
196
50
197
124
198
83
199
-1
200
85
201
94
202
34
203
157
204
-1
205
12
206
16
207
91
208
126
209
-1
210
140
211
41
212
104
213
150
214
-1
215
38
216
131
217
67
218
38
219
-1
220
132
221
87
222
159
223
123
224
-1
225
162
226
191
227
161
228
165
229
-1
230
107
231
128
232
15
233
1
234
-1
235
85
236
94
237
144
238
100
239
-1
240
12
241
3
242
185
243
55
244
-1
245
20
246
112
247
7
248
53
249
-1
250
142
251
52
252
182
253
127
254
-1
255
183
256
117
257
152
258
159
259
-1
260
16
261
23
262
89
263
1
264
-1
265
99
266
117
267
170
268
38
269
-1
270
35
271
47
272
58
273
105
274
-1
275
19
276
57
277
132
278
14
279
-1
280
93
281
81
282
69
283
52
284
-1
285
140
286
42
287
127
288
39
289
-1
290
34
291
133
292
143
293
129
294
-1
295
140
296
167
297
102
298
92
299
-1
300
154
301
143
302
175
303
120
304
-1
305
86
306
125
307
68
308
78
309
-1
310
116
311
69
312
118
313
28
314
-1
315
74
316
46
317
170
318
160
319
-1
320
152
321
45
322
8
323
83
324
-1
325
90
326
83
327
115
328
14
329
-1
330
44
331
129
332
34
333
9
334
-1
335
35
336
50
337
79
338
30
339
-1
340
161
341
71
342
169
343
100
344
-1
345
72
346
167
347
140
348
81
349
-1
350
77
351
61
352
16
353
158
354
-1
355
111
356
18
357
8
358
177
359
-1
360
165
361
125
362
0
363
70
364
-1
365
72
366
68
367
147
368
129
369
-1
370
7
371
151
372
103
373
117
374
-1
375
45
376
143
377
72
378
43
379
-1
380
189
381
139
382
123
383
112
384
-1
385
17
386
91
387
129
388
168
389
-1
390
90
391
64
392
58
393
190
394
-1
395
172
396
63
397
63
398
77
399
-1
400
131
401
177
402
116
403
132
404
-1
405
75
406
86
407
39
408
66
409
-1
410
98
411
99
412
78
413
24
414
-1
415
191
416
26
417
32
418
137
419
-1
420
165
421
71
422
61
423
148
424
-1
425
131
426
101
427
41
428
133
429
-1
430
28
431
123
432
131
433
17
434
-1
435
129
436
107
437
6
438
126
439
-1
440
12
441
158
442
20
443
9
444
-1
445
28
446
24
447
68
448
146
449
-1
450
143
451
123
452
23
453
12
454
-1
455
99
456
13
457
115
458
123
459
-1
460
175
461
189
462
108
463
143
464
-1
465
127
466
13
467
170
468
103
469
-1
470
20
471
128
472
100
473
111
474
-1
475
173
476
189
477
63
478
168
479
-1
480
3
481
104
482
17
483
65
484
-1
485
123
486
29
487
144
488
161
489
-1
490
15
491
158
492
57
493
97
494
-1
495
3
496
83
497
30
498
1
499
-1
500
115
501
118
502
27
503
153
504
-1
505
22
506
109
507
118
508
171
509
-1
510
173
511
125
512
118
513
169
514
-1
515
95
516
91
517
11
518
185
519
-1
520
95
521
180
522
128
523
22
524
-1
525
141
526
104
527
160
528
160
529
-1
530
7
531
57
532
55
533
79
534
-1
535
32
536
1
537
97
538
18
539
-1
540
60
541
80
542
101
543
79
544
-1
545
159
546
32
547
12
548
100
549
-1
550
26
551
166
552
154
553
27
554
-1
555
100
556
58
557
77
558
139
559
-1
560
16
561
34
562
167
563
65
564
-1
565
156
566
145
567
53
568
138
569
-1
570
0
571
161
572
93
573
54
574
-1
575
177
576
128
577
37
578
43
579
-1
580
135
581
164
582
128
583
106
584
-1
585
127
586
41
587
38
588
95
589
-1
590
120
591
104
592
60
593
63
594
-1
595
176
596
168
597
182
598
21
599
-1
600
141
601
189
602
0
603
115
604
-1
605
142
606
45
607
162
608
53
609
-1
610
164
611
163
612
44
613
106
614
-1
615
144
616
145
617
127
618
85
619
-1
620
141
621
83
622
57
623
15
624
-1
625
12
626
90
627
163
628
14
629
-1
630
112
631
178
632
64
633
70
634
-1
635
10
636
85
637
94
638
186
639
-1
640
66
641
172
642
126
643
96
644
-1
645
80
646
131
647
96
648
32
649
-1
650
133
651
7
652
31
653
87
654
-1
655
115
656
99
657
145
658
43
659
-1
660
155
661
19
662
183
663
119
664
-1
665
115
666
69
667
76
668
22
669
-1
670
60
671
150
672
171
673
36
674
-1
675
81
676
49
677
35
678
10
679
-1
680
31
681
71
682
59
683
92
684
-1
685
120
686
186
687
139
688
89
689
-1
690
184
691
112
692
111
693
130
694
-1
695
163
696
111
697
138
698
146
699
-1
700
81
701
170
702
122
703
151
704
-1
705
182
706
120
707
95
708
116
709
-1
710
164
711
53
712
85
713
24
714
-1
715
179
716
73
717
186
718
18
719
-1
720
152
721
177
722
174
723
17
724
-1
725
30
726
101
727
51
728
107
729
-1
730
21
731
109
732
122
733
151
734
-1
735
133
736
176
737
68
738
134
739
-1
740
163
741
99
742
3
743
65
744
-1
745
145
746
27
747
159
748
20
749
-1
750
131
751
61
752
188
753
175
754
-1
755
120
756
153
757
148
758
159
759
-1
760
146
761
185
762
18
763
157
764
-1
765
23
766
123
767
107
768
17
769
-1
770
87
771
53
772
114
773
75
774
-1
775
43
776
156
777
96
778
70
779
-1
780
74
781
62
782
156
783
92
784
-1
785
30
786
85
787
142
788
71
789
-1
790
174
791
53
792
53
793
36
794
-1
795
69
796
53
797
83
798
8
799
-1
800
116
801
125
802
0
803
162
804
-1
805
93
806
162
807
15
808
77
809
-1
810
65
811
190
812
0
813
107
814
-1
815
44
816
80
817
145
818
102
819
-1
820
187
821
169
822
169
823
111
824
-1
825
29
826
182
827
33
828
190
829
-1
830
40
831
78
832
50
833
67
834
-1
835
152
836
45
837
161
838
129
839
-1
840
179
841
173
842
23
843
167
844
-1
845
99
846
79
847
3
848
72
849
-1
850
156
851
71
852
58
853
158
854
-1
855
103
856
141
857
0
858
94
859
-1
860
118
861
64
862
177
863
169
864
-1
865
66
866
38
867
23
868
42
869
-1
870
79
871
125
872
6
873
183
874
-1
875
139
876
86
877
180
878
74
879
-1
880
83
881
21
882
18
883
52
884
-1
885
159
886
76
887
116
888
159
889
-1
890
21
891
128
892
124
893
30
894
-1
895
53
896
23
897
185
898
72
899
-1
900
16
901
41
902
147
903
184
904
-1
905
65
906
177
907
41
908
70
909
-1
910
83
911
53
912
55
913
163
914
-1
915
126
916
187
917
178
918
134
919
-1
920
99
921
117
922
48
923
84
924
-1
925
165
926
132
927
94
928
120
929
-1
930
163
931
45
932
121
933
20
934
-1
935
13
936
98
937
185
938
58
939
-1
940
79
941
123
942
109
943
179
944
-1
945
97
946
131
947
78
948
108
949
-1
950
133
951
60
952
131
953
126
954
-1
955
56
956
38
957
94
958
175
959
-1
960
67
961
176
962
133
963
45
964
-1
965
169
966
131
967
16
968
151
969
-1
970
70
971
63
972
34
973
167
974
-1
975
47
976
133
977
79
978
136
979
-1
980
104
981
100
982
63
983
153
984
-1
985
114
986
40
987
184
988
48
989
-1
990
187
991
77
992
19
993
160
994
-1
995
68
996
75
997
165
998
49
999
-1
