********************************************************************************
The planted motif0 is:
CAGCCTCTAGAGTCGCTAAAA
0
5
1
-1
2
108
3
-1
4
7
5
-1
6
35
7
-1
8
127
9
-1
10
149
11
-1
12
73
13
-1
14
24
15
-1
16
60
17
-1
18
93
19
-1
20
132
21
-1
22
13
23
-1
24
33
25
-1
26
159
27
-1
28
29
29
-1
30
36
31
-1
32
118
33
-1
34
163
35
-1
36
56
37
-1
38
19
39
-1
40
150
41
-1
42
87
43
-1
44
38
45
-1
46
105
47
-1
48
32
49
-1
50
129
51
-1
52
156
53
-1
54
120
55
-1
56
129
57
-1
58
32
59
-1
60
6
61
-1
62
54
63
-1
64
62
65
-1
66
100
67
-1
68
133
69
-1
70
42
71
-1
72
127
73
-1
74
13
75
-1
76
79
77
-1
78
98
79
-1
80
140
81
-1
82
164
83
-1
84
70
85
-1
86
51
87
-1
88
42
89
-1
90
10
91
-1
92
13
93
-1
94
171
95
-1
96
94
97
-1
98
69
99
-1
100
44
101
-1
102
34
103
-1
104
127
105
-1
106
15
107
-1
108
29
109
-1
110
158
111
-1
112
38
113
-1
114
68
115
-1
116
49
117
-1
118
176
119
-1
120
50
121
-1
122
104
123
-1
124
63
125
-1
126
38
127
-1
128
73
129
-1
130
151
131
-1
132
112
133
-1
134
179
135
-1
136
107
137
-1
138
112
139
-1
140
148
141
-1
142
13
143
-1
144
40
145
-1
146
117
147
-1
148
145
149
-1
150
112
151
-1
152
106
153
-1
154
143
155
-1
156
172
157
-1
158
163
159
-1
160
149
161
-1
162
11
163
-1
164
70
165
-1
166
63
167
-1
168
137
169
-1
170
100
171
-1
172
147
173
-1
174
58
175
-1
176
83
177
-1
178
103
179
-1
180
88
181
-1
182
107
183
-1
184
137
185
-1
186
96
187
-1
188
90
189
-1
190
9
191
-1
192
89
193
-1
194
35
195
-1
196
138
197
-1
198
60
199
-1
200
170
201
-1
202
150
203
-1
204
69
205
-1
206
146
207
-1
208
73
209
-1
210
112
211
-1
212
20
213
-1
214
51
215
-1
216
141
217
-1
218
58
219
-1
220
177
221
-1
222
100
223
-1
224
75
225
-1
226
144
227
-1
228
166
229
-1
230
144
231
-1
232
41
233
-1
234
44
235
-1
236
137
237
-1
238
60
239
-1
240
42
241
-1
242
26
243
-1
244
108
245
-1
246
123
247
-1
248
87
249
-1
250
158
251
-1
252
134
253
-1
254
49
255
-1
256
97
257
-1
258
179
259
-1
260
142
261
-1
262
81
263
-1
264
121
265
-1
266
119
267
-1
268
166
269
-1
270
52
271
-1
272
64
273
-1
274
79
275
-1
276
104
277
-1
278
114
279
-1
280
57
281
-1
282
59
283
-1
284
30
285
-1
286
96
287
-1
288
130
289
-1
290
170
291
-1
292
7
293
-1
294
145
295
-1
296
31
297
-1
298
18
299
-1
300
172
301
-1
302
169
303
-1
304
50
305
-1
306
17
307
-1
308
150
309
-1
310
167
311
-1
312
137
313
-1
314
30
315
-1
316
66
317
-1
318
80
319
-1
320
129
321
-1
322
51
323
-1
324
58
325
-1
326
116
327
-1
328
64
329
-1
330
87
331
-1
332
115
333
-1
334
41
335
-1
336
81
337
-1
338
7
339
-1
340
30
341
-1
342
151
343
-1
344
139
345
-1
346
61
347
-1
348
45
349
-1
350
95
351
-1
352
152
353
-1
354
22
355
-1
356
149
357
-1
358
64
359
-1
360
31
361
-1
362
132
363
-1
364
78
365
-1
366
155
367
-1
368
24
369
-1
370
98
371
-1
372
114
373
-1
374
49
375
-1
376
92
377
-1
378
27
379
-1
380
118
381
-1
382
68
383
-1
384
15
385
-1
386
62
387
-1
388
23
389
-1
390
14
391
-1
392
7
393
-1
394
51
395
-1
396
127
397
-1
398
46
399
-1
400
64
401
-1
402
55
403
-1
404
44
405
-1
406
95
407
-1
408
164
409
-1
410
96
411
-1
412
97
413
-1
414
58
415
-1
416
61
417
-1
418
67
419
-1
420
77
421
-1
422
167
423
-1
424
161
425
-1
426
40
427
-1
428
141
429
-1
430
100
431
-1
432
30
433
-1
434
55
435
-1
436
106
437
-1
438
40
439
-1
440
34
441
-1
442
146
443
-1
444
178
445
-1
446
177
447
-1
448
51
449
-1
450
175
451
-1
452
65
453
-1
454
114
455
-1
456
47
457
-1
458
40
459
-1
460
70
461
-1
462
11
463
-1
464
3
465
-1
466
22
467
-1
468
149
469
-1
470
11
471
-1
472
111
473
-1
474
144
475
-1
476
115
477
-1
478
98
479
-1
480
142
481
-1
482
27
483
-1
484
70
485
-1
486
10
487
-1
488
143
489
-1
490
2
491
-1
492
61
493
-1
494
167
495
-1
496
1
497
-1
498
128
499
-1
500
16
501
-1
502
58
503
-1
504
16
505
-1
506
77
507
-1
508
93
509
-1
510
77
511
-1
512
165
513
-1
514
67
515
-1
516
94
517
-1
518
16
519
-1
520
89
521
-1
522
52
523
-1
524
17
525
-1
526
73
527
-1
528
63
529
-1
530
63
531
-1
532
80
533
-1
534
179
535
-1
536
96
537
-1
538
122
539
-1
540
60
541
-1
542
155
543
-1
544
154
545
-1
546
88
547
-1
548
158
549
-1
550
90
551
-1
552
32
553
-1
554
151
555
-1
556
7
557
-1
558
45
559
-1
560
16
561
-1
562
64
563
-1
564
154
565
-1
566
122
567
-1
568
0
569
-1
570
95
571
-1
572
96
573
-1
574
46
575
-1
576
25
577
-1
578
64
579
-1
580
135
581
-1
582
111
583
-1
584
123
585
-1
586
94
587
-1
588
22
589
-1
590
59
591
-1
592
120
593
-1
594
141
595
-1
596
106
597
-1
598
69
599
-1
600
85
601
-1
602
56
603
-1
604
68
605
-1
606
93
607
-1
608
64
609
-1
610
12
611
-1
612
129
613
-1
614
68
615
-1
616
17
617
-1
618
83
619
-1
620
170
621
-1
622
43
623
-1
624
175
625
-1
626
26
627
-1
628
29
629
-1
630
88
631
-1
632
142
633
-1
634
66
635
-1
636
49
637
-1
638
115
639
-1
640
67
641
-1
642
117
643
-1
644
73
645
-1
646
169
647
-1
648
123
649
-1
650
72
651
-1
652
131
653
-1
654
97
655
-1
656
4
657
-1
658
92
659
-1
660
118
661
-1
662
119
663
-1
664
54
665
-1
666
146
667
-1
668
17
669
-1
670
62
671
-1
672
20
673
-1
674
18
675
-1
676
86
677
-1
678
49
679
-1
680
17
681
-1
682
176
683
-1
684
136
685
-1
686
161
687
-1
688
51
689
-1
690
3
691
-1
692
138
693
-1
694
67
695
-1
696
82
697
-1
698
160
699
-1
700
50
701
-1
702
36
703
-1
704
118
705
-1
706
1
707
-1
708
167
709
-1
710
85
711
-1
712
83
713
-1
714
78
715
-1
716
169
717
-1
718
162
719
-1
720
177
721
-1
722
85
723
-1
724
15
725
-1
726
130
727
-1
728
6
729
-1
730
119
731
-1
732
27
733
-1
734
30
735
-1
736
169
737
-1
738
51
739
-1
740
94
741
-1
742
64
743
-1
744
26
745
-1
746
67
747
-1
748
134
749
-1
750
34
751
-1
752
19
753
-1
754
36
755
-1
756
1
757
-1
758
4
759
-1
760
176
761
-1
762
116
763
-1
764
133
765
-1
766
134
767
-1
768
156
769
-1
770
152
771
-1
772
79
773
-1
774
163
775
-1
776
100
777
-1
778
84
779
-1
780
97
781
-1
782
161
783
-1
784
87
785
-1
786
168
787
-1
788
129
789
-1
790
47
791
-1
792
97
793
-1
794
40
795
-1
796
95
797
-1
798
162
799
-1
800
83
801
-1
802
25
803
-1
804
38
805
-1
806
38
807
-1
808
71
809
-1
810
108
811
-1
812
179
813
-1
814
33
815
-1
816
5
817
-1
818
140
819
-1
820
47
821
-1
822
126
823
-1
824
160
825
-1
826
71
827
-1
828
154
829
-1
830
76
831
-1
832
56
833
-1
834
68
835
-1
836
147
837
-1
838
76
839
-1
840
171
841
-1
842
15
843
-1
844
172
845
-1
846
96
847
-1
848
12
849
-1
850
45
851
-1
852
174
853
-1
854
64
855
-1
856
86
857
-1
858
15
859
-1
860
103
861
-1
862
160
863
-1
864
114
865
-1
866
86
867
-1
868
37
869
-1
870
155
871
-1
872
113
873
-1
874
133
875
-1
876
26
877
-1
878
77
879
-1
880
134
881
-1
882
69
883
-1
884
68
885
-1
886
89
887
-1
888
23
889
-1
890
176
891
-1
892
66
893
-1
894
96
895
-1
896
14
897
-1
898
33
899
-1
900
84
901
-1
902
176
903
-1
904
178
905
-1
906
147
907
-1
908
124
909
-1
910
16
911
-1
912
30
913
-1
914
165
915
-1
916
163
917
-1
918
166
919
-1
920
52
921
-1
922
77
923
-1
924
27
925
-1
926
20
927
-1
928
127
929
-1
930
71
931
-1
932
132
933
-1
934
112
935
-1
936
54
937
-1
938
139
939
-1
940
100
941
-1
942
144
943
-1
944
151
945
-1
946
22
947
-1
948
10
949
-1
950
70
951
-1
952
96
953
-1
954
117
955
-1
956
23
957
-1
958
46
959
-1
960
141
961
-1
962
14
963
-1
964
46
965
-1
966
141
967
-1
968
46
969
-1
970
113
971
-1
972
0
973
-1
974
0
975
-1
976
159
977
-1
978
42
979
-1
980
58
981
-1
982
17
983
-1
984
136
985
-1
986
91
987
-1
988
174
989
-1
990
177
991
-1
992
21
993
-1
994
115
995
-1
996
176
997
-1
998
5
999
-1
1000
80
1001
-1
1002
131
1003
-1
1004
29
1005
-1
1006
30
1007
-1
1008
131
1009
-1
1010
93
1011
-1
1012
57
1013
-1
1014
14
1015
-1
1016
27
1017
-1
1018
24
1019
-1
1020
88
1021
-1
1022
137
1023
-1
1024
72
1025
-1
1026
148
1027
-1
1028
126
1029
-1
1030
99
1031
-1
1032
159
1033
-1
1034
163
1035
-1
1036
21
1037
-1
1038
49
1039
-1
1040
36
1041
-1
1042
69
1043
-1
1044
113
1045
-1
1046
165
1047
-1
1048
91
1049
-1
1050
131
1051
-1
1052
129
1053
-1
1054
94
1055
-1
1056
146
1057
-1
1058
95
1059
-1
1060
114
1061
-1
1062
51
1063
-1
1064
109
1065
-1
1066
162
1067
-1
1068
112
1069
-1
1070
96
1071
-1
1072
161
1073
-1
1074
101
1075
-1
1076
99
1077
-1
1078
23
1079
-1
1080
161
1081
-1
1082
22
1083
-1
1084
60
1085
-1
1086
81
1087
-1
1088
93
1089
-1
1090
152
1091
-1
1092
80
1093
-1
1094
104
1095
-1
1096
67
1097
-1
1098
41
1099
-1
1100
129
1101
-1
1102
103
1103
-1
1104
45
1105
-1
1106
121
1107
-1
1108
52
1109
-1
1110
13
1111
-1
1112
145
1113
-1
1114
87
1115
-1
1116
55
1117
-1
1118
72
1119
-1
1120
47
1121
-1
1122
34
1123
-1
1124
46
1125
-1
1126
146
1127
-1
1128
18
1129
-1
1130
0
1131
-1
1132
77
1133
-1
1134
120
1135
-1
1136
129
1137
-1
1138
153
1139
-1
1140
124
1141
-1
1142
172
1143
-1
1144
3
1145
-1
1146
116
1147
-1
1148
111
1149
-1
1150
98
1151
-1
1152
49
1153
-1
1154
125
1155
-1
1156
166
1157
-1
1158
150
1159
-1
1160
157
1161
-1
1162
3
1163
-1
1164
30
1165
-1
1166
4
1167
-1
1168
142
1169
-1
1170
103
1171
-1
1172
57
1173
-1
1174
169
1175
-1
1176
1
1177
-1
1178
140
1179
-1
1180
96
1181
-1
1182
13
1183
-1
1184
127
1185
-1
1186
70
1187
-1
1188
173
1189
-1
1190
78
1191
-1
1192
82
1193
-1
1194
159
1195
-1
1196
96
1197
-1
1198
4
1199
-1
1200
26
1201
-1
1202
139
1203
-1
1204
97
1205
-1
1206
116
1207
-1
1208
117
1209
-1
1210
150
1211
-1
1212
35
1213
-1
1214
37
1215
-1
1216
17
1217
-1
1218
44
1219
-1
1220
67
1221
-1
1222
74
1223
-1
1224
129
1225
-1
1226
37
1227
-1
1228
21
1229
-1
1230
174
1231
-1
1232
144
1233
-1
1234
47
1235
-1
1236
73
1237
-1
1238
163
1239
-1
1240
174
1241
-1
1242
178
1243
-1
1244
171
1245
-1
1246
102
1247
-1
1248
155
1249
-1
1250
119
1251
-1
1252
135
1253
-1
1254
50
1255
-1
1256
110
1257
-1
1258
138
1259
-1
1260
82
1261
-1
1262
38
1263
-1
1264
173
1265
-1
1266
88
1267
-1
1268
10
1269
-1
1270
74
1271
-1
1272
36
1273
-1
1274
21
1275
-1
1276
22
1277
-1
1278
81
1279
-1
1280
115
1281
-1
1282
14
1283
-1
1284
80
1285
-1
1286
11
1287
-1
1288
168
1289
-1
1290
89
1291
-1
1292
82
1293
-1
1294
28
1295
-1
1296
24
1297
-1
1298
111
1299
-1
1300
21
1301
-1
1302
48
1303
-1
1304
132
1305
-1
1306
103
1307
-1
1308
26
1309
-1
1310
43
1311
-1
1312
136
1313
-1
1314
11
1315
-1
1316
8
1317
-1
1318
75
1319
-1
1320
13
1321
-1
1322
165
1323
-1
1324
88
1325
-1
1326
106
1327
-1
1328
140
1329
-1
1330
100
1331
-1
1332
41
1333
-1
1334
134
1335
-1
1336
23
1337
-1
1338
143
1339
-1
1340
97
1341
-1
1342
135
1343
-1
1344
25
1345
-1
1346
72
1347
-1
1348
30
1349
-1
1350
23
1351
-1
1352
161
1353
-1
1354
43
1355
-1
1356
87
1357
-1
1358
118
1359
-1
1360
168
1361
-1
1362
143
1363
-1
1364
83
1365
-1
1366
56
1367
-1
1368
136
1369
-1
1370
108
1371
-1
1372
69
1373
-1
1374
115
1375
-1
1376
107
1377
-1
1378
141
1379
-1
1380
171
1381
-1
1382
14
1383
-1
1384
15
1385
-1
1386
139
1387
-1
1388
141
1389
-1
1390
19
1391
-1
1392
90
1393
-1
1394
13
1395
-1
1396
173
1397
-1
1398
46
1399
-1
1400
81
1401
-1
1402
26
1403
-1
1404
19
1405
-1
1406
146
1407
-1
1408
58
1409
-1
1410
163
1411
-1
1412
154
1413
-1
1414
28
1415
-1
1416
50
1417
-1
1418
27
1419
-1
1420
26
1421
-1
1422
155
1423
-1
1424
68
1425
-1
1426
120
1427
-1
1428
32
1429
-1
1430
20
1431
-1
1432
1
1433
-1
1434
56
1435
-1
1436
80
1437
-1
1438
28
1439
-1
1440
44
1441
-1
1442
179
1443
-1
1444
113
1445
-1
1446
146
1447
-1
1448
111
1449
-1
1450
45
1451
-1
1452
15
1453
-1
1454
117
1455
-1
1456
89
1457
-1
1458
151
1459
-1
1460
97
1461
-1
1462
166
1463
-1
1464
72
1465
-1
1466
54
1467
-1
1468
106
1469
-1
1470
6
1471
-1
1472
143
1473
-1
1474
36
1475
-1
1476
93
1477
-1
1478
58
1479
-1
1480
108
1481
-1
1482
10
1483
-1
1484
150
1485
-1
1486
49
1487
-1
1488
56
1489
-1
1490
125
1491
-1
1492
99
1493
-1
1494
121
1495
-1
1496
42
1497
-1
1498
77
1499
-1
1500
72
1501
-1
1502
125
1503
-1
1504
111
1505
-1
1506
138
1507
-1
1508
114
1509
-1
1510
126
1511
-1
1512
17
1513
-1
1514
111
1515
-1
1516
172
1517
-1
1518
31
1519
-1
1520
71
1521
-1
1522
159
1523
-1
1524
141
1525
-1
1526
112
1527
-1
1528
42
1529
-1
1530
94
1531
-1
1532
0
1533
-1
1534
41
1535
-1
1536
140
1537
-1
1538
75
1539
-1
1540
155
1541
-1
1542
7
1543
-1
1544
65
1545
-1
1546
47
1547
-1
1548
167
1549
-1
1550
174
1551
-1
1552
75
1553
-1
1554
176
1555
-1
1556
172
1557
-1
1558
74
1559
-1
1560
163
1561
-1
1562
64
1563
-1
1564
105
1565
-1
1566
104
1567
-1
1568
32
1569
-1
1570
132
1571
-1
1572
33
1573
-1
1574
146
1575
-1
1576
153
1577
-1
1578
140
1579
-1
1580
34
1581
-1
1582
145
1583
-1
1584
106
1585
-1
1586
144
1587
-1
1588
176
1589
-1
1590
133
1591
-1
1592
23
1593
-1
1594
129
1595
-1
1596
168
1597
-1
1598
81
1599
-1
1600
113
1601
-1
1602
108
1603
-1
1604
154
1605
-1
1606
171
1607
-1
1608
173
1609
-1
1610
118
1611
-1
1612
152
1613
-1
1614
59
1615
-1
1616
16
1617
-1
1618
156
1619
-1
1620
57
1621
-1
1622
85
1623
-1
1624
28
1625
-1
1626
48
1627
-1
1628
137
1629
-1
1630
50
1631
-1
1632
169
1633
-1
1634
174
1635
-1
1636
176
1637
-1
1638
78
1639
-1
1640
138
1641
-1
1642
54
1643
-1
1644
41
1645
-1
1646
154
1647
-1
1648
122
1649
-1
1650
58
1651
-1
1652
143
1653
-1
1654
43
1655
-1
1656
67
1657
-1
1658
130
1659
-1
1660
141
1661
-1
1662
74
1663
-1
1664
87
1665
-1
1666
50
1667
-1
1668
161
1669
-1
1670
147
1671
-1
1672
140
1673
-1
1674
25
1675
-1
1676
167
1677
-1
1678
106
1679
-1
1680
9
1681
-1
1682
157
1683
-1
1684
101
1685
-1
1686
42
1687
-1
1688
62
1689
-1
1690
52
1691
-1
1692
67
1693
-1
1694
167
1695
-1
1696
19
1697
-1
1698
175
1699
-1
1700
125
1701
-1
1702
40
1703
-1
1704
81
1705
-1
1706
50
1707
-1
1708
146
1709
-1
1710
26
1711
-1
1712
20
1713
-1
1714
53
1715
-1
1716
28
1717
-1
1718
28
1719
-1
1720
59
1721
-1
1722
0
1723
-1
1724
147
1725
-1
1726
27
1727
-1
1728
143
1729
-1
1730
138
1731
-1
1732
116
1733
-1
1734
73
1735
-1
1736
131
1737
-1
1738
81
1739
-1
1740
18
1741
-1
1742
3
1743
-1
1744
154
1745
-1
1746
17
1747
-1
1748
134
1749
-1
1750
166
1751
-1
1752
6
1753
-1
1754
44
1755
-1
1756
49
1757
-1
1758
144
1759
-1
1760
129
1761
-1
1762
20
1763
-1
1764
98
1765
-1
1766
11
1767
-1
1768
114
1769
-1
1770
65
1771
-1
1772
20
1773
-1
1774
25
1775
-1
1776
39
1777
-1
1778
3
1779
-1
1780
52
1781
-1
1782
154
1783
-1
1784
16
1785
-1
1786
88
1787
-1
1788
175
1789
-1
1790
165
1791
-1
1792
29
1793
-1
1794
76
1795
-1
1796
87
1797
-1
1798
137
1799
-1
1800
57
1801
-1
1802
32
1803
-1
1804
178
1805
-1
1806
126
1807
-1
1808
9
1809
-1
1810
12
1811
-1
1812
42
1813
-1
1814
177
1815
-1
1816
74
1817
-1
1818
119
1819
-1
1820
62
1821
-1
1822
31
1823
-1
1824
58
1825
-1
1826
80
1827
-1
1828
105
1829
-1
1830
99
1831
-1
1832
125
1833
-1
1834
62
1835
-1
1836
90
1837
-1
1838
129
1839
-1
1840
81
1841
-1
1842
63
1843
-1
1844
33
1845
-1
1846
19
1847
-1
1848
67
1849
-1
1850
46
1851
-1
1852
123
1853
-1
1854
159
1855
-1
1856
51
1857
-1
1858
58
1859
-1
1860
54
1861
-1
1862
179
1863
-1
1864
4
1865
-1
1866
89
1867
-1
1868
13
1869
-1
1870
35
1871
-1
1872
156
1873
-1
1874
40
1875
-1
1876
47
1877
-1
1878
135
1879
-1
1880
54
1881
-1
1882
83
1883
-1
1884
90
1885
-1
1886
71
1887
-1
1888
112
1889
-1
1890
164
1891
-1
1892
97
1893
-1
1894
140
1895
-1
1896
135
1897
-1
1898
128
1899
-1
1900
77
1901
-1
1902
65
1903
-1
1904
126
1905
-1
1906
92
1907
-1
1908
57
1909
-1
1910
103
1911
-1
1912
85
1913
-1
1914
106
1915
-1
1916
58
1917
-1
1918
70
1919
-1
1920
179
1921
-1
1922
111
1923
-1
1924
76
1925
-1
1926
38
1927
-1
1928
150
1929
-1
1930
34
1931
-1
1932
151
1933
-1
1934
161
1935
-1
1936
104
1937
-1
1938
23
1939
-1
1940
156
1941
-1
1942
30
1943
-1
1944
146
1945
-1
1946
100
1947
-1
1948
66
1949
-1
1950
36
1951
-1
1952
165
1953
-1
1954
90
1955
-1
1956
69
1957
-1
1958
43
1959
-1
1960
177
1961
-1
1962
73
1963
-1
1964
66
1965
-1
1966
67
1967
-1
1968
119
1969
-1
1970
156
1971
-1
1972
142
1973
-1
1974
99
1975
-1
1976
97
1977
-1
1978
91
1979
-1
1980
35
1981
-1
1982
13
1983
-1
1984
66
1985
-1
1986
113
1987
-1
1988
137
1989
-1
1990
114
1991
-1
1992
159
1993
-1
1994
172
1995
-1
1996
17
1997
-1
1998
178
1999
-1
