********************************************************************************
The planted motif0 is:
TGAGGGTCGCGTCGCTTACTG
0
27
1
148
2
132
3
163
4
-1
5
2
6
32
7
153
8
113
9
-1
10
140
11
172
12
22
13
172
14
-1
15
12
16
11
17
148
18
61
19
-1
20
163
21
117
22
164
23
137
24
-1
25
163
26
25
27
72
28
154
29
-1
30
149
31
62
32
62
33
48
34
-1
35
89
36
43
37
8
38
100
39
-1
40
74
41
7
42
142
43
124
44
-1
45
82
46
94
47
125
48
31
49
-1
50
77
51
26
52
177
53
5
54
-1
55
108
56
7
57
35
58
127
59
-1
60
149
61
73
62
24
63
60
64
-1
65
93
66
132
67
13
68
33
69
-1
70
159
71
29
72
36
73
118
74
-1
75
163
76
56
77
19
78
150
79
-1
80
87
81
38
82
105
83
32
84
-1
85
129
86
156
87
120
88
129
89
-1
90
32
91
6
92
54
93
62
94
-1
95
100
96
133
97
42
98
127
99
-1
100
13
101
79
102
98
103
140
104
-1
105
164
106
70
107
51
108
42
109
-1
110
10
111
13
112
171
113
94
114
-1
115
69
116
44
117
34
118
127
119
-1
120
15
121
29
122
158
123
38
124
-1
125
68
126
49
127
176
128
50
129
-1
130
104
131
63
132
38
133
73
134
-1
135
151
136
112
137
179
138
107
139
-1
140
112
141
148
142
13
143
40
144
-1
145
117
146
145
147
112
148
106
149
-1
150
143
151
172
152
163
153
149
154
-1
155
11
156
70
157
63
158
137
159
-1
160
100
161
147
162
58
163
83
164
-1
165
103
166
88
167
107
168
137
169
-1
170
96
171
90
172
9
173
89
174
-1
175
35
176
138
177
60
178
170
179
-1
180
150
181
69
182
146
183
73
184
-1
185
112
186
20
187
51
188
141
189
-1
190
58
191
177
192
100
193
75
194
-1
195
144
196
166
197
144
198
41
199
-1
200
44
201
137
202
60
203
42
204
-1
205
26
206
108
207
123
208
87
209
-1
210
158
211
134
212
49
213
97
214
-1
215
179
216
142
217
81
218
121
219
-1
220
119
221
166
222
52
223
64
224
-1
225
79
226
104
227
114
228
57
229
-1
230
59
231
30
232
96
233
130
234
-1
235
170
236
7
237
145
238
31
239
-1
240
18
241
172
242
169
243
50
244
-1
245
17
246
150
247
167
248
137
249
-1
250
30
251
66
252
80
253
129
254
-1
255
51
256
58
257
116
258
64
259
-1
260
87
261
115
262
41
263
81
264
-1
265
7
266
30
267
151
268
139
269
-1
270
61
271
45
272
95
273
152
274
-1
275
22
276
149
277
64
278
31
279
-1
280
132
281
78
282
155
283
24
284
-1
285
98
286
114
287
49
288
92
289
-1
290
27
291
118
292
68
293
15
294
-1
295
62
296
23
297
14
298
7
299
-1
300
51
301
127
302
46
303
64
304
-1
305
55
306
44
307
95
308
164
309
-1
310
96
311
97
312
58
313
61
314
-1
315
67
316
77
317
167
318
161
319
-1
320
40
321
141
322
100
323
30
324
-1
325
55
326
106
327
40
328
34
329
-1
330
146
331
178
332
177
333
51
334
-1
335
175
336
65
337
114
338
47
339
-1
340
40
341
70
342
11
343
3
344
-1
345
22
346
149
347
11
348
111
349
-1
350
144
351
115
352
98
353
142
354
-1
355
27
356
70
357
10
358
143
359
-1
360
2
361
61
362
167
363
1
364
-1
365
128
366
16
367
58
368
16
369
-1
370
77
371
93
372
77
373
165
374
-1
375
67
376
94
377
16
378
89
379
-1
380
52
381
17
382
73
383
63
384
-1
385
63
386
80
387
179
388
96
389
-1
390
122
391
60
392
155
393
154
394
-1
395
88
396
158
397
90
398
32
399
-1
400
151
401
7
402
45
403
16
404
-1
405
64
406
154
407
122
408
0
409
-1
410
95
411
96
412
46
413
25
414
-1
415
64
416
135
417
111
418
123
419
-1
420
94
421
22
422
59
423
120
424
-1
425
141
426
106
427
69
428
85
429
-1
430
56
431
68
432
93
433
64
434
-1
435
12
436
129
437
68
438
17
439
-1
440
83
441
170
442
43
443
175
444
-1
445
26
446
29
447
88
448
142
449
-1
450
66
451
49
452
115
453
67
454
-1
455
117
456
73
457
169
458
123
459
-1
460
72
461
131
462
97
463
4
464
-1
465
92
466
118
467
119
468
54
469
-1
470
146
471
17
472
62
473
20
474
-1
475
18
476
86
477
49
478
17
479
-1
480
176
481
136
482
161
483
51
484
-1
485
3
486
138
487
67
488
82
489
-1
490
160
491
50
492
36
493
118
494
-1
495
1
496
167
497
85
498
83
499
-1
500
78
501
169
502
162
503
177
504
-1
505
85
506
15
507
130
508
6
509
-1
510
119
511
27
512
30
513
169
514
-1
515
51
516
94
517
64
518
26
519
-1
520
67
521
134
522
34
523
19
524
-1
525
36
526
1
527
4
528
176
529
-1
530
116
531
133
532
134
533
156
534
-1
535
152
536
79
537
163
538
100
539
-1
540
84
541
97
542
161
543
87
544
-1
545
168
546
129
547
47
548
97
549
-1
550
40
551
95
552
162
553
83
554
-1
555
25
556
38
557
38
558
71
559
-1
560
108
561
179
562
33
563
5
564
-1
565
140
566
47
567
126
568
160
569
-1
570
71
571
154
572
76
573
56
574
-1
575
68
576
147
577
76
578
171
579
-1
580
15
581
172
582
96
583
12
584
-1
585
45
586
174
587
64
588
86
589
-1
590
15
591
103
592
160
593
114
594
-1
595
86
596
37
597
155
598
113
599
-1
