********************************************************************************
The planted motif0 is:
GTGAGCCTA
0
81
1
1
2
167
3
81
4
-1
5
26
6
87
7
139
8
89
9
-1
10
82
11
135
12
146
13
97
14
-1
15
165
16
107
17
5
18
29
19
-1
20
145
21
35
22
62
23
161
24
-1
25
104
26
173
27
111
28
45
29
-1
30
81
31
21
32
116
33
130
34
-1
35
159
36
178
37
4
38
67
39
-1
40
83
41
120
42
87
43
94
44
-1
45
158
46
106
47
3
48
120
49
-1
50
48
51
18
52
97
53
27
54
-1
55
91
56
7
57
179
58
73
59
-1
60
68
61
110
62
112
63
110
64
-1
65
133
66
127
67
28
68
138
69
-1
70
41
71
42
72
73
73
24
74
-1
75
42
76
161
77
133
78
156
79
-1
80
148
81
152
82
51
83
60
84
-1
85
39
86
74
87
135
88
4
89
-1
90
40
91
185
92
165
93
175
94
-1
95
108
96
44
97
123
98
55
99
-1
100
141
101
162
102
64
103
68
104
-1
105
38
106
174
107
35
108
5
109
-1
110
148
111
41
112
146
113
65
114
-1
115
125
116
16
117
150
118
5
119
-1
120
146
121
63
122
80
123
47
124
-1
125
166
126
57
127
176
128
74
129
-1
130
153
131
90
132
26
133
129
134
-1
135
20
136
118
137
128
138
111
139
-1
140
59
141
142
142
141
143
54
144
-1
145
106
146
129
147
102
148
69
149
-1
150
70
151
135
152
152
153
22
154
-1
155
131
156
121
157
133
158
138
159
-1
160
130
161
142
162
37
163
97
164
-1
165
172
166
132
167
18
168
28
169
-1
170
51
171
33
172
113
173
30
174
-1
175
18
176
21
177
187
178
129
179
-1
180
7
181
144
182
69
183
1
184
-1
185
11
186
65
187
35
188
49
189
-1
190
12
191
100
192
25
193
126
194
-1
195
150
196
100
197
76
198
51
199
-1
200
99
201
95
202
20
203
186
204
-1
205
51
206
23
207
188
208
153
209
-1
210
152
211
183
212
41
213
84
214
-1
215
19
216
143
217
85
218
72
219
-1
220
93
221
172
222
63
223
147
224
-1
225
134
226
85
227
8
228
50
229
-1
230
124
231
83
232
85
233
94
234
-1
235
34
236
157
237
12
238
16
239
-1
240
91
241
126
242
140
243
41
244
-1
245
104
246
150
247
38
248
131
249
-1
250
67
251
38
252
132
253
87
254
-1
255
159
256
123
257
162
258
191
259
-1
260
161
261
165
262
107
263
128
264
-1
265
15
266
1
267
85
268
94
269
-1
270
144
271
100
272
12
273
3
274
-1
275
185
276
55
277
20
278
112
279
-1
280
7
281
53
282
142
283
52
284
-1
285
182
286
127
287
183
288
117
289
-1
290
152
291
159
292
16
293
23
294
-1
295
89
296
1
297
99
298
117
299
-1
300
170
301
38
302
35
303
47
304
-1
305
58
306
105
307
19
308
57
309
-1
310
132
311
14
312
93
313
81
314
-1
315
69
316
52
317
140
318
42
319
-1
320
127
321
39
322
34
323
133
324
-1
325
143
326
129
327
140
328
167
329
-1
330
102
331
92
332
154
333
143
334
-1
335
175
336
120
337
86
338
125
339
-1
340
68
341
78
342
116
343
69
344
-1
345
118
346
28
347
74
348
46
349
-1
350
170
351
160
352
152
353
45
354
-1
355
8
356
83
357
90
358
83
359
-1
360
115
361
14
362
44
363
129
364
-1
365
34
366
9
367
35
368
50
369
-1
370
79
371
30
372
161
373
71
374
-1
375
169
376
100
377
72
378
167
379
-1
380
140
381
81
382
77
383
61
384
-1
385
16
386
158
387
111
388
18
389
-1
390
8
391
177
392
165
393
125
394
-1
395
0
396
70
397
72
398
68
399
-1
400
147
401
129
402
7
403
151
404
-1
405
103
406
117
407
45
408
143
409
-1
410
72
411
43
412
189
413
139
414
-1
415
123
416
112
417
17
418
91
419
-1
420
129
421
168
422
90
423
64
424
-1
425
58
426
190
427
172
428
63
429
-1
430
63
431
77
432
131
433
177
434
-1
435
116
436
132
437
75
438
86
439
-1
440
39
441
66
442
98
443
99
444
-1
445
78
446
24
447
191
448
26
449
-1
450
32
451
137
452
165
453
71
454
-1
455
61
456
148
457
131
458
101
459
-1
460
41
461
133
462
28
463
123
464
-1
465
131
466
17
467
129
468
107
469
-1
470
6
471
126
472
12
473
158
474
-1
475
20
476
9
477
28
478
24
479
-1
480
68
481
146
482
143
483
123
484
-1
485
23
486
12
487
99
488
13
489
-1
490
115
491
123
492
175
493
189
494
-1
495
108
496
143
497
127
498
13
499
-1
500
170
501
103
502
20
503
128
504
-1
505
100
506
111
507
173
508
189
509
-1
510
63
511
168
512
3
513
104
514
-1
515
17
516
65
517
123
518
29
519
-1
520
144
521
161
522
15
523
158
524
-1
525
57
526
97
527
3
528
83
529
-1
530
30
531
1
532
115
533
118
534
-1
535
27
536
153
537
22
538
109
539
-1
540
118
541
171
542
173
543
125
544
-1
545
118
546
169
547
95
548
91
549
-1
550
11
551
185
552
95
553
180
554
-1
555
128
556
22
557
141
558
104
559
-1
560
160
561
160
562
7
563
57
564
-1
565
55
566
79
567
32
568
1
569
-1
570
97
571
18
572
60
573
80
574
-1
575
101
576
79
577
159
578
32
579
-1
580
12
581
100
582
26
583
166
584
-1
585
154
586
27
587
100
588
58
589
-1
590
77
591
139
592
16
593
34
594
-1
595
167
596
65
597
156
598
145
599
-1
600
53
601
138
602
0
603
161
604
-1
605
93
606
54
607
177
608
128
609
-1
610
37
611
43
612
135
613
164
614
-1
615
128
616
106
617
127
618
41
619
-1
620
38
621
95
622
120
623
104
624
-1
625
60
626
63
627
176
628
168
629
-1
630
182
631
21
632
141
633
189
634
-1
635
0
636
115
637
142
638
45
639
-1
640
162
641
53
642
164
643
163
644
-1
645
44
646
106
647
144
648
145
649
-1
650
127
651
85
652
141
653
83
654
-1
655
57
656
15
657
12
658
90
659
-1
660
163
661
14
662
112
663
178
664
-1
665
64
666
70
667
10
668
85
669
-1
670
94
671
186
672
66
673
172
674
-1
675
126
676
96
677
80
678
131
679
-1
680
96
681
32
682
133
683
7
684
-1
685
31
686
87
687
115
688
99
689
-1
690
145
691
43
692
155
693
19
694
-1
695
183
696
119
697
115
698
69
699
-1
700
76
701
22
702
60
703
150
704
-1
705
171
706
36
707
81
708
49
709
-1
710
35
711
10
712
31
713
71
714
-1
715
59
716
92
717
120
718
186
719
-1
720
139
721
89
722
184
723
112
724
-1
725
111
726
130
727
163
728
111
729
-1
730
138
731
146
732
81
733
170
734
-1
735
122
736
151
737
182
738
120
739
-1
740
95
741
116
742
164
743
53
744
-1
745
85
746
24
747
179
748
73
749
-1
750
186
751
18
752
152
753
177
754
-1
755
174
756
17
757
30
758
101
759
-1
760
51
761
107
762
21
763
109
764
-1
765
122
766
151
767
133
768
176
769
-1
770
68
771
134
772
163
773
99
774
-1
775
3
776
65
777
145
778
27
779
-1
780
159
781
20
782
131
783
61
784
-1
785
188
786
175
787
120
788
153
789
-1
790
148
791
159
792
146
793
185
794
-1
795
18
796
157
797
23
798
123
799
-1
800
107
801
17
802
87
803
53
804
-1
805
114
806
75
807
43
808
156
809
-1
810
96
811
70
812
74
813
62
814
-1
815
156
816
92
817
30
818
85
819
-1
820
142
821
71
822
174
823
53
824
-1
825
53
826
36
827
69
828
53
829
-1
830
83
831
8
832
116
833
125
834
-1
835
0
836
162
837
93
838
162
839
-1
840
15
841
77
842
65
843
190
844
-1
845
0
846
107
847
44
848
80
849
-1
850
145
851
102
852
187
853
169
854
-1
855
169
856
111
857
29
858
182
859
-1
860
33
861
190
862
40
863
78
864
-1
865
50
866
67
867
152
868
45
869
-1
870
161
871
129
872
179
873
173
874
-1
875
23
876
167
877
99
878
79
879
-1
880
3
881
72
882
156
883
71
884
-1
885
58
886
158
887
103
888
141
889
-1
890
0
891
94
892
118
893
64
894
-1
895
177
896
169
897
66
898
38
899
-1
900
23
901
42
902
79
903
125
904
-1
905
6
906
183
907
139
908
86
909
-1
910
180
911
74
912
83
913
21
914
-1
915
18
916
52
917
159
918
76
919
-1
920
116
921
159
922
21
923
128
924
-1
925
124
926
30
927
53
928
23
929
-1
930
185
931
72
932
16
933
41
934
-1
935
147
936
184
937
65
938
177
939
-1
940
41
941
70
942
83
943
53
944
-1
945
55
946
163
947
126
948
187
949
-1
950
178
951
134
952
99
953
117
954
-1
955
48
956
84
957
165
958
132
959
-1
960
94
961
120
962
163
963
45
964
-1
965
121
966
20
967
13
968
98
969
-1
970
185
971
58
972
79
973
123
974
-1
975
109
976
179
977
97
978
131
979
-1
980
78
981
108
982
133
983
60
984
-1
985
131
986
126
987
56
988
38
989
-1
990
94
991
175
992
67
993
176
994
-1
995
133
996
45
997
169
998
131
999
-1
1000
16
1001
151
1002
70
1003
63
1004
-1
1005
34
1006
167
1007
47
1008
133
1009
-1
1010
79
1011
136
1012
104
1013
100
1014
-1
1015
63
1016
153
1017
114
1018
40
1019
-1
1020
184
1021
48
1022
187
1023
77
1024
-1
1025
19
1026
160
1027
68
1028
75
1029
-1
1030
165
1031
49
1032
17
1033
146
1034
-1
1035
142
1036
162
1037
97
1038
187
1039
-1
1040
131
1041
73
1042
164
1043
175
1044
-1
1045
82
1046
44
1047
184
1048
23
1049
-1
1050
81
1051
168
1052
18
1053
171
1054
-1
1055
176
1056
169
1057
83
1058
101
1059
-1
1060
146
1061
60
1062
40
1063
13
1064
-1
1065
156
1066
85
1067
179
1068
69
1069
-1
1070
101
1071
68
1072
47
1073
39
1074
-1
1075
86
1076
44
1077
139
1078
125
1079
-1
1080
78
1081
172
1082
154
1083
102
1084
-1
1085
16
1086
2
1087
22
1088
93
1089
-1
1090
114
1091
27
1092
83
1093
181
1094
-1
1095
149
1096
177
1097
111
1098
47
1099
-1
1100
158
1101
15
1102
11
1103
32
1104
-1
1105
91
1106
124
1107
124
1108
76
1109
-1
1110
88
1111
10
1112
57
1113
104
1114
-1
1115
142
1116
96
1117
6
1118
151
1119
-1
1120
47
1121
180
1122
64
1123
74
1124
-1
1125
118
1126
115
1127
13
1128
150
1129
-1
1130
45
1131
83
1132
77
1133
20
1134
-1
1135
13
1136
161
1137
98
1138
1
1139
-1
1140
115
1141
40
1142
124
1143
94
1144
-1
1145
180
1146
35
1147
17
1148
146
1149
-1
1150
31
1151
54
1152
8
1153
165
1154
-1
1155
128
1156
80
1157
135
1158
90
1159
-1
1160
107
1161
128
1162
126
1163
131
1164
-1
1165
163
1166
89
1167
189
1168
61
1169
-1
1170
115
1171
48
1172
108
1173
90
1174
-1
1175
172
1176
70
1177
4
1178
15
1179
-1
1180
141
1181
41
1182
66
1183
127
1184
-1
1185
155
1186
53
1187
132
1188
67
1189
-1
1190
186
1191
54
1192
138
1193
87
1194
-1
1195
38
1196
20
1197
150
1198
151
1199
-1
1200
6
1201
68
1202
13
1203
95
1204
-1
1205
56
1206
35
1207
171
1208
47
1209
-1
1210
169
1211
128
1212
47
1213
174
1214
-1
1215
180
1216
71
1217
84
1218
142
1219
-1
1220
152
1221
89
1222
171
1223
40
1224
-1
1225
175
1226
89
1227
83
1228
34
1229
-1
1230
156
1231
17
1232
187
1233
86
1234
-1
1235
2
1236
165
1237
21
1238
93
1239
-1
1240
191
1241
103
1242
105
1243
101
1244
-1
1245
60
1246
20
1247
62
1248
107
1249
-1
1250
41
1251
70
1252
48
1253
61
1254
-1
1255
125
1256
56
1257
132
1258
25
1259
-1
1260
67
1261
84
1262
114
1263
158
1264
-1
1265
162
1266
123
1267
109
1268
110
1269
-1
1270
22
1271
96
1272
165
1273
55
1274
-1
1275
3
1276
38
1277
190
1278
26
1279
-1
1280
37
1281
34
1282
34
1283
60
1284
-1
1285
31
1286
56
1287
106
1288
188
1289
-1
1290
117
1291
50
1292
126
1293
132
1294
-1
1295
86
1296
183
1297
71
1298
32
1299
-1
1300
97
1301
23
1302
47
1303
160
1304
-1
1305
42
1306
63
1307
103
1308
24
1309
-1
1310
6
1311
68
1312
141
1313
180
1314
-1
1315
156
1316
89
1317
70
1318
99
1319
-1
1320
152
1321
132
1322
26
1323
173
1324
-1
1325
62
1326
31
1327
35
1328
142
1329
-1
1330
88
1331
173
1332
115
1333
180
1334
-1
1335
3
1336
18
1337
113
1338
152
1339
-1
1340
118
1341
158
1342
185
1343
57
1344
-1
1345
47
1346
106
1347
77
1348
6
1349
-1
1350
97
1351
1
1352
1
1353
132
1354
-1
1355
126
1356
33
1357
188
1358
117
1359
-1
1360
81
1361
49
1362
84
1363
184
1364
-1
1365
45
1366
124
1367
25
1368
41
1369
-1
1370
85
1371
47
1372
175
1373
79
1374
-1
1375
118
1376
178
1377
138
1378
118
1379
-1
1380
149
1381
154
1382
90
1383
91
1384
-1
1385
141
1386
162
1387
139
1388
188
1389
-1
1390
118
1391
135
1392
36
1393
166
1394
-1
1395
83
1396
140
1397
67
1398
108
1399
-1
1400
4
1401
56
1402
124
1403
63
1404
-1
1405
85
1406
146
1407
122
1408
42
1409
-1
1410
94
1411
86
1412
142
1413
2
1414
-1
1415
185
1416
29
1417
154
1418
172
1419
-1
1420
91
1421
165
1422
105
1423
161
1424
-1
1425
56
1426
74
1427
10
1428
49
1429
-1
1430
85
1431
7
1432
125
1433
172
1434
-1
1435
148
1436
131
1437
51
1438
129
1439
-1
1440
119
1441
78
1442
92
1443
101
1444
-1
1445
91
1446
75
1447
142
1448
4
1449
-1
1450
27
1451
174
1452
44
1453
57
1454
-1
1455
150
1456
162
1457
191
1458
70
1459
-1
1460
84
1461
70
1462
160
1463
62
1464
-1
1465
47
1466
152
1467
7
1468
107
1469
-1
1470
91
1471
130
1472
22
1473
45
1474
-1
1475
29
1476
148
1477
65
1478
148
1479
-1
1480
88
1481
138
1482
115
1483
7
1484
-1
1485
133
1486
29
1487
48
1488
97
1489
-1
1490
40
1491
0
1492
6
1493
169
1494
-1
1495
181
1496
50
1497
46
1498
73
1499
-1
1500
0
1501
48
1502
8
1503
157
1504
-1
1505
138
1506
97
1507
84
1508
118
1509
-1
1510
123
1511
95
1512
93
1513
141
1514
-1
1515
61
1516
90
1517
100
1518
35
1519
-1
1520
143
1521
63
1522
18
1523
39
1524
-1
1525
12
1526
0
1527
191
1528
184
1529
-1
1530
63
1531
88
1532
79
1533
122
1534
-1
1535
39
1536
90
1537
36
1538
139
1539
-1
1540
165
1541
134
1542
131
1543
98
1544
-1
1545
191
1546
98
1547
124
1548
111
1549
-1
1550
98
1551
80
1552
53
1553
166
1554
-1
1555
98
1556
80
1557
87
1558
113
1559
-1
1560
17
1561
93
1562
43
1563
120
1564
-1
1565
45
1566
113
1567
161
1568
144
1569
-1
1570
37
1571
31
1572
154
1573
9
1574
-1
1575
185
1576
172
1577
171
1578
41
1579
-1
1580
94
1581
135
1582
182
1583
177
1584
-1
1585
53
1586
94
1587
19
1588
29
1589
-1
1590
28
1591
110
1592
146
1593
54
1594
-1
1595
126
1596
41
1597
44
1598
11
1599
-1
1600
29
1601
151
1602
55
1603
191
1604
-1
1605
131
1606
165
1607
22
1608
41
1609
-1
1610
183
1611
129
1612
52
1613
164
1614
-1
1615
148
1616
186
1617
31
1618
117
1619
-1
1620
96
1621
80
1622
8
1623
188
1624
-1
1625
171
1626
142
1627
10
1628
180
1629
-1
1630
171
1631
58
1632
129
1633
22
1634
-1
1635
144
1636
60
1637
104
1638
151
1639
-1
1640
142
1641
103
1642
19
1643
63
1644
-1
1645
178
1646
187
1647
102
1648
75
1649
-1
1650
169
1651
160
1652
174
1653
45
1654
-1
1655
145
1656
126
1657
7
1658
112
1659
-1
1660
140
1661
153
1662
28
1663
113
1664
-1
1665
121
1666
107
1667
61
1668
179
1669
-1
1670
179
1671
159
1672
13
1673
66
1674
-1
1675
37
1676
39
1677
77
1678
147
1679
-1
1680
35
1681
32
1682
97
1683
38
1684
-1
1685
182
1686
145
1687
29
1688
74
1689
-1
1690
25
1691
14
1692
167
1693
64
1694
-1
1695
56
1696
150
1697
89
1698
110
1699
-1
1700
83
1701
76
1702
55
1703
78
1704
-1
1705
120
1706
114
1707
48
1708
49
1709
-1
1710
105
1711
58
1712
174
1713
18
1714
-1
1715
176
1716
67
1717
88
1718
6
1719
-1
1720
102
1721
47
1722
25
1723
121
1724
-1
1725
168
1726
108
1727
26
1728
175
1729
-1
1730
50
1731
134
1732
128
1733
116
1734
-1
1735
161
1736
91
1737
23
1738
174
1739
-1
1740
24
1741
13
1742
123
1743
173
1744
-1
1745
36
1746
93
1747
82
1748
44
1749
-1
1750
185
1751
48
1752
172
1753
20
1754
-1
1755
82
1756
162
1757
122
1758
100
1759
-1
1760
34
1761
182
1762
39
1763
142
1764
-1
1765
91
1766
134
1767
172
1768
140
1769
-1
1770
91
1771
17
1772
133
1773
186
1774
-1
1775
171
1776
133
1777
12
1778
166
1779
-1
1780
139
1781
83
1782
44
1783
101
1784
-1
1785
168
1786
78
1787
137
1788
129
1789
-1
1790
26
1791
140
1792
105
1793
1
1794
-1
1795
115
1796
168
1797
74
1798
157
1799
-1
1800
118
1801
140
1802
129
1803
89
1804
-1
1805
119
1806
42
1807
165
1808
43
1809
-1
1810
45
1811
131
1812
127
1813
61
1814
-1
1815
44
1816
55
1817
141
1818
62
1819
-1
1820
63
1821
75
1822
50
1823
65
1824
-1
1825
149
1826
102
1827
102
1828
129
1829
-1
1830
54
1831
175
1832
144
1833
184
1834
-1
1835
189
1836
54
1837
88
1838
131
1839
-1
1840
160
1841
187
1842
69
1843
184
1844
-1
1845
103
1846
44
1847
174
1848
133
1849
-1
1850
87
1851
83
1852
20
1853
76
1854
-1
1855
17
1856
6
1857
53
1858
165
1859
-1
1860
78
1861
12
1862
156
1863
137
1864
-1
1865
13
1866
134
1867
150
1868
87
1869
-1
1870
103
1871
97
1872
146
1873
112
1874
-1
1875
33
1876
160
1877
137
1878
106
1879
-1
1880
30
1881
49
1882
147
1883
20
1884
-1
1885
157
1886
153
1887
144
1888
97
1889
-1
1890
40
1891
3
1892
142
1893
103
1894
-1
1895
19
1896
169
1897
90
1898
79
1899
-1
1900
177
1901
133
1902
29
1903
51
1904
-1
1905
178
1906
116
1907
147
1908
160
1909
-1
1910
74
1911
68
1912
14
1913
60
1914
-1
1915
168
1916
132
1917
177
1918
130
1919
-1
1920
40
1921
1
1922
165
1923
23
1924
-1
1925
106
1926
51
1927
122
1928
175
1929
-1
1930
19
1931
18
1932
13
1933
47
1934
-1
1935
183
1936
19
1937
126
1938
104
1939
-1
1940
168
1941
106
1942
136
1943
32
1944
-1
1945
153
1946
35
1947
63
1948
144
1949
-1
1950
42
1951
71
1952
78
1953
93
1954
-1
1955
42
1956
121
1957
163
1958
99
1959
-1
1960
130
1961
173
1962
180
1963
160
1964
-1
1965
85
1966
82
1967
137
1968
117
1969
-1
1970
21
1971
43
1972
49
1973
187
1974
-1
1975
65
1976
184
1977
151
1978
83
1979
-1
1980
103
1981
30
1982
7
1983
121
1984
-1
1985
27
1986
155
1987
12
1988
76
1989
-1
1990
6
1991
76
1992
129
1993
182
1994
-1
1995
96
1996
33
1997
26
1998
36
1999
-1
