********************************************************************************
The planted motif0 is:
TATGATACT
0
27
1
-1
2
91
3
-1
4
7
5
-1
6
179
7
-1
8
73
9
-1
10
68
11
-1
12
110
13
-1
14
112
15
-1
16
110
17
-1
18
133
19
-1
20
127
21
-1
22
28
23
-1
24
138
25
-1
26
41
27
-1
28
42
29
-1
30
73
31
-1
32
24
33
-1
34
42
35
-1
36
161
37
-1
38
133
39
-1
40
156
41
-1
42
148
43
-1
44
152
45
-1
46
51
47
-1
48
60
49
-1
50
39
51
-1
52
74
53
-1
54
135
55
-1
56
4
57
-1
58
40
59
-1
60
185
61
-1
62
165
63
-1
64
175
65
-1
66
108
67
-1
68
44
69
-1
70
123
71
-1
72
55
73
-1
74
141
75
-1
76
162
77
-1
78
64
79
-1
80
68
81
-1
82
38
83
-1
84
174
85
-1
86
35
87
-1
88
5
89
-1
90
148
91
-1
92
41
93
-1
94
146
95
-1
96
65
97
-1
98
125
99
-1
100
16
101
-1
102
150
103
-1
104
5
105
-1
106
146
107
-1
108
63
109
-1
110
80
111
-1
112
47
113
-1
114
166
115
-1
116
57
117
-1
118
176
119
-1
120
74
121
-1
122
153
123
-1
124
90
125
-1
126
26
127
-1
128
129
129
-1
130
20
131
-1
132
118
133
-1
134
128
135
-1
136
111
137
-1
138
59
139
-1
140
142
141
-1
142
141
143
-1
144
54
145
-1
146
106
147
-1
148
129
149
-1
150
102
151
-1
152
69
153
-1
154
70
155
-1
156
135
157
-1
158
152
159
-1
160
22
161
-1
162
131
163
-1
164
121
165
-1
166
133
167
-1
168
138
169
-1
170
130
171
-1
172
142
173
-1
174
37
175
-1
176
97
177
-1
178
172
179
-1
180
132
181
-1
182
18
183
-1
184
28
185
-1
186
51
187
-1
188
33
189
-1
190
113
191
-1
192
30
193
-1
194
18
195
-1
196
21
197
-1
198
187
199
-1
200
129
201
-1
202
7
203
-1
204
144
205
-1
206
69
207
-1
208
1
209
-1
210
11
211
-1
212
65
213
-1
214
35
215
-1
216
49
217
-1
218
12
219
-1
220
100
221
-1
222
25
223
-1
224
126
225
-1
226
150
227
-1
228
100
229
-1
230
76
231
-1
232
51
233
-1
234
99
235
-1
236
95
237
-1
238
20
239
-1
240
186
241
-1
242
51
243
-1
244
23
245
-1
246
188
247
-1
248
153
249
-1
250
152
251
-1
252
183
253
-1
254
41
255
-1
256
84
257
-1
258
19
259
-1
260
143
261
-1
262
85
263
-1
264
72
265
-1
266
93
267
-1
268
172
269
-1
270
63
271
-1
272
147
273
-1
274
134
275
-1
276
85
277
-1
278
8
279
-1
280
50
281
-1
282
124
283
-1
284
83
285
-1
286
85
287
-1
288
94
289
-1
290
34
291
-1
292
157
293
-1
294
12
295
-1
296
16
297
-1
298
91
299
-1
300
126
301
-1
302
140
303
-1
304
41
305
-1
306
104
307
-1
308
150
309
-1
310
38
311
-1
312
131
313
-1
314
67
315
-1
316
38
317
-1
318
132
319
-1
320
87
321
-1
322
159
323
-1
324
123
325
-1
326
162
327
-1
328
191
329
-1
330
161
331
-1
332
165
333
-1
334
107
335
-1
336
128
337
-1
338
15
339
-1
340
1
341
-1
342
85
343
-1
344
94
345
-1
346
144
347
-1
348
100
349
-1
350
12
351
-1
352
3
353
-1
354
185
355
-1
356
55
357
-1
358
20
359
-1
360
112
361
-1
362
7
363
-1
364
53
365
-1
366
142
367
-1
368
52
369
-1
370
182
371
-1
372
127
373
-1
374
183
375
-1
376
117
377
-1
378
152
379
-1
380
159
381
-1
382
16
383
-1
384
23
385
-1
386
89
387
-1
388
1
389
-1
390
99
391
-1
392
117
393
-1
394
170
395
-1
396
38
397
-1
398
35
399
-1
400
47
401
-1
402
58
403
-1
404
105
405
-1
406
19
407
-1
408
57
409
-1
410
132
411
-1
412
14
413
-1
414
93
415
-1
416
81
417
-1
418
69
419
-1
420
52
421
-1
422
140
423
-1
424
42
425
-1
426
127
427
-1
428
39
429
-1
430
34
431
-1
432
133
433
-1
434
143
435
-1
436
129
437
-1
438
140
439
-1
440
167
441
-1
442
102
443
-1
444
92
445
-1
446
154
447
-1
448
143
449
-1
450
175
451
-1
452
120
453
-1
454
86
455
-1
456
125
457
-1
458
68
459
-1
460
78
461
-1
462
116
463
-1
464
69
465
-1
466
118
467
-1
468
28
469
-1
470
74
471
-1
472
46
473
-1
474
170
475
-1
476
160
477
-1
478
152
479
-1
480
45
481
-1
482
8
483
-1
484
83
485
-1
486
90
487
-1
488
83
489
-1
490
115
491
-1
492
14
493
-1
494
44
495
-1
496
129
497
-1
498
34
499
-1
500
9
501
-1
502
35
503
-1
504
50
505
-1
506
79
507
-1
508
30
509
-1
510
161
511
-1
512
71
513
-1
514
169
515
-1
516
100
517
-1
518
72
519
-1
520
167
521
-1
522
140
523
-1
524
81
525
-1
526
77
527
-1
528
61
529
-1
530
16
531
-1
532
158
533
-1
534
111
535
-1
536
18
537
-1
538
8
539
-1
540
177
541
-1
542
165
543
-1
544
125
545
-1
546
0
547
-1
548
70
549
-1
550
72
551
-1
552
68
553
-1
554
147
555
-1
556
129
557
-1
558
7
559
-1
560
151
561
-1
562
103
563
-1
564
117
565
-1
566
45
567
-1
568
143
569
-1
570
72
571
-1
572
43
573
-1
574
189
575
-1
576
139
577
-1
578
123
579
-1
580
112
581
-1
582
17
583
-1
584
91
585
-1
586
129
587
-1
588
168
589
-1
590
90
591
-1
592
64
593
-1
594
58
595
-1
596
190
597
-1
598
172
599
-1
600
63
601
-1
602
63
603
-1
604
77
605
-1
606
131
607
-1
608
177
609
-1
610
116
611
-1
612
132
613
-1
614
75
615
-1
616
86
617
-1
618
39
619
-1
620
66
621
-1
622
98
623
-1
624
99
625
-1
626
78
627
-1
628
24
629
-1
630
191
631
-1
632
26
633
-1
634
32
635
-1
636
137
637
-1
638
165
639
-1
640
71
641
-1
642
61
643
-1
644
148
645
-1
646
131
647
-1
648
101
649
-1
650
41
651
-1
652
133
653
-1
654
28
655
-1
656
123
657
-1
658
131
659
-1
660
17
661
-1
662
129
663
-1
664
107
665
-1
666
6
667
-1
668
126
669
-1
670
12
671
-1
672
158
673
-1
674
20
675
-1
676
9
677
-1
678
28
679
-1
680
24
681
-1
682
68
683
-1
684
146
685
-1
686
143
687
-1
688
123
689
-1
690
23
691
-1
692
12
693
-1
694
99
695
-1
696
13
697
-1
698
115
699
-1
700
123
701
-1
702
175
703
-1
704
189
705
-1
706
108
707
-1
708
143
709
-1
710
127
711
-1
712
13
713
-1
714
170
715
-1
716
103
717
-1
718
20
719
-1
720
128
721
-1
722
100
723
-1
724
111
725
-1
726
173
727
-1
728
189
729
-1
730
63
731
-1
732
168
733
-1
734
3
735
-1
736
104
737
-1
738
17
739
-1
740
65
741
-1
742
123
743
-1
744
29
745
-1
746
144
747
-1
748
161
749
-1
750
15
751
-1
752
158
753
-1
754
57
755
-1
756
97
757
-1
758
3
759
-1
760
83
761
-1
762
30
763
-1
764
1
765
-1
766
115
767
-1
768
118
769
-1
770
27
771
-1
772
153
773
-1
774
22
775
-1
776
109
777
-1
778
118
779
-1
780
171
781
-1
782
173
783
-1
784
125
785
-1
786
118
787
-1
788
169
789
-1
790
95
791
-1
792
91
793
-1
794
11
795
-1
796
185
797
-1
798
95
799
-1
800
180
801
-1
802
128
803
-1
804
22
805
-1
806
141
807
-1
808
104
809
-1
810
160
811
-1
812
160
813
-1
814
7
815
-1
816
57
817
-1
818
55
819
-1
820
79
821
-1
822
32
823
-1
824
1
825
-1
826
97
827
-1
828
18
829
-1
830
60
831
-1
832
80
833
-1
834
101
835
-1
836
79
837
-1
838
159
839
-1
840
32
841
-1
842
12
843
-1
844
100
845
-1
846
26
847
-1
848
166
849
-1
850
154
851
-1
852
27
853
-1
854
100
855
-1
856
58
857
-1
858
77
859
-1
860
139
861
-1
862
16
863
-1
864
34
865
-1
866
167
867
-1
868
65
869
-1
870
156
871
-1
872
145
873
-1
874
53
875
-1
876
138
877
-1
878
0
879
-1
880
161
881
-1
882
93
883
-1
884
54
885
-1
886
177
887
-1
888
128
889
-1
890
37
891
-1
892
43
893
-1
894
135
895
-1
896
164
897
-1
898
128
899
-1
900
106
901
-1
902
127
903
-1
904
41
905
-1
906
38
907
-1
908
95
909
-1
910
120
911
-1
912
104
913
-1
914
60
915
-1
916
63
917
-1
918
176
919
-1
920
168
921
-1
922
182
923
-1
924
21
925
-1
926
141
927
-1
928
189
929
-1
930
0
931
-1
932
115
933
-1
934
142
935
-1
936
45
937
-1
938
162
939
-1
940
53
941
-1
942
164
943
-1
944
163
945
-1
946
44
947
-1
948
106
949
-1
950
144
951
-1
952
145
953
-1
954
127
955
-1
956
85
957
-1
958
141
959
-1
960
83
961
-1
962
57
963
-1
964
15
965
-1
966
12
967
-1
968
90
969
-1
970
163
971
-1
972
14
973
-1
974
112
975
-1
976
178
977
-1
978
64
979
-1
980
70
981
-1
982
10
983
-1
984
85
985
-1
986
94
987
-1
988
186
989
-1
990
66
991
-1
992
172
993
-1
994
126
995
-1
996
96
997
-1
998
80
999
-1
