********************************************************************************
The planted motif0 is:
TCGGAACTCATGAAGGTTCGC
0
147
1
3
2
75
3
112
4
-1
5
172
6
138
7
164
8
27
9
-1
10
148
11
132
12
163
13
2
14
-1
15
32
16
153
17
113
18
140
19
-1
20
172
21
22
22
172
23
12
24
-1
25
11
26
148
27
61
28
163
29
-1
30
117
31
164
32
137
33
163
34
-1
35
25
36
72
37
154
38
149
39
-1
40
62
41
62
42
48
43
89
44
-1
45
43
46
8
47
100
48
74
49
-1
50
7
51
142
52
124
53
82
54
-1
55
94
56
125
57
31
58
77
59
-1
60
26
61
177
62
5
63
108
64
-1
65
7
66
35
67
127
68
149
69
-1
70
73
71
24
72
60
73
93
74
-1
75
132
76
13
77
33
78
159
79
-1
80
29
81
36
82
118
83
163
84
-1
85
56
86
19
87
150
88
87
89
-1
90
38
91
105
92
32
93
129
94
-1
95
156
96
120
97
129
98
32
99
-1
100
6
101
54
102
62
103
100
104
-1
105
133
106
42
107
127
108
13
109
-1
110
79
111
98
112
140
113
164
114
-1
115
70
116
51
117
42
118
10
119
-1
120
13
121
171
122
94
123
69
124
-1
125
44
126
34
127
127
128
15
129
-1
130
29
131
158
132
38
133
68
134
-1
135
49
136
176
137
50
138
104
139
-1
140
63
141
38
142
73
143
151
144
-1
145
112
146
179
147
107
148
112
149
-1
150
148
151
13
152
40
153
117
154
-1
155
145
156
112
157
106
158
143
159
-1
160
172
161
163
162
149
163
11
164
-1
165
70
166
63
167
137
168
100
169
-1
170
147
171
58
172
83
173
103
174
-1
175
88
176
107
177
137
178
96
179
-1
180
90
181
9
182
89
183
35
184
-1
185
138
186
60
187
170
188
150
189
-1
190
69
191
146
192
73
193
112
194
-1
195
20
196
51
197
141
198
58
199
-1
200
177
201
100
202
75
203
144
204
-1
205
166
206
144
207
41
208
44
209
-1
210
137
211
60
212
42
213
26
214
-1
215
108
216
123
217
87
218
158
219
-1
220
134
221
49
222
97
223
179
224
-1
225
142
226
81
227
121
228
119
229
-1
230
166
231
52
232
64
233
79
234
-1
235
104
236
114
237
57
238
59
239
-1
240
30
241
96
242
130
243
170
244
-1
245
7
246
145
247
31
248
18
249
-1
250
172
251
169
252
50
253
17
254
-1
255
150
256
167
257
137
258
30
259
-1
260
66
261
80
262
129
263
51
264
-1
265
58
266
116
267
64
268
87
269
-1
270
115
271
41
272
81
273
7
274
-1
275
30
276
151
277
139
278
61
279
-1
280
45
281
95
282
152
283
22
284
-1
285
149
286
64
287
31
288
132
289
-1
290
78
291
155
292
24
293
98
294
-1
295
114
296
49
297
92
298
27
299
-1
300
118
301
68
302
15
303
62
304
-1
305
23
306
14
307
7
308
51
309
-1
310
127
311
46
312
64
313
55
314
-1
315
44
316
95
317
164
318
96
319
-1
320
97
321
58
322
61
323
67
324
-1
325
77
326
167
327
161
328
40
329
-1
330
141
331
100
332
30
333
55
334
-1
335
106
336
40
337
34
338
146
339
-1
340
178
341
177
342
51
343
175
344
-1
345
65
346
114
347
47
348
40
349
-1
350
70
351
11
352
3
353
22
354
-1
355
149
356
11
357
111
358
144
359
-1
360
115
361
98
362
142
363
27
364
-1
365
70
366
10
367
143
368
2
369
-1
370
61
371
167
372
1
373
128
374
-1
375
16
376
58
377
16
378
77
379
-1
380
93
381
77
382
165
383
67
384
-1
385
94
386
16
387
89
388
52
389
-1
390
17
391
73
392
63
393
63
394
-1
395
80
396
179
397
96
398
122
399
-1
400
60
401
155
402
154
403
88
404
-1
405
158
406
90
407
32
408
151
409
-1
410
7
411
45
412
16
413
64
414
-1
415
154
416
122
417
0
418
95
419
-1
420
96
421
46
422
25
423
64
424
-1
425
135
426
111
427
123
428
94
429
-1
430
22
431
59
432
120
433
141
434
-1
435
106
436
69
437
85
438
56
439
-1
440
68
441
93
442
64
443
12
444
-1
445
129
446
68
447
17
448
83
449
-1
450
170
451
43
452
175
453
26
454
-1
455
29
456
88
457
142
458
66
459
-1
460
49
461
115
462
67
463
117
464
-1
465
73
466
169
467
123
468
72
469
-1
470
131
471
97
472
4
473
92
474
-1
475
118
476
119
477
54
478
146
479
-1
480
17
481
62
482
20
483
18
484
-1
485
86
486
49
487
17
488
176
489
-1
490
136
491
161
492
51
493
3
494
-1
495
138
496
67
497
82
498
160
499
-1
500
50
501
36
502
118
503
1
504
-1
505
167
506
85
507
83
508
78
509
-1
510
169
511
162
512
177
513
85
514
-1
515
15
516
130
517
6
518
119
519
-1
520
27
521
30
522
169
523
51
524
-1
525
94
526
64
527
26
528
67
529
-1
530
134
531
34
532
19
533
36
534
-1
535
1
536
4
537
176
538
116
539
-1
540
133
541
134
542
156
543
152
544
-1
545
79
546
163
547
100
548
84
549
-1
550
97
551
161
552
87
553
168
554
-1
555
129
556
47
557
97
558
40
559
-1
560
95
561
162
562
83
563
25
564
-1
565
38
566
38
567
71
568
108
569
-1
570
179
571
33
572
5
573
140
574
-1
575
47
576
126
577
160
578
71
579
-1
580
154
581
76
582
56
583
68
584
-1
585
147
586
76
587
171
588
15
589
-1
590
172
591
96
592
12
593
45
594
-1
595
174
596
64
597
86
598
15
599
-1
600
103
601
160
602
114
603
86
604
-1
605
37
606
155
607
113
608
133
609
-1
610
26
611
77
612
134
613
69
614
-1
615
68
616
89
617
23
618
176
619
-1
620
66
621
96
622
14
623
33
624
-1
625
84
626
176
627
178
628
147
629
-1
630
124
631
16
632
30
633
165
634
-1
635
163
636
166
637
52
638
77
639
-1
640
27
641
20
642
127
643
71
644
-1
645
132
646
112
647
54
648
139
649
-1
650
100
651
144
652
151
653
22
654
-1
655
10
656
70
657
96
658
117
659
-1
660
23
661
46
662
141
663
14
664
-1
665
46
666
141
667
46
668
113
669
-1
670
0
671
0
672
159
673
42
674
-1
675
58
676
17
677
136
678
91
679
-1
680
174
681
177
682
21
683
115
684
-1
685
176
686
5
687
80
688
131
689
-1
690
29
691
30
692
131
693
93
694
-1
695
57
696
14
697
27
698
24
699
-1
700
88
701
137
702
72
703
148
704
-1
705
126
706
99
707
159
708
163
709
-1
710
21
711
49
712
36
713
69
714
-1
715
113
716
165
717
91
718
131
719
-1
720
129
721
94
722
146
723
95
724
-1
725
114
726
51
727
109
728
162
729
-1
730
112
731
96
732
161
733
101
734
-1
735
99
736
23
737
161
738
22
739
-1
740
60
741
81
742
93
743
152
744
-1
745
80
746
104
747
67
748
41
749
-1
750
129
751
103
752
45
753
121
754
-1
755
52
756
13
757
145
758
87
759
-1
760
55
761
72
762
47
763
34
764
-1
765
46
766
146
767
18
768
0
769
-1
770
77
771
120
772
129
773
153
774
-1
775
124
776
172
777
3
778
116
779
-1
780
111
781
98
782
49
783
125
784
-1
785
166
786
150
787
157
788
3
789
-1
790
30
791
4
792
142
793
103
794
-1
795
57
796
169
797
1
798
140
799
-1
800
96
801
13
802
127
803
70
804
-1
805
173
806
78
807
82
808
159
809
-1
810
96
811
4
812
26
813
139
814
-1
815
97
816
116
817
117
818
150
819
-1
820
35
821
37
822
17
823
44
824
-1
825
67
826
74
827
129
828
37
829
-1
830
21
831
174
832
144
833
47
834
-1
835
73
836
163
837
174
838
178
839
-1
840
171
841
102
842
155
843
119
844
-1
845
135
846
50
847
110
848
138
849
-1
850
82
851
38
852
173
853
88
854
-1
855
10
856
74
857
36
858
21
859
-1
860
22
861
81
862
115
863
14
864
-1
865
80
866
11
867
168
868
89
869
-1
870
82
871
28
872
24
873
111
874
-1
875
21
876
48
877
132
878
103
879
-1
880
26
881
43
882
136
883
11
884
-1
885
8
886
75
887
13
888
165
889
-1
890
88
891
106
892
140
893
100
894
-1
895
41
896
134
897
23
898
143
899
-1
900
97
901
135
902
25
903
72
904
-1
905
30
906
23
907
161
908
43
909
-1
910
87
911
118
912
168
913
143
914
-1
915
83
916
56
917
136
918
108
919
-1
920
69
921
115
922
107
923
141
924
-1
925
171
926
14
927
15
928
139
929
-1
930
141
931
19
932
90
933
13
934
-1
935
173
936
46
937
81
938
26
939
-1
940
19
941
146
942
58
943
163
944
-1
945
154
946
28
947
50
948
27
949
-1
950
26
951
155
952
68
953
120
954
-1
955
32
956
20
957
1
958
56
959
-1
960
80
961
28
962
44
963
179
964
-1
965
113
966
146
967
111
968
45
969
-1
970
15
971
117
972
89
973
151
974
-1
975
97
976
166
977
72
978
54
979
-1
980
106
981
6
982
143
983
36
984
-1
985
93
986
58
987
108
988
10
989
-1
990
150
991
49
992
56
993
125
994
-1
995
99
996
121
997
42
998
77
999
-1
1000
72
1001
125
1002
111
1003
138
1004
-1
1005
114
1006
126
1007
17
1008
111
1009
-1
1010
172
1011
31
1012
71
1013
159
1014
-1
1015
141
1016
112
1017
42
1018
94
1019
-1
1020
0
1021
41
1022
140
1023
75
1024
-1
1025
155
1026
7
1027
65
1028
47
1029
-1
1030
167
1031
174
1032
75
1033
176
1034
-1
1035
172
1036
74
1037
163
1038
64
1039
-1
1040
105
1041
104
1042
32
1043
132
1044
-1
1045
33
1046
146
1047
153
1048
140
1049
-1
1050
34
1051
145
1052
106
1053
144
1054
-1
1055
176
1056
133
1057
23
1058
129
1059
-1
1060
168
1061
81
1062
113
1063
108
1064
-1
1065
154
1066
171
1067
173
1068
118
1069
-1
1070
152
1071
59
1072
16
1073
156
1074
-1
1075
57
1076
85
1077
28
1078
48
1079
-1
1080
137
1081
50
1082
169
1083
174
1084
-1
1085
176
1086
78
1087
138
1088
54
1089
-1
1090
41
1091
154
1092
122
1093
58
1094
-1
1095
143
1096
43
1097
67
1098
130
1099
-1
1100
141
1101
74
1102
87
1103
50
1104
-1
1105
161
1106
147
1107
140
1108
25
1109
-1
1110
167
1111
106
1112
9
1113
157
1114
-1
1115
101
1116
42
1117
62
1118
52
1119
-1
1120
67
1121
167
1122
19
1123
175
1124
-1
1125
125
1126
40
1127
81
1128
50
1129
-1
1130
146
1131
26
1132
20
1133
53
1134
-1
1135
28
1136
28
1137
59
1138
0
1139
-1
1140
147
1141
27
1142
143
1143
138
1144
-1
1145
116
1146
73
1147
131
1148
81
1149
-1
1150
18
1151
3
1152
154
1153
17
1154
-1
1155
134
1156
166
1157
6
1158
44
1159
-1
1160
49
1161
144
1162
129
1163
20
1164
-1
1165
98
1166
11
1167
114
1168
65
1169
-1
1170
20
1171
25
1172
39
1173
3
1174
-1
1175
52
1176
154
1177
16
1178
88
1179
-1
1180
175
1181
165
1182
29
1183
76
1184
-1
1185
87
1186
137
1187
57
1188
32
1189
-1
1190
178
1191
126
1192
9
1193
12
1194
-1
1195
42
1196
177
1197
74
1198
119
1199
-1
1200
62
1201
31
1202
58
1203
80
1204
-1
1205
105
1206
99
1207
125
1208
62
1209
-1
1210
90
1211
129
1212
81
1213
63
1214
-1
1215
33
1216
19
1217
67
1218
46
1219
-1
1220
123
1221
159
1222
51
1223
58
1224
-1
1225
54
1226
179
1227
4
1228
89
1229
-1
1230
13
1231
35
1232
156
1233
40
1234
-1
1235
47
1236
135
1237
54
1238
83
1239
-1
1240
90
1241
71
1242
112
1243
164
1244
-1
1245
97
1246
140
1247
135
1248
128
1249
-1
1250
77
1251
65
1252
126
1253
92
1254
-1
1255
57
1256
103
1257
85
1258
106
1259
-1
1260
58
1261
70
1262
179
1263
111
1264
-1
1265
76
1266
38
1267
150
1268
34
1269
-1
1270
151
1271
161
1272
104
1273
23
1274
-1
1275
156
1276
30
1277
146
1278
100
1279
-1
1280
66
1281
36
1282
165
1283
90
1284
-1
1285
69
1286
43
1287
177
1288
73
1289
-1
1290
66
1291
67
1292
119
1293
156
1294
-1
1295
142
1296
99
1297
97
1298
91
1299
-1
1300
35
1301
13
1302
66
1303
113
1304
-1
1305
137
1306
114
1307
159
1308
172
1309
-1
1310
17
1311
178
1312
106
1313
49
1314
-1
1315
171
1316
126
1317
175
1318
151
1319
-1
1320
95
1321
148
1322
96
1323
59
1324
-1
1325
119
1326
32
1327
141
1328
163
1329
-1
1330
63
1331
48
1332
27
1333
58
1334
-1
1335
178
1336
18
1337
150
1338
32
1339
-1
1340
107
1341
13
1342
64
1343
162
1344
-1
1345
85
1346
26
1347
151
1348
27
1349
-1
1350
77
1351
119
1352
128
1353
26
1354
-1
1355
33
1356
78
1357
85
1358
93
1359
-1
1360
116
1361
4
1362
47
1363
43
1364
-1
1365
92
1366
28
1367
119
1368
17
1369
-1
1370
38
1371
171
1372
60
1373
36
1374
-1
1375
168
1376
78
1377
27
1378
40
1379
-1
1380
166
1381
70
1382
172
1383
108
1384
-1
1385
18
1386
164
1387
70
1388
158
1389
-1
1390
84
1391
68
1392
114
1393
155
1394
-1
1395
63
1396
87
1397
131
1398
29
1399
-1
1400
177
1401
23
1402
86
1403
17
1404
-1
1405
117
1406
141
1407
46
1408
81
1409
-1
1410
153
1411
130
1412
23
1413
103
1414
-1
1415
42
1416
119
1417
41
1418
82
1419
-1
1420
93
1421
90
1422
158
1423
148
1424
-1
1425
170
1426
139
1427
90
1428
61
1429
-1
1430
1
1431
153
1432
107
1433
31
1434
-1
1435
35
1436
13
1437
44
1438
38
1439
-1
1440
41
1441
98
1442
153
1443
154
1444
-1
1445
160
1446
80
1447
160
1448
109
1449
-1
1450
77
1451
60
1452
138
1453
87
1454
-1
1455
134
1456
2
1457
170
1458
173
1459
-1
1460
1
1461
160
1462
143
1463
75
1464
-1
1465
34
1466
98
1467
141
1468
133
1469
-1
1470
107
1471
158
1472
25
1473
99
1474
-1
1475
106
1476
64
1477
135
1478
129
1479
-1
1480
107
1481
167
1482
90
1483
107
1484
-1
1485
140
1486
43
1487
179
1488
76
1489
-1
1490
87
1491
173
1492
93
1493
41
1494
-1
1495
47
1496
130
1497
134
1498
62
1499
-1
1500
20
1501
14
1502
80
1503
21
1504
-1
1505
117
1506
147
1507
66
1508
50
1509
-1
1510
96
1511
96
1512
128
1513
144
1514
-1
1515
147
1516
48
1517
162
1518
145
1519
-1
1520
155
1521
156
1522
0
1523
132
1524
-1
1525
136
1526
138
1527
81
1528
132
1529
-1
1530
162
1531
155
1532
37
1533
131
1534
-1
1535
106
1536
10
1537
90
1538
165
1539
-1
1540
14
1541
113
1542
83
1543
163
1544
-1
1545
69
1546
115
1547
174
1548
168
1549
-1
1550
47
1551
128
1552
7
1553
104
1554
-1
1555
75
1556
13
1557
163
1558
57
1559
-1
1560
174
1561
93
1562
34
1563
127
1564
-1
1565
17
1566
25
1567
179
1568
133
1569
-1
1570
62
1571
139
1572
61
1573
28
1574
-1
1575
86
1576
71
1577
157
1578
112
1579
-1
1580
43
1581
8
1582
8
1583
118
1584
-1
1585
141
1586
120
1587
10
1588
20
1589
-1
1590
140
1591
168
1592
54
1593
135
1594
-1
1595
161
1596
148
1597
104
1598
74
1599
-1
1600
25
1601
104
1602
167
1603
139
1604
-1
1605
7
1606
52
1607
110
1608
155
1609
-1
1610
177
1611
14
1612
14
1613
127
1614
-1
1615
145
1616
3
1617
39
1618
8
1619
-1
1620
154
1621
65
1622
14
1623
75
1624
-1
1625
3
1626
143
1627
149
1628
46
1629
-1
1630
131
1631
8
1632
175
1633
28
1634
-1
1635
86
1636
22
1637
38
1638
105
1639
-1
1640
111
1641
34
1642
24
1643
4
1644
-1
1645
160
1646
10
1647
1
1648
179
1649
-1
1650
17
1651
18
1652
49
1653
161
1654
-1
1655
148
1656
95
1657
24
1658
66
1659
-1
1660
124
1661
39
1662
143
1663
147
1664
-1
1665
105
1666
43
1667
137
1668
105
1669
-1
1670
123
1671
157
1672
156
1673
116
1674
-1
1675
87
1676
70
1677
24
1678
99
1679
-1
1680
63
1681
80
1682
82
1683
52
1684
-1
1685
122
1686
116
1687
0
1688
149
1689
-1
1690
114
1691
101
1692
173
1693
175
1694
-1
1695
66
1696
81
1697
126
1698
55
1699
-1
1700
110
1701
133
1702
149
1703
112
1704
-1
1705
84
1706
127
1707
31
1708
12
1709
-1
1710
50
1711
157
1712
36
1713
67
1714
-1
1715
59
1716
116
1717
76
1718
99
1719
-1
1720
80
1721
175
1722
17
1723
110
1724
-1
1725
123
1726
111
1727
96
1728
141
1729
-1
1730
120
1731
132
1732
172
1733
125
1734
-1
1735
75
1736
141
1737
112
1738
21
1739
-1
1740
80
1741
123
1742
51
1743
179
1744
-1
1745
36
1746
144
1747
0
1748
54
1749
-1
1750
49
1751
123
1752
49
1753
43
1754
-1
1755
16
1756
46
1757
44
1758
21
1759
-1
1760
59
1761
123
1762
0
1763
30
1764
-1
1765
61
1766
50
1767
90
1768
10
1769
-1
1770
77
1771
106
1772
164
1773
24
1774
-1
1775
146
1776
106
1777
41
1778
105
1779
-1
1780
73
1781
146
1782
137
1783
79
1784
-1
1785
103
1786
107
1787
153
1788
127
1789
-1
1790
146
1791
178
1792
45
1793
20
1794
-1
1795
66
1796
33
1797
121
1798
6
1799
-1
1800
66
1801
83
1802
9
1803
89
1804
-1
1805
142
1806
2
1807
108
1808
39
1809
-1
1810
8
1811
76
1812
109
1813
10
1814
-1
1815
124
1816
132
1817
93
1818
144
1819
-1
1820
49
1821
162
1822
179
1823
22
1824
-1
1825
16
1826
104
1827
155
1828
129
1829
-1
1830
142
1831
21
1832
94
1833
41
1834
-1
1835
171
1836
30
1837
178
1838
99
1839
-1
1840
94
1841
175
1842
127
1843
25
1844
-1
1845
85
1846
32
1847
14
1848
63
1849
-1
1850
75
1851
148
1852
3
1853
147
1854
-1
1855
60
1856
56
1857
58
1858
3
1859
-1
1860
56
1861
41
1862
176
1863
21
1864
-1
1865
34
1866
20
1867
39
1868
10
1869
-1
1870
99
1871
150
1872
43
1873
149
1874
-1
1875
58
1876
38
1877
116
1878
123
1879
-1
1880
158
1881
106
1882
63
1883
6
1884
-1
1885
150
1886
20
1887
150
1888
127
1889
-1
1890
51
1891
79
1892
147
1893
24
1894
-1
1895
97
1896
176
1897
160
1898
92
1899
-1
1900
68
1901
41
1902
39
1903
0
1904
-1
1905
37
1906
166
1907
6
1908
88
1909
-1
1910
84
1911
12
1912
68
1913
1
1914
-1
1915
23
1916
135
1917
81
1918
84
1919
-1
1920
45
1921
123
1922
160
1923
78
1924
-1
1925
158
1926
97
1927
77
1928
34
1929
-1
1930
85
1931
140
1932
1
1933
94
1934
-1
1935
43
1936
150
1937
156
1938
138
1939
-1
1940
4
1941
137
1942
80
1943
96
1944
-1
1945
106
1946
59
1947
161
1948
97
1949
-1
1950
85
1951
3
1952
129
1953
57
1954
-1
1955
54
1956
83
1957
91
1958
81
1959
-1
1960
63
1961
16
1962
168
1963
125
1964
-1
1965
116
1966
148
1967
124
1968
5
1969
-1
1970
7
1971
120
1972
129
1973
11
1974
-1
1975
171
1976
70
1977
45
1978
24
1979
-1
1980
57
1981
97
1982
29
1983
74
1984
-1
1985
138
1986
164
1987
30
1988
29
1989
-1
1990
140
1991
94
1992
130
1993
33
1994
-1
1995
144
1996
117
1997
80
1998
140
1999
-1
