********************************************************************************
The planted motif0 is:
AGTCCTGTGAATCATTTTAAC
0
172
1
-1
2
22
3
-1
4
172
5
-1
6
12
7
-1
8
11
9
-1
10
148
11
-1
12
61
13
-1
14
163
15
-1
16
117
17
-1
18
164
19
-1
20
137
21
-1
22
163
23
-1
24
25
25
-1
26
72
27
-1
28
154
29
-1
30
149
31
-1
32
62
33
-1
34
62
35
-1
36
48
37
-1
38
89
39
-1
40
43
41
-1
42
8
43
-1
44
100
45
-1
46
74
47
-1
48
7
49
-1
50
142
51
-1
52
124
53
-1
54
82
55
-1
56
94
57
-1
58
125
59
-1
60
31
61
-1
62
77
63
-1
64
26
65
-1
66
177
67
-1
68
5
69
-1
70
108
71
-1
72
7
73
-1
74
35
75
-1
76
127
77
-1
78
149
79
-1
80
73
81
-1
82
24
83
-1
84
60
85
-1
86
93
87
-1
88
132
89
-1
90
13
91
-1
92
33
93
-1
94
159
95
-1
96
29
97
-1
98
36
99
-1
100
118
101
-1
102
163
103
-1
104
56
105
-1
106
19
107
-1
108
150
109
-1
110
87
111
-1
112
38
113
-1
114
105
115
-1
116
32
117
-1
118
129
119
-1
120
156
121
-1
122
120
123
-1
124
129
125
-1
126
32
127
-1
128
6
129
-1
130
54
131
-1
132
62
133
-1
134
100
135
-1
136
133
137
-1
138
42
139
-1
140
127
141
-1
142
13
143
-1
144
79
145
-1
146
98
147
-1
148
140
149
-1
150
164
151
-1
152
70
153
-1
154
51
155
-1
156
42
157
-1
158
10
159
-1
160
13
161
-1
162
171
163
-1
164
94
165
-1
166
69
167
-1
168
44
169
-1
170
34
171
-1
172
127
173
-1
174
15
175
-1
176
29
177
-1
178
158
179
-1
180
38
181
-1
182
68
183
-1
184
49
185
-1
186
176
187
-1
188
50
189
-1
190
104
191
-1
192
63
193
-1
194
38
195
-1
196
73
197
-1
198
151
199
-1
200
112
201
-1
202
179
203
-1
204
107
205
-1
206
112
207
-1
208
148
209
-1
210
13
211
-1
212
40
213
-1
214
117
215
-1
216
145
217
-1
218
112
219
-1
220
106
221
-1
222
143
223
-1
224
172
225
-1
226
163
227
-1
228
149
229
-1
230
11
231
-1
232
70
233
-1
234
63
235
-1
236
137
237
-1
238
100
239
-1
240
147
241
-1
242
58
243
-1
244
83
245
-1
246
103
247
-1
248
88
249
-1
250
107
251
-1
252
137
253
-1
254
96
255
-1
256
90
257
-1
258
9
259
-1
260
89
261
-1
262
35
263
-1
264
138
265
-1
266
60
267
-1
268
170
269
-1
270
150
271
-1
272
69
273
-1
274
146
275
-1
276
73
277
-1
278
112
279
-1
280
20
281
-1
282
51
283
-1
284
141
285
-1
286
58
287
-1
288
177
289
-1
290
100
291
-1
292
75
293
-1
294
144
295
-1
296
166
297
-1
298
144
299
-1
300
41
301
-1
302
44
303
-1
304
137
305
-1
306
60
307
-1
308
42
309
-1
310
26
311
-1
312
108
313
-1
314
123
315
-1
316
87
317
-1
318
158
319
-1
320
134
321
-1
322
49
323
-1
324
97
325
-1
326
179
327
-1
328
142
329
-1
330
81
331
-1
332
121
333
-1
334
119
335
-1
336
166
337
-1
338
52
339
-1
340
64
341
-1
342
79
343
-1
344
104
345
-1
346
114
347
-1
348
57
349
-1
350
59
351
-1
352
30
353
-1
354
96
355
-1
356
130
357
-1
358
170
359
-1
360
7
361
-1
362
145
363
-1
364
31
365
-1
366
18
367
-1
368
172
369
-1
370
169
371
-1
372
50
373
-1
374
17
375
-1
376
150
377
-1
378
167
379
-1
380
137
381
-1
382
30
383
-1
384
66
385
-1
386
80
387
-1
388
129
389
-1
390
51
391
-1
392
58
393
-1
394
116
395
-1
396
64
397
-1
398
87
399
-1
400
115
401
-1
402
41
403
-1
404
81
405
-1
406
7
407
-1
408
30
409
-1
410
151
411
-1
412
139
413
-1
414
61
415
-1
416
45
417
-1
418
95
419
-1
420
152
421
-1
422
22
423
-1
424
149
425
-1
426
64
427
-1
428
31
429
-1
430
132
431
-1
432
78
433
-1
434
155
435
-1
436
24
437
-1
438
98
439
-1
440
114
441
-1
442
49
443
-1
444
92
445
-1
446
27
447
-1
448
118
449
-1
450
68
451
-1
452
15
453
-1
454
62
455
-1
456
23
457
-1
458
14
459
-1
460
7
461
-1
462
51
463
-1
464
127
465
-1
466
46
467
-1
468
64
469
-1
470
55
471
-1
472
44
473
-1
474
95
475
-1
476
164
477
-1
478
96
479
-1
480
97
481
-1
482
58
483
-1
484
61
485
-1
486
67
487
-1
488
77
489
-1
490
167
491
-1
492
161
493
-1
494
40
495
-1
496
141
497
-1
498
100
499
-1
500
30
501
-1
502
55
503
-1
504
106
505
-1
506
40
507
-1
508
34
509
-1
510
146
511
-1
512
178
513
-1
514
177
515
-1
516
51
517
-1
518
175
519
-1
520
65
521
-1
522
114
523
-1
524
47
525
-1
526
40
527
-1
528
70
529
-1
530
11
531
-1
532
3
533
-1
534
22
535
-1
536
149
537
-1
538
11
539
-1
540
111
541
-1
542
144
543
-1
544
115
545
-1
546
98
547
-1
548
142
549
-1
550
27
551
-1
552
70
553
-1
554
10
555
-1
556
143
557
-1
558
2
559
-1
560
61
561
-1
562
167
563
-1
564
1
565
-1
566
128
567
-1
568
16
569
-1
570
58
571
-1
572
16
573
-1
574
77
575
-1
576
93
577
-1
578
77
579
-1
580
165
581
-1
582
67
583
-1
584
94
585
-1
586
16
587
-1
588
89
589
-1
590
52
591
-1
592
17
593
-1
594
73
595
-1
596
63
597
-1
598
63
599
-1
600
80
601
-1
602
179
603
-1
604
96
605
-1
606
122
607
-1
608
60
609
-1
610
155
611
-1
612
154
613
-1
614
88
615
-1
616
158
617
-1
618
90
619
-1
620
32
621
-1
622
151
623
-1
624
7
625
-1
626
45
627
-1
628
16
629
-1
630
64
631
-1
632
154
633
-1
634
122
635
-1
636
0
637
-1
638
95
639
-1
640
96
641
-1
642
46
643
-1
644
25
645
-1
646
64
647
-1
648
135
649
-1
650
111
651
-1
652
123
653
-1
654
94
655
-1
656
22
657
-1
658
59
659
-1
660
120
661
-1
662
141
663
-1
664
106
665
-1
666
69
667
-1
668
85
669
-1
670
56
671
-1
672
68
673
-1
674
93
675
-1
676
64
677
-1
678
12
679
-1
680
129
681
-1
682
68
683
-1
684
17
685
-1
686
83
687
-1
688
170
689
-1
690
43
691
-1
692
175
693
-1
694
26
695
-1
696
29
697
-1
698
88
699
-1
700
142
701
-1
702
66
703
-1
704
49
705
-1
706
115
707
-1
708
67
709
-1
710
117
711
-1
712
73
713
-1
714
169
715
-1
716
123
717
-1
718
72
719
-1
720
131
721
-1
722
97
723
-1
724
4
725
-1
726
92
727
-1
728
118
729
-1
730
119
731
-1
732
54
733
-1
734
146
735
-1
736
17
737
-1
738
62
739
-1
740
20
741
-1
742
18
743
-1
744
86
745
-1
746
49
747
-1
748
17
749
-1
750
176
751
-1
752
136
753
-1
754
161
755
-1
756
51
757
-1
758
3
759
-1
760
138
761
-1
762
67
763
-1
764
82
765
-1
766
160
767
-1
768
50
769
-1
770
36
771
-1
772
118
773
-1
774
1
775
-1
776
167
777
-1
778
85
779
-1
780
83
781
-1
782
78
783
-1
784
169
785
-1
786
162
787
-1
788
177
789
-1
790
85
791
-1
792
15
793
-1
794
130
795
-1
796
6
797
-1
798
119
799
-1
800
27
801
-1
802
30
803
-1
804
169
805
-1
806
51
807
-1
808
94
809
-1
810
64
811
-1
812
26
813
-1
814
67
815
-1
816
134
817
-1
818
34
819
-1
820
19
821
-1
822
36
823
-1
824
1
825
-1
826
4
827
-1
828
176
829
-1
830
116
831
-1
832
133
833
-1
834
134
835
-1
836
156
837
-1
838
152
839
-1
840
79
841
-1
842
163
843
-1
844
100
845
-1
846
84
847
-1
848
97
849
-1
850
161
851
-1
852
87
853
-1
854
168
855
-1
856
129
857
-1
858
47
859
-1
860
97
861
-1
862
40
863
-1
864
95
865
-1
866
162
867
-1
868
83
869
-1
870
25
871
-1
872
38
873
-1
874
38
875
-1
876
71
877
-1
878
108
879
-1
880
179
881
-1
882
33
883
-1
884
5
885
-1
886
140
887
-1
888
47
889
-1
890
126
891
-1
892
160
893
-1
894
71
895
-1
896
154
897
-1
898
76
899
-1
900
56
901
-1
902
68
903
-1
904
147
905
-1
906
76
907
-1
908
171
909
-1
910
15
911
-1
912
172
913
-1
914
96
915
-1
916
12
917
-1
918
45
919
-1
920
174
921
-1
922
64
923
-1
924
86
925
-1
926
15
927
-1
928
103
929
-1
930
160
931
-1
932
114
933
-1
934
86
935
-1
936
37
937
-1
938
155
939
-1
940
113
941
-1
942
133
943
-1
944
26
945
-1
946
77
947
-1
948
134
949
-1
950
69
951
-1
952
68
953
-1
954
89
955
-1
956
23
957
-1
958
176
959
-1
960
66
961
-1
962
96
963
-1
964
14
965
-1
966
33
967
-1
968
84
969
-1
970
176
971
-1
972
178
973
-1
974
147
975
-1
976
124
977
-1
978
16
979
-1
980
30
981
-1
982
165
983
-1
984
163
985
-1
986
166
987
-1
988
52
989
-1
990
77
991
-1
992
27
993
-1
994
20
995
-1
996
127
997
-1
998
71
999
-1
