********************************************************************************
The planted motif0 is:
TTTCGTGCTGTTAAG
0
47
1
162
2
63
3
112
4
-1
5
92
6
154
7
135
8
60
9
-1
10
60
11
138
12
25
13
141
14
-1
15
115
16
121
17
137
18
151
19
-1
20
140
21
182
22
76
23
38
24
-1
25
157
26
49
27
166
28
0
29
-1
30
125
31
30
32
55
33
18
34
-1
35
24
36
173
37
175
38
0
39
-1
40
142
41
50
42
93
43
162
44
-1
45
69
46
140
47
135
48
40
49
-1
50
142
51
143
52
129
53
109
54
-1
55
90
56
146
57
39
58
7
59
-1
60
27
61
48
62
10
63
32
64
-1
65
158
66
114
67
71
68
167
69
-1
70
172
71
23
72
56
73
137
74
-1
75
101
76
94
77
168
78
161
79
-1
80
2
81
15
82
110
83
77
84
-1
85
28
86
171
87
122
88
38
89
-1
90
147
91
12
92
134
93
39
94
-1
95
32
96
58
97
74
98
129
99
-1
100
143
101
100
102
153
103
12
104
-1
105
76
106
135
107
102
108
21
109
-1
110
154
111
63
112
152
113
166
114
-1
115
35
116
19
117
31
118
150
119
-1
120
154
121
88
122
85
123
109
124
-1
125
178
126
0
127
150
128
136
129
-1
130
177
131
123
132
77
133
78
134
-1
135
96
136
177
137
115
138
117
139
-1
140
49
141
66
142
75
143
67
144
-1
145
131
146
101
147
59
148
109
149
-1
150
0
151
100
152
103
153
54
154
-1
155
132
156
184
157
142
158
123
159
-1
160
111
161
17
162
182
163
150
164
-1
165
81
166
179
167
134
168
15
169
-1
170
116
171
39
172
35
173
66
174
-1
175
49
176
95
177
25
178
36
179
-1
180
3
181
4
182
129
183
45
184
-1
185
50
186
37
187
74
188
134
189
-1
190
166
191
119
192
19
193
166
194
-1
195
184
196
7
197
72
198
10
199
-1
200
163
201
162
202
182
203
185
204
-1
205
74
206
6
207
68
208
119
209
-1
210
103
211
158
212
0
213
63
214
-1
215
105
216
69
217
36
218
131
219
-1
220
185
221
45
222
131
223
14
224
-1
225
159
226
169
227
151
228
184
229
-1
230
78
231
46
232
84
233
69
234
-1
235
113
236
85
237
176
238
34
239
-1
240
103
241
65
242
40
243
100
244
-1
245
32
246
37
247
153
248
105
249
-1
250
80
251
129
252
160
253
5
254
-1
255
71
256
145
257
27
258
117
259
-1
260
146
261
110
262
173
263
89
264
-1
265
28
266
147
267
7
268
159
269
-1
270
6
271
170
272
159
273
159
274
-1
275
105
276
94
277
104
278
60
279
-1
280
133
281
87
282
166
283
133
284
-1
285
47
286
45
287
110
288
29
289
-1
290
180
291
74
292
76
293
53
294
-1
295
25
296
132
297
176
298
131
299
-1
300
62
301
30
302
38
303
99
304
-1
305
82
306
172
307
32
308
64
309
-1
310
2
311
40
312
32
313
15
314
-1
315
62
316
89
317
24
318
101
319
-1
320
7
321
14
322
176
323
45
324
-1
325
34
326
171
327
17
328
170
329
-1
330
169
331
72
332
77
333
77
334
-1
335
157
336
10
337
60
338
59
339
-1
340
92
341
159
342
101
343
97
344
-1
345
160
346
134
347
135
348
24
349
-1
350
62
351
141
352
129
353
17
354
-1
355
156
356
106
357
90
358
164
359
-1
360
117
361
63
362
121
363
157
364
-1
365
163
366
171
367
135
368
35
369
-1
370
30
371
61
372
159
373
25
374
-1
375
165
376
124
377
113
378
91
379
-1
380
105
381
126
382
120
383
34
384
-1
385
28
386
124
387
148
388
69
389
-1
390
93
391
173
392
131
393
39
394
-1
395
104
396
48
397
57
398
92
399
-1
400
81
401
72
402
176
403
165
404
-1
405
18
406
18
407
113
408
170
409
-1
410
170
411
47
412
147
413
83
414
-1
415
55
416
46
417
35
418
83
419
-1
420
47
421
1
422
58
423
3
424
-1
425
113
426
179
427
9
428
47
429
-1
430
126
431
78
432
102
433
26
434
-1
435
146
436
135
437
34
438
24
439
-1
440
92
441
86
442
125
443
33
444
-1
445
167
446
144
447
135
448
7
449
-1
450
103
451
183
452
67
453
147
454
-1
455
84
456
41
457
169
458
37
459
-1
460
50
461
163
462
8
463
182
464
-1
465
52
466
39
467
47
468
129
469
-1
470
123
471
180
472
135
473
74
474
-1
475
101
476
137
477
51
478
5
479
-1
480
24
481
185
482
171
483
44
484
-1
485
63
486
7
487
75
488
113
489
-1
490
0
491
121
492
67
493
136
494
-1
495
165
496
63
497
22
498
25
499
-1
500
4
501
33
502
59
503
101
504
-1
505
130
506
79
507
23
508
13
509
-1
510
95
511
119
512
185
513
156
514
-1
515
14
516
160
517
63
518
176
519
-1
520
58
521
64
522
169
523
9
524
-1
525
1
526
157
527
110
528
73
529
-1
530
115
531
174
532
132
533
62
534
-1
535
59
536
91
537
81
538
50
539
-1
540
174
541
76
542
26
543
88
544
-1
545
106
546
111
547
52
548
64
549
-1
550
113
551
133
552
178
553
106
554
-1
555
113
556
53
557
72
558
31
559
-1
560
35
561
84
562
54
563
173
564
-1
565
21
566
156
567
177
568
182
569
-1
570
73
571
61
572
99
573
50
574
-1
575
116
576
100
577
67
578
137
579
-1
580
182
581
5
582
72
583
176
584
-1
585
120
586
27
587
134
588
48
589
-1
590
182
591
69
592
147
593
159
594
-1
595
174
596
115
597
100
598
33
599
-1
600
162
601
53
602
182
603
73
604
-1
605
44
606
112
607
66
608
175
609
-1
610
127
611
1
612
153
613
113
614
-1
615
171
616
141
617
54
618
54
619
-1
620
127
621
8
622
94
623
136
624
-1
625
46
626
82
627
136
628
91
629
-1
630
46
631
174
632
144
633
10
634
-1
635
120
636
102
637
98
638
173
639
-1
640
108
641
80
642
13
643
103
644
-1
645
37
646
93
647
37
648
147
649
-1
650
25
651
13
652
59
653
73
654
-1
655
63
656
29
657
49
658
45
659
-1
660
76
661
82
662
18
663
168
664
-1
665
9
666
0
667
105
668
85
669
-1
670
161
671
130
672
145
673
185
674
-1
675
71
676
32
677
48
678
30
679
-1
680
175
681
89
682
106
683
40
684
-1
685
21
686
172
687
7
688
57
689
-1
690
180
691
98
692
15
693
182
694
-1
695
176
696
145
697
86
698
168
699
-1
700
143
701
182
702
92
703
41
704
-1
705
79
706
54
707
173
708
61
709
-1
710
12
711
102
712
14
713
15
714
-1
715
168
716
155
717
108
718
107
719
-1
720
135
721
29
722
57
723
139
724
-1
725
140
726
31
727
139
728
152
729
-1
730
86
731
62
732
67
733
129
734
-1
735
21
736
173
737
1
738
147
739
-1
740
105
741
146
742
59
743
139
744
-1
745
182
746
103
747
84
748
27
749
-1
750
52
751
63
752
8
753
167
754
-1
755
48
756
67
757
173
758
123
759
-1
760
113
761
185
762
21
763
59
764
-1
765
78
766
165
767
19
768
156
769
-1
770
72
771
106
772
164
773
50
774
-1
775
180
776
182
777
0
778
61
779
-1
780
4
781
107
782
144
783
161
784
-1
785
71
786
102
787
75
788
113
789
-1
790
29
791
56
792
80
793
113
794
-1
795
36
796
144
797
159
798
126
799
-1
800
27
801
119
802
59
803
154
804
-1
805
60
806
137
807
182
808
104
809
-1
810
157
811
96
812
139
813
73
814
-1
815
85
816
93
817
137
818
104
819
-1
820
9
821
28
822
28
823
24
824
-1
825
2
826
85
827
104
828
3
829
-1
830
161
831
87
832
35
833
125
834
-1
835
155
836
77
837
57
838
61
839
-1
840
69
841
132
842
66
843
59
844
-1
845
34
846
20
847
97
848
165
849
-1
850
174
851
82
852
142
853
142
854
-1
855
27
856
61
857
132
858
56
859
-1
860
149
861
114
862
103
863
95
864
-1
865
42
866
81
867
85
868
140
869
-1
870
150
871
104
872
107
873
111
874
-1
875
54
876
100
877
57
878
142
879
-1
880
92
881
141
882
129
883
146
884
-1
885
88
886
150
887
5
888
11
889
-1
890
83
891
24
892
94
893
167
894
-1
895
39
896
148
897
77
898
183
899
-1
900
101
901
148
902
71
903
53
904
-1
905
145
906
7
907
120
908
169
909
-1
910
130
911
146
912
147
913
117
914
-1
915
114
916
12
917
93
918
0
919
-1
920
100
921
42
922
7
923
177
924
-1
925
133
926
80
927
139
928
74
929
-1
930
11
931
40
932
13
933
123
934
-1
935
103
936
11
937
55
938
113
939
-1
940
72
941
60
942
163
943
12
944
-1
945
29
946
54
947
14
948
140
949
-1
950
112
951
139
952
85
953
14
954
-1
955
61
956
87
957
181
958
17
959
-1
960
40
961
19
962
106
963
159
964
-1
965
184
966
53
967
173
968
127
969
-1
970
103
971
76
972
56
973
94
974
-1
975
63
976
75
977
30
978
112
979
-1
980
46
981
72
982
115
983
29
984
-1
985
61
986
28
987
146
988
171
989
-1
990
33
991
163
992
113
993
20
994
-1
995
112
996
90
997
103
998
61
999
-1
1000
131
1001
121
1002
32
1003
145
1004
-1
1005
154
1006
56
1007
130
1008
17
1009
-1
1010
111
1011
12
1012
78
1013
141
1014
-1
1015
2
1016
163
1017
53
1018
83
1019
-1
1020
152
1021
84
1022
130
1023
133
1024
-1
1025
144
1026
139
1027
5
1028
177
1029
-1
1030
185
1031
50
1032
53
1033
69
1034
-1
1035
2
1036
98
1037
151
1038
41
1039
-1
1040
42
1041
184
1042
10
1043
132
1044
-1
1045
16
1046
2
1047
34
1048
135
1049
-1
1050
36
1051
3
1052
101
1053
55
1054
-1
1055
5
1056
171
1057
123
1058
47
1059
-1
1060
134
1061
165
1062
29
1063
146
1064
-1
1065
67
1066
10
1067
52
1068
154
1069
-1
1070
148
1071
40
1072
75
1073
38
1074
-1
1075
94
1076
138
1077
60
1078
91
1079
-1
1080
125
1081
114
1082
4
1083
134
1084
-1
1085
130
1086
31
1087
19
1088
126
1089
-1
1090
153
1091
23
1092
179
1093
134
1094
-1
1095
109
1096
41
1097
176
1098
163
1099
-1
1100
163
1101
166
1102
22
1103
76
1104
-1
1105
120
1106
77
1107
59
1108
98
1109
-1
1110
49
1111
168
1112
140
1113
147
1114
-1
1115
20
1116
86
1117
27
1118
120
1119
-1
1120
29
1121
68
1122
132
1123
131
1124
-1
1125
7
1126
71
1127
57
1128
181
1129
-1
1130
97
1131
42
1132
114
1133
24
1134
-1
1135
106
1136
64
1137
142
1138
141
1139
-1
1140
123
1141
47
1142
18
1143
97
1144
-1
1145
119
1146
95
1147
84
1148
55
1149
-1
1150
66
1151
72
1152
102
1153
21
1154
-1
1155
128
1156
92
1157
36
1158
151
1159
-1
1160
168
1161
14
1162
145
1163
23
1164
-1
1165
140
1166
179
1167
63
1168
71
1169
-1
1170
109
1171
62
1172
155
1173
36
1174
-1
1175
120
1176
71
1177
60
1178
88
1179
-1
1180
110
1181
5
1182
27
1183
10
1184
-1
1185
19
1186
53
1187
119
1188
64
1189
-1
1190
24
1191
107
1192
43
1193
2
1194
-1
1195
116
1196
111
1197
153
1198
99
1199
-1
1200
131
1201
139
1202
57
1203
83
1204
-1
1205
78
1206
56
1207
62
1208
53
1209
-1
1210
47
1211
70
1212
78
1213
25
1214
-1
1215
41
1216
92
1217
36
1218
67
1219
-1
1220
157
1221
120
1222
150
1223
32
1224
-1
1225
6
1226
159
1227
157
1228
92
1229
-1
1230
64
1231
138
1232
57
1233
175
1234
-1
1235
117
1236
182
1237
100
1238
140
1239
-1
1240
25
1241
142
1242
22
1243
96
1244
-1
1245
121
1246
68
1247
106
1248
68
1249
-1
1250
183
1251
110
1252
42
1253
126
1254
-1
1255
14
1256
111
1257
11
1258
2
1259
-1
1260
1
1261
17
1262
167
1263
22
1264
-1
1265
78
1266
75
1267
7
1268
144
1269
-1
1270
174
1271
140
1272
51
1273
168
1274
-1
1275
162
1276
173
1277
70
1278
87
1279
-1
1280
44
1281
168
1282
80
1283
179
1284
-1
1285
20
1286
175
1287
29
1288
52
1289
-1
1290
166
1291
65
1292
175
1293
120
1294
-1
1295
21
1296
66
1297
167
1298
122
1299
-1
1300
154
1301
20
1302
41
1303
129
1304
-1
1305
77
1306
76
1307
113
1308
72
1309
-1
1310
121
1311
151
1312
79
1313
12
1314
-1
1315
132
1316
123
1317
146
1318
177
1319
-1
1320
63
1321
127
1322
114
1323
16
1324
-1
1325
183
1326
136
1327
97
1328
143
1329
-1
1330
169
1331
83
1332
103
1333
103
1334
-1
1335
10
1336
34
1337
84
1338
88
1339
-1
1340
83
1341
136
1342
126
1343
127
1344
-1
1345
75
1346
6
1347
169
1348
140
1349
-1
1350
112
1351
141
1352
138
1353
106
1354
-1
1355
143
1356
32
1357
91
1358
12
1359
-1
1360
100
1361
20
1362
112
1363
27
1364
-1
1365
181
1366
122
1367
86
1368
84
1369
-1
1370
28
1371
104
1372
22
1373
14
1374
-1
1375
179
1376
137
1377
82
1378
10
1379
-1
1380
7
1381
75
1382
111
1383
155
1384
-1
1385
182
1386
128
1387
94
1388
1
1389
-1
1390
73
1391
85
1392
89
1393
88
1394
-1
1395
142
1396
17
1397
9
1398
165
1399
-1
1400
179
1401
96
1402
98
1403
35
1404
-1
1405
97
1406
63
1407
28
1408
172
1409
-1
1410
183
1411
138
1412
38
1413
99
1414
-1
1415
114
1416
138
1417
149
1418
100
1419
-1
1420
114
1421
136
1422
10
1423
128
1424
-1
1425
101
1426
32
1427
151
1428
95
1429
-1
1430
55
1431
70
1432
82
1433
57
1434
-1
1435
185
1436
130
1437
17
1438
22
1439
-1
1440
148
1441
72
1442
109
1443
103
1444
-1
1445
151
1446
155
1447
12
1448
85
1449
-1
1450
64
1451
84
1452
162
1453
1
1454
-1
1455
181
1456
44
1457
28
1458
67
1459
-1
1460
36
1461
174
1462
74
1463
109
1464
-1
1465
66
1466
43
1467
24
1468
142
1469
-1
1470
33
1471
167
1472
183
1473
45
1474
-1
1475
115
1476
174
1477
34
1478
131
1479
-1
1480
17
1481
183
1482
6
1483
123
1484
-1
1485
102
1486
174
1487
113
1488
112
1489
-1
1490
117
1491
184
1492
181
1493
122
1494
-1
1495
177
1496
36
1497
30
1498
73
1499
-1
1500
159
1501
116
1502
71
1503
38
1504
-1
1505
77
1506
176
1507
124
1508
105
1509
-1
1510
176
1511
170
1512
89
1513
172
1514
-1
1515
182
1516
80
1517
27
1518
47
1519
-1
1520
47
1521
87
1522
121
1523
138
1524
-1
1525
3
1526
179
1527
107
1528
156
1529
-1
1530
97
1531
127
1532
124
1533
153
1534
-1
1535
101
1536
130
1537
81
1538
137
1539
-1
1540
82
1541
159
1542
92
1543
33
1544
-1
1545
17
1546
124
1547
115
1548
23
1549
-1
1550
10
1551
32
1552
26
1553
138
1554
-1
1555
156
1556
173
1557
146
1558
83
1559
-1
1560
143
1561
43
1562
13
1563
167
1564
-1
1565
185
1566
93
1567
88
1568
161
1569
-1
1570
165
1571
87
1572
178
1573
44
1574
-1
1575
82
1576
108
1577
169
1578
15
1579
-1
1580
96
1581
86
1582
182
1583
56
1584
-1
1585
39
1586
160
1587
82
1588
114
1589
-1
1590
165
1591
70
1592
111
1593
10
1594
-1
1595
66
1596
96
1597
182
1598
151
1599
-1
1600
28
1601
115
1602
7
1603
99
1604
-1
1605
22
1606
49
1607
54
1608
171
1609
-1
1610
31
1611
58
1612
84
1613
75
1614
-1
1615
25
1616
30
1617
127
1618
70
1619
-1
1620
122
1621
93
1622
166
1623
149
1624
-1
1625
49
1626
59
1627
49
1628
59
1629
-1
1630
131
1631
9
1632
49
1633
168
1634
-1
1635
127
1636
117
1637
167
1638
129
1639
-1
1640
17
1641
176
1642
169
1643
110
1644
-1
1645
86
1646
133
1647
71
1648
50
1649
-1
1650
43
1651
92
1652
53
1653
172
1654
-1
1655
20
1656
72
1657
41
1658
176
1659
-1
1660
5
1661
94
1662
85
1663
42
1664
-1
1665
54
1666
54
1667
30
1668
97
1669
-1
1670
63
1671
160
1672
120
1673
66
1674
-1
1675
122
1676
127
1677
34
1678
66
1679
-1
1680
12
1681
95
1682
7
1683
19
1684
-1
1685
12
1686
0
1687
122
1688
121
1689
-1
1690
50
1691
2
1692
8
1693
128
1694
-1
1695
107
1696
25
1697
5
1698
138
1699
-1
1700
138
1701
49
1702
165
1703
95
1704
-1
1705
54
1706
57
1707
58
1708
68
1709
-1
1710
119
1711
114
1712
4
1713
92
1714
-1
1715
76
1716
90
1717
92
1718
136
1719
-1
1720
94
1721
170
1722
93
1723
94
1724
-1
1725
145
1726
98
1727
16
1728
44
1729
-1
1730
73
1731
65
1732
19
1733
162
1734
-1
1735
81
1736
145
1737
12
1738
94
1739
-1
1740
73
1741
65
1742
176
1743
149
1744
-1
1745
144
1746
144
1747
161
1748
3
1749
-1
1750
182
1751
182
1752
141
1753
1
1754
-1
1755
151
1756
6
1757
38
1758
115
1759
-1
1760
64
1761
134
1762
81
1763
71
1764
-1
1765
101
1766
120
1767
69
1768
37
1769
-1
1770
123
1771
17
1772
139
1773
181
1774
-1
1775
152
1776
97
1777
15
1778
158
1779
-1
1780
93
1781
9
1782
86
1783
71
1784
-1
1785
89
1786
144
1787
24
1788
117
1789
-1
1790
54
1791
31
1792
30
1793
64
1794
-1
1795
99
1796
90
1797
76
1798
77
1799
-1
1800
124
1801
139
1802
135
1803
154
1804
-1
1805
55
1806
68
1807
180
1808
19
1809
-1
1810
117
1811
113
1812
110
1813
16
1814
-1
1815
59
1816
144
1817
35
1818
141
1819
-1
1820
144
1821
174
1822
90
1823
59
1824
-1
1825
43
1826
2
1827
54
1828
99
1829
-1
1830
121
1831
19
1832
26
1833
10
1834
-1
1835
27
1836
184
1837
59
1838
52
1839
-1
1840
60
1841
121
1842
165
1843
32
1844
-1
1845
163
1846
3
1847
6
1848
49
1849
-1
1850
100
1851
123
1852
154
1853
151
1854
-1
1855
31
1856
61
1857
144
1858
79
1859
-1
1860
51
1861
49
1862
107
1863
27
1864
-1
1865
100
1866
68
1867
63
1868
70
1869
-1
1870
116
1871
122
1872
122
1873
24
1874
-1
1875
84
1876
150
1877
9
1878
178
1879
-1
1880
10
1881
103
1882
87
1883
113
1884
-1
1885
82
1886
141
1887
80
1888
1
1889
-1
1890
79
1891
48
1892
43
1893
89
1894
-1
1895
87
1896
19
1897
150
1898
140
1899
-1
1900
114
1901
94
1902
10
1903
122
1904
-1
1905
141
1906
23
1907
141
1908
144
1909
-1
1910
42
1911
101
1912
12
1913
159
1914
-1
1915
6
1916
151
1917
7
1918
21
1919
-1
1920
28
1921
167
1922
174
1923
40
1924
-1
1925
127
1926
58
1927
95
1928
21
1929
-1
1930
153
1931
79
1932
61
1933
181
1934
-1
1935
137
1936
4
1937
25
1938
47
1939
-1
1940
163
1941
168
1942
169
1943
43
1944
-1
1945
159
1946
119
1947
12
1948
40
1949
-1
1950
60
1951
58
1952
39
1953
176
1954
-1
1955
138
1956
171
1957
152
1958
132
1959
-1
1960
81
1961
123
1962
34
1963
119
1964
-1
1965
140
1966
110
1967
7
1968
130
1969
-1
1970
119
1971
27
1972
95
1973
48
1974
-1
1975
97
1976
33
1977
64
1978
77
1979
-1
1980
165
1981
106
1982
12
1983
44
1984
-1
1985
145
1986
117
1987
94
1988
150
1989
-1
1990
36
1991
6
1992
104
1993
75
1994
-1
1995
54
1996
81
1997
87
1998
4
1999
-1
