********************************************************************************
The planted motif0 is:
ACATCTATGGCCCTCCCTCGA
0
71
1
-1
2
160
3
-1
4
43
5
-1
6
161
7
-1
8
6
9
-1
10
115
11
-1
12
109
13
-1
14
142
15
-1
16
62
17
-1
18
114
19
-1
20
4
21
-1
22
163
23
-1
24
87
25
-1
26
171
27
-1
28
147
29
-1
30
3
31
-1
32
75
33
-1
34
112
35
-1
36
172
37
-1
38
138
39
-1
40
164
41
-1
42
27
43
-1
44
148
45
-1
46
132
47
-1
48
163
49
-1
50
2
51
-1
52
32
53
-1
54
153
55
-1
56
113
57
-1
58
140
59
-1
60
172
61
-1
62
22
63
-1
64
172
65
-1
66
12
67
-1
68
11
69
-1
70
148
71
-1
72
61
73
-1
74
163
75
-1
76
117
77
-1
78
164
79
-1
80
137
81
-1
82
163
83
-1
84
25
85
-1
86
72
87
-1
88
154
89
-1
90
149
91
-1
92
62
93
-1
94
62
95
-1
96
48
97
-1
98
89
99
-1
100
43
101
-1
102
8
103
-1
104
100
105
-1
106
74
107
-1
108
7
109
-1
110
142
111
-1
112
124
113
-1
114
82
115
-1
116
94
117
-1
118
125
119
-1
120
31
121
-1
122
77
123
-1
124
26
125
-1
126
177
127
-1
128
5
129
-1
130
108
131
-1
132
7
133
-1
134
35
135
-1
136
127
137
-1
138
149
139
-1
140
73
141
-1
142
24
143
-1
144
60
145
-1
146
93
147
-1
148
132
149
-1
150
13
151
-1
152
33
153
-1
154
159
155
-1
156
29
157
-1
158
36
159
-1
160
118
161
-1
162
163
163
-1
164
56
165
-1
166
19
167
-1
168
150
169
-1
170
87
171
-1
172
38
173
-1
174
105
175
-1
176
32
177
-1
178
129
179
-1
180
156
181
-1
182
120
183
-1
184
129
185
-1
186
32
187
-1
188
6
189
-1
190
54
191
-1
192
62
193
-1
194
100
195
-1
196
133
197
-1
198
42
199
-1
200
127
201
-1
202
13
203
-1
204
79
205
-1
206
98
207
-1
208
140
209
-1
210
164
211
-1
212
70
213
-1
214
51
215
-1
216
42
217
-1
218
10
219
-1
220
13
221
-1
222
171
223
-1
224
94
225
-1
226
69
227
-1
228
44
229
-1
230
34
231
-1
232
127
233
-1
234
15
235
-1
236
29
237
-1
238
158
239
-1
240
38
241
-1
242
68
243
-1
244
49
245
-1
246
176
247
-1
248
50
249
-1
250
104
251
-1
252
63
253
-1
254
38
255
-1
256
73
257
-1
258
151
259
-1
260
112
261
-1
262
179
263
-1
264
107
265
-1
266
112
267
-1
268
148
269
-1
270
13
271
-1
272
40
273
-1
274
117
275
-1
276
145
277
-1
278
112
279
-1
280
106
281
-1
282
143
283
-1
284
172
285
-1
286
163
287
-1
288
149
289
-1
290
11
291
-1
292
70
293
-1
294
63
295
-1
296
137
297
-1
298
100
299
-1
300
147
301
-1
302
58
303
-1
304
83
305
-1
306
103
307
-1
308
88
309
-1
310
107
311
-1
312
137
313
-1
314
96
315
-1
316
90
317
-1
318
9
319
-1
320
89
321
-1
322
35
323
-1
324
138
325
-1
326
60
327
-1
328
170
329
-1
330
150
331
-1
332
69
333
-1
334
146
335
-1
336
73
337
-1
338
112
339
-1
340
20
341
-1
342
51
343
-1
344
141
345
-1
346
58
347
-1
348
177
349
-1
350
100
351
-1
352
75
353
-1
354
144
355
-1
356
166
357
-1
358
144
359
-1
360
41
361
-1
362
44
363
-1
364
137
365
-1
366
60
367
-1
368
42
369
-1
370
26
371
-1
372
108
373
-1
374
123
375
-1
376
87
377
-1
378
158
379
-1
380
134
381
-1
382
49
383
-1
384
97
385
-1
386
179
387
-1
388
142
389
-1
390
81
391
-1
392
121
393
-1
394
119
395
-1
396
166
397
-1
398
52
399
-1
400
64
401
-1
402
79
403
-1
404
104
405
-1
406
114
407
-1
408
57
409
-1
410
59
411
-1
412
30
413
-1
414
96
415
-1
416
130
417
-1
418
170
419
-1
420
7
421
-1
422
145
423
-1
424
31
425
-1
426
18
427
-1
428
172
429
-1
430
169
431
-1
432
50
433
-1
434
17
435
-1
436
150
437
-1
438
167
439
-1
440
137
441
-1
442
30
443
-1
444
66
445
-1
446
80
447
-1
448
129
449
-1
450
51
451
-1
452
58
453
-1
454
116
455
-1
456
64
457
-1
458
87
459
-1
460
115
461
-1
462
41
463
-1
464
81
465
-1
466
7
467
-1
468
30
469
-1
470
151
471
-1
472
139
473
-1
474
61
475
-1
476
45
477
-1
478
95
479
-1
480
152
481
-1
482
22
483
-1
484
149
485
-1
486
64
487
-1
488
31
489
-1
490
132
491
-1
492
78
493
-1
494
155
495
-1
496
24
497
-1
498
98
499
-1
500
114
501
-1
502
49
503
-1
504
92
505
-1
506
27
507
-1
508
118
509
-1
510
68
511
-1
512
15
513
-1
514
62
515
-1
516
23
517
-1
518
14
519
-1
520
7
521
-1
522
51
523
-1
524
127
525
-1
526
46
527
-1
528
64
529
-1
530
55
531
-1
532
44
533
-1
534
95
535
-1
536
164
537
-1
538
96
539
-1
540
97
541
-1
542
58
543
-1
544
61
545
-1
546
67
547
-1
548
77
549
-1
550
167
551
-1
552
161
553
-1
554
40
555
-1
556
141
557
-1
558
100
559
-1
560
30
561
-1
562
55
563
-1
564
106
565
-1
566
40
567
-1
568
34
569
-1
570
146
571
-1
572
178
573
-1
574
177
575
-1
576
51
577
-1
578
175
579
-1
580
65
581
-1
582
114
583
-1
584
47
585
-1
586
40
587
-1
588
70
589
-1
590
11
591
-1
592
3
593
-1
594
22
595
-1
596
149
597
-1
598
11
599
-1
