********************************************************************************
The planted motif0 is:
TGATCAATCCGCACTAGGTTT
0
11
1
-1
2
148
3
-1
4
61
5
-1
6
163
7
-1
8
117
9
-1
10
164
11
-1
12
137
13
-1
14
163
15
-1
16
25
17
-1
18
72
19
-1
20
154
21
-1
22
149
23
-1
24
62
25
-1
26
62
27
-1
28
48
29
-1
30
89
31
-1
32
43
33
-1
34
8
35
-1
36
100
37
-1
38
74
39
-1
40
7
41
-1
42
142
43
-1
44
124
45
-1
46
82
47
-1
48
94
49
-1
50
125
51
-1
52
31
53
-1
54
77
55
-1
56
26
57
-1
58
177
59
-1
60
5
61
-1
62
108
63
-1
64
7
65
-1
66
35
67
-1
68
127
69
-1
70
149
71
-1
72
73
73
-1
74
24
75
-1
76
60
77
-1
78
93
79
-1
80
132
81
-1
82
13
83
-1
84
33
85
-1
86
159
87
-1
88
29
89
-1
90
36
91
-1
92
118
93
-1
94
163
95
-1
96
56
97
-1
98
19
99
-1
100
150
101
-1
102
87
103
-1
104
38
105
-1
106
105
107
-1
108
32
109
-1
110
129
111
-1
112
156
113
-1
114
120
115
-1
116
129
117
-1
118
32
119
-1
120
6
121
-1
122
54
123
-1
124
62
125
-1
126
100
127
-1
128
133
129
-1
130
42
131
-1
132
127
133
-1
134
13
135
-1
136
79
137
-1
138
98
139
-1
140
140
141
-1
142
164
143
-1
144
70
145
-1
146
51
147
-1
148
42
149
-1
150
10
151
-1
152
13
153
-1
154
171
155
-1
156
94
157
-1
158
69
159
-1
160
44
161
-1
162
34
163
-1
164
127
165
-1
166
15
167
-1
168
29
169
-1
170
158
171
-1
172
38
173
-1
174
68
175
-1
176
49
177
-1
178
176
179
-1
180
50
181
-1
182
104
183
-1
184
63
185
-1
186
38
187
-1
188
73
189
-1
190
151
191
-1
192
112
193
-1
194
179
195
-1
196
107
197
-1
198
112
199
-1
200
148
201
-1
202
13
203
-1
204
40
205
-1
206
117
207
-1
208
145
209
-1
210
112
211
-1
212
106
213
-1
214
143
215
-1
216
172
217
-1
218
163
219
-1
220
149
221
-1
222
11
223
-1
224
70
225
-1
226
63
227
-1
228
137
229
-1
230
100
231
-1
232
147
233
-1
234
58
235
-1
236
83
237
-1
238
103
239
-1
240
88
241
-1
242
107
243
-1
244
137
245
-1
246
96
247
-1
248
90
249
-1
250
9
251
-1
252
89
253
-1
254
35
255
-1
256
138
257
-1
258
60
259
-1
260
170
261
-1
262
150
263
-1
264
69
265
-1
266
146
267
-1
268
73
269
-1
270
112
271
-1
272
20
273
-1
274
51
275
-1
276
141
277
-1
278
58
279
-1
280
177
281
-1
282
100
283
-1
284
75
285
-1
286
144
287
-1
288
166
289
-1
290
144
291
-1
292
41
293
-1
294
44
295
-1
296
137
297
-1
298
60
299
-1
300
42
301
-1
302
26
303
-1
304
108
305
-1
306
123
307
-1
308
87
309
-1
310
158
311
-1
312
134
313
-1
314
49
315
-1
316
97
317
-1
318
179
319
-1
320
142
321
-1
322
81
323
-1
324
121
325
-1
326
119
327
-1
328
166
329
-1
330
52
331
-1
332
64
333
-1
334
79
335
-1
336
104
337
-1
338
114
339
-1
340
57
341
-1
342
59
343
-1
344
30
345
-1
346
96
347
-1
348
130
349
-1
350
170
351
-1
352
7
353
-1
354
145
355
-1
356
31
357
-1
358
18
359
-1
360
172
361
-1
362
169
363
-1
364
50
365
-1
366
17
367
-1
368
150
369
-1
370
167
371
-1
372
137
373
-1
374
30
375
-1
376
66
377
-1
378
80
379
-1
380
129
381
-1
382
51
383
-1
384
58
385
-1
386
116
387
-1
388
64
389
-1
390
87
391
-1
392
115
393
-1
394
41
395
-1
396
81
397
-1
398
7
399
-1
400
30
401
-1
402
151
403
-1
404
139
405
-1
406
61
407
-1
408
45
409
-1
410
95
411
-1
412
152
413
-1
414
22
415
-1
416
149
417
-1
418
64
419
-1
420
31
421
-1
422
132
423
-1
424
78
425
-1
426
155
427
-1
428
24
429
-1
430
98
431
-1
432
114
433
-1
434
49
435
-1
436
92
437
-1
438
27
439
-1
440
118
441
-1
442
68
443
-1
444
15
445
-1
446
62
447
-1
448
23
449
-1
450
14
451
-1
452
7
453
-1
454
51
455
-1
456
127
457
-1
458
46
459
-1
460
64
461
-1
462
55
463
-1
464
44
465
-1
466
95
467
-1
468
164
469
-1
470
96
471
-1
472
97
473
-1
474
58
475
-1
476
61
477
-1
478
67
479
-1
480
77
481
-1
482
167
483
-1
484
161
485
-1
486
40
487
-1
488
141
489
-1
490
100
491
-1
492
30
493
-1
494
55
495
-1
496
106
497
-1
498
40
499
-1
500
34
501
-1
502
146
503
-1
504
178
505
-1
506
177
507
-1
508
51
509
-1
510
175
511
-1
512
65
513
-1
514
114
515
-1
516
47
517
-1
518
40
519
-1
520
70
521
-1
522
11
523
-1
524
3
525
-1
526
22
527
-1
528
149
529
-1
530
11
531
-1
532
111
533
-1
534
144
535
-1
536
115
537
-1
538
98
539
-1
540
142
541
-1
542
27
543
-1
544
70
545
-1
546
10
547
-1
548
143
549
-1
550
2
551
-1
552
61
553
-1
554
167
555
-1
556
1
557
-1
558
128
559
-1
560
16
561
-1
562
58
563
-1
564
16
565
-1
566
77
567
-1
568
93
569
-1
570
77
571
-1
572
165
573
-1
574
67
575
-1
576
94
577
-1
578
16
579
-1
580
89
581
-1
582
52
583
-1
584
17
585
-1
586
73
587
-1
588
63
589
-1
590
63
591
-1
592
80
593
-1
594
179
595
-1
596
96
597
-1
598
122
599
-1
600
60
601
-1
602
155
603
-1
604
154
605
-1
606
88
607
-1
608
158
609
-1
610
90
611
-1
612
32
613
-1
614
151
615
-1
616
7
617
-1
618
45
619
-1
620
16
621
-1
622
64
623
-1
624
154
625
-1
626
122
627
-1
628
0
629
-1
630
95
631
-1
632
96
633
-1
634
46
635
-1
636
25
637
-1
638
64
639
-1
640
135
641
-1
642
111
643
-1
644
123
645
-1
646
94
647
-1
648
22
649
-1
650
59
651
-1
652
120
653
-1
654
141
655
-1
656
106
657
-1
658
69
659
-1
660
85
661
-1
662
56
663
-1
664
68
665
-1
666
93
667
-1
668
64
669
-1
670
12
671
-1
672
129
673
-1
674
68
675
-1
676
17
677
-1
678
83
679
-1
680
170
681
-1
682
43
683
-1
684
175
685
-1
686
26
687
-1
688
29
689
-1
690
88
691
-1
692
142
693
-1
694
66
695
-1
696
49
697
-1
698
115
699
-1
700
67
701
-1
702
117
703
-1
704
73
705
-1
706
169
707
-1
708
123
709
-1
710
72
711
-1
712
131
713
-1
714
97
715
-1
716
4
717
-1
718
92
719
-1
720
118
721
-1
722
119
723
-1
724
54
725
-1
726
146
727
-1
728
17
729
-1
730
62
731
-1
732
20
733
-1
734
18
735
-1
736
86
737
-1
738
49
739
-1
740
17
741
-1
742
176
743
-1
744
136
745
-1
746
161
747
-1
748
51
749
-1
750
3
751
-1
752
138
753
-1
754
67
755
-1
756
82
757
-1
758
160
759
-1
760
50
761
-1
762
36
763
-1
764
118
765
-1
766
1
767
-1
768
167
769
-1
770
85
771
-1
772
83
773
-1
774
78
775
-1
776
169
777
-1
778
162
779
-1
780
177
781
-1
782
85
783
-1
784
15
785
-1
786
130
787
-1
788
6
789
-1
790
119
791
-1
792
27
793
-1
794
30
795
-1
796
169
797
-1
798
51
799
-1
800
94
801
-1
802
64
803
-1
804
26
805
-1
806
67
807
-1
808
134
809
-1
810
34
811
-1
812
19
813
-1
814
36
815
-1
816
1
817
-1
818
4
819
-1
820
176
821
-1
822
116
823
-1
824
133
825
-1
826
134
827
-1
828
156
829
-1
830
152
831
-1
832
79
833
-1
834
163
835
-1
836
100
837
-1
838
84
839
-1
840
97
841
-1
842
161
843
-1
844
87
845
-1
846
168
847
-1
848
129
849
-1
850
47
851
-1
852
97
853
-1
854
40
855
-1
856
95
857
-1
858
162
859
-1
860
83
861
-1
862
25
863
-1
864
38
865
-1
866
38
867
-1
868
71
869
-1
870
108
871
-1
872
179
873
-1
874
33
875
-1
876
5
877
-1
878
140
879
-1
880
47
881
-1
882
126
883
-1
884
160
885
-1
886
71
887
-1
888
154
889
-1
890
76
891
-1
892
56
893
-1
894
68
895
-1
896
147
897
-1
898
76
899
-1
900
171
901
-1
902
15
903
-1
904
172
905
-1
906
96
907
-1
908
12
909
-1
910
45
911
-1
912
174
913
-1
914
64
915
-1
916
86
917
-1
918
15
919
-1
920
103
921
-1
922
160
923
-1
924
114
925
-1
926
86
927
-1
928
37
929
-1
930
155
931
-1
932
113
933
-1
934
133
935
-1
936
26
937
-1
938
77
939
-1
940
134
941
-1
942
69
943
-1
944
68
945
-1
946
89
947
-1
948
23
949
-1
950
176
951
-1
952
66
953
-1
954
96
955
-1
956
14
957
-1
958
33
959
-1
960
84
961
-1
962
176
963
-1
964
178
965
-1
966
147
967
-1
968
124
969
-1
970
16
971
-1
972
30
973
-1
974
165
975
-1
976
163
977
-1
978
166
979
-1
980
52
981
-1
982
77
983
-1
984
27
985
-1
986
20
987
-1
988
127
989
-1
990
71
991
-1
992
132
993
-1
994
112
995
-1
996
54
997
-1
998
139
999
-1
