********************************************************************************
The planted motif0 is:
AGATGATCAGCACTA
0
63
1
-1
2
172
3
-1
4
58
5
-1
6
175
7
-1
8
47
9
-1
10
162
11
-1
12
63
13
-1
14
112
15
-1
16
92
17
-1
18
154
19
-1
20
135
21
-1
22
60
23
-1
24
60
25
-1
26
138
27
-1
28
25
29
-1
30
141
31
-1
32
115
33
-1
34
121
35
-1
36
137
37
-1
38
151
39
-1
40
140
41
-1
42
182
43
-1
44
76
45
-1
46
38
47
-1
48
157
49
-1
50
49
51
-1
52
166
53
-1
54
0
55
-1
56
125
57
-1
58
30
59
-1
60
55
61
-1
62
18
63
-1
64
24
65
-1
66
173
67
-1
68
175
69
-1
70
0
71
-1
72
142
73
-1
74
50
75
-1
76
93
77
-1
78
162
79
-1
80
69
81
-1
82
140
83
-1
84
135
85
-1
86
40
87
-1
88
142
89
-1
90
143
91
-1
92
129
93
-1
94
109
95
-1
96
90
97
-1
98
146
99
-1
100
39
101
-1
102
7
103
-1
104
27
105
-1
106
48
107
-1
108
10
109
-1
110
32
111
-1
112
158
113
-1
114
114
115
-1
116
71
117
-1
118
167
119
-1
120
172
121
-1
122
23
123
-1
124
56
125
-1
126
137
127
-1
128
101
129
-1
130
94
131
-1
132
168
133
-1
134
161
135
-1
136
2
137
-1
138
15
139
-1
140
110
141
-1
142
77
143
-1
144
28
145
-1
146
171
147
-1
148
122
149
-1
150
38
151
-1
152
147
153
-1
154
12
155
-1
156
134
157
-1
158
39
159
-1
160
32
161
-1
162
58
163
-1
164
74
165
-1
166
129
167
-1
168
143
169
-1
170
100
171
-1
172
153
173
-1
174
12
175
-1
176
76
177
-1
178
135
179
-1
180
102
181
-1
182
21
183
-1
184
154
185
-1
186
63
187
-1
188
152
189
-1
190
166
191
-1
192
35
193
-1
194
19
195
-1
196
31
197
-1
198
150
199
-1
200
154
201
-1
202
88
203
-1
204
85
205
-1
206
109
207
-1
208
178
209
-1
210
0
211
-1
212
150
213
-1
214
136
215
-1
216
177
217
-1
218
123
219
-1
220
77
221
-1
222
78
223
-1
224
96
225
-1
226
177
227
-1
228
115
229
-1
230
117
231
-1
232
49
233
-1
234
66
235
-1
236
75
237
-1
238
67
239
-1
240
131
241
-1
242
101
243
-1
244
59
245
-1
246
109
247
-1
248
0
249
-1
250
100
251
-1
252
103
253
-1
254
54
255
-1
256
132
257
-1
258
184
259
-1
260
142
261
-1
262
123
263
-1
264
111
265
-1
266
17
267
-1
268
182
269
-1
270
150
271
-1
272
81
273
-1
274
179
275
-1
276
134
277
-1
278
15
279
-1
280
116
281
-1
282
39
283
-1
284
35
285
-1
286
66
287
-1
288
49
289
-1
290
95
291
-1
292
25
293
-1
294
36
295
-1
296
3
297
-1
298
4
299
-1
300
129
301
-1
302
45
303
-1
304
50
305
-1
306
37
307
-1
308
74
309
-1
310
134
311
-1
312
166
313
-1
314
119
315
-1
316
19
317
-1
318
166
319
-1
320
184
321
-1
322
7
323
-1
324
72
325
-1
326
10
327
-1
328
163
329
-1
330
162
331
-1
332
182
333
-1
334
185
335
-1
336
74
337
-1
338
6
339
-1
340
68
341
-1
342
119
343
-1
344
103
345
-1
346
158
347
-1
348
0
349
-1
350
63
351
-1
352
105
353
-1
354
69
355
-1
356
36
357
-1
358
131
359
-1
360
185
361
-1
362
45
363
-1
364
131
365
-1
366
14
367
-1
368
159
369
-1
370
169
371
-1
372
151
373
-1
374
184
375
-1
376
78
377
-1
378
46
379
-1
380
84
381
-1
382
69
383
-1
384
113
385
-1
386
85
387
-1
388
176
389
-1
390
34
391
-1
392
103
393
-1
394
65
395
-1
396
40
397
-1
398
100
399
-1
400
32
401
-1
402
37
403
-1
404
153
405
-1
406
105
407
-1
408
80
409
-1
410
129
411
-1
412
160
413
-1
414
5
415
-1
416
71
417
-1
418
145
419
-1
420
27
421
-1
422
117
423
-1
424
146
425
-1
426
110
427
-1
428
173
429
-1
430
89
431
-1
432
28
433
-1
434
147
435
-1
436
7
437
-1
438
159
439
-1
440
6
441
-1
442
170
443
-1
444
159
445
-1
446
159
447
-1
448
105
449
-1
450
94
451
-1
452
104
453
-1
454
60
455
-1
456
133
457
-1
458
87
459
-1
460
166
461
-1
462
133
463
-1
464
47
465
-1
466
45
467
-1
468
110
469
-1
470
29
471
-1
472
180
473
-1
474
74
475
-1
476
76
477
-1
478
53
479
-1
480
25
481
-1
482
132
483
-1
484
176
485
-1
486
131
487
-1
488
62
489
-1
490
30
491
-1
492
38
493
-1
494
99
495
-1
496
82
497
-1
498
172
499
-1
500
32
501
-1
502
64
503
-1
504
2
505
-1
506
40
507
-1
508
32
509
-1
510
15
511
-1
512
62
513
-1
514
89
515
-1
516
24
517
-1
518
101
519
-1
520
7
521
-1
522
14
523
-1
524
176
525
-1
526
45
527
-1
528
34
529
-1
530
171
531
-1
532
17
533
-1
534
170
535
-1
536
169
537
-1
538
72
539
-1
540
77
541
-1
542
77
543
-1
544
157
545
-1
546
10
547
-1
548
60
549
-1
550
59
551
-1
552
92
553
-1
554
159
555
-1
556
101
557
-1
558
97
559
-1
560
160
561
-1
562
134
563
-1
564
135
565
-1
566
24
567
-1
568
62
569
-1
570
141
571
-1
572
129
573
-1
574
17
575
-1
576
156
577
-1
578
106
579
-1
580
90
581
-1
582
164
583
-1
584
117
585
-1
586
63
587
-1
588
121
589
-1
590
157
591
-1
592
163
593
-1
594
171
595
-1
596
135
597
-1
598
35
599
-1
