********************************************************************************
The planted motif0 is:
CCCAGTGGAGCGGTTCGCTTT
0
132
1
-1
2
163
3
-1
4
2
5
-1
6
32
7
-1
8
153
9
-1
10
113
11
-1
12
140
13
-1
14
172
15
-1
16
22
17
-1
18
172
19
-1
20
12
21
-1
22
11
23
-1
24
148
25
-1
26
61
27
-1
28
163
29
-1
30
117
31
-1
32
164
33
-1
34
137
35
-1
36
163
37
-1
38
25
39
-1
40
72
41
-1
42
154
43
-1
44
149
45
-1
46
62
47
-1
48
62
49
-1
50
48
51
-1
52
89
53
-1
54
43
55
-1
56
8
57
-1
58
100
59
-1
60
74
61
-1
62
7
63
-1
64
142
65
-1
66
124
67
-1
68
82
69
-1
70
94
71
-1
72
125
73
-1
74
31
75
-1
76
77
77
-1
78
26
79
-1
80
177
81
-1
82
5
83
-1
84
108
85
-1
86
7
87
-1
88
35
89
-1
90
127
91
-1
92
149
93
-1
94
73
95
-1
96
24
97
-1
98
60
99
-1
100
93
101
-1
102
132
103
-1
104
13
105
-1
106
33
107
-1
108
159
109
-1
110
29
111
-1
112
36
113
-1
114
118
115
-1
116
163
117
-1
118
56
119
-1
120
19
121
-1
122
150
123
-1
124
87
125
-1
126
38
127
-1
128
105
129
-1
130
32
131
-1
132
129
133
-1
134
156
135
-1
136
120
137
-1
138
129
139
-1
140
32
141
-1
142
6
143
-1
144
54
145
-1
146
62
147
-1
148
100
149
-1
150
133
151
-1
152
42
153
-1
154
127
155
-1
156
13
157
-1
158
79
159
-1
160
98
161
-1
162
140
163
-1
164
164
165
-1
166
70
167
-1
168
51
169
-1
170
42
171
-1
172
10
173
-1
174
13
175
-1
176
171
177
-1
178
94
179
-1
180
69
181
-1
182
44
183
-1
184
34
185
-1
186
127
187
-1
188
15
189
-1
190
29
191
-1
192
158
193
-1
194
38
195
-1
196
68
197
-1
198
49
199
-1
200
176
201
-1
202
50
203
-1
204
104
205
-1
206
63
207
-1
208
38
209
-1
210
73
211
-1
212
151
213
-1
214
112
215
-1
216
179
217
-1
218
107
219
-1
220
112
221
-1
222
148
223
-1
224
13
225
-1
226
40
227
-1
228
117
229
-1
230
145
231
-1
232
112
233
-1
234
106
235
-1
236
143
237
-1
238
172
239
-1
240
163
241
-1
242
149
243
-1
244
11
245
-1
246
70
247
-1
248
63
249
-1
250
137
251
-1
252
100
253
-1
254
147
255
-1
256
58
257
-1
258
83
259
-1
260
103
261
-1
262
88
263
-1
264
107
265
-1
266
137
267
-1
268
96
269
-1
270
90
271
-1
272
9
273
-1
274
89
275
-1
276
35
277
-1
278
138
279
-1
280
60
281
-1
282
170
283
-1
284
150
285
-1
286
69
287
-1
288
146
289
-1
290
73
291
-1
292
112
293
-1
294
20
295
-1
296
51
297
-1
298
141
299
-1
300
58
301
-1
302
177
303
-1
304
100
305
-1
306
75
307
-1
308
144
309
-1
310
166
311
-1
312
144
313
-1
314
41
315
-1
316
44
317
-1
318
137
319
-1
320
60
321
-1
322
42
323
-1
324
26
325
-1
326
108
327
-1
328
123
329
-1
330
87
331
-1
332
158
333
-1
334
134
335
-1
336
49
337
-1
338
97
339
-1
340
179
341
-1
342
142
343
-1
344
81
345
-1
346
121
347
-1
348
119
349
-1
350
166
351
-1
352
52
353
-1
354
64
355
-1
356
79
357
-1
358
104
359
-1
360
114
361
-1
362
57
363
-1
364
59
365
-1
366
30
367
-1
368
96
369
-1
370
130
371
-1
372
170
373
-1
374
7
375
-1
376
145
377
-1
378
31
379
-1
380
18
381
-1
382
172
383
-1
384
169
385
-1
386
50
387
-1
388
17
389
-1
390
150
391
-1
392
167
393
-1
394
137
395
-1
396
30
397
-1
398
66
399
-1
400
80
401
-1
402
129
403
-1
404
51
405
-1
406
58
407
-1
408
116
409
-1
410
64
411
-1
412
87
413
-1
414
115
415
-1
416
41
417
-1
418
81
419
-1
420
7
421
-1
422
30
423
-1
424
151
425
-1
426
139
427
-1
428
61
429
-1
430
45
431
-1
432
95
433
-1
434
152
435
-1
436
22
437
-1
438
149
439
-1
440
64
441
-1
442
31
443
-1
444
132
445
-1
446
78
447
-1
448
155
449
-1
450
24
451
-1
452
98
453
-1
454
114
455
-1
456
49
457
-1
458
92
459
-1
460
27
461
-1
462
118
463
-1
464
68
465
-1
466
15
467
-1
468
62
469
-1
470
23
471
-1
472
14
473
-1
474
7
475
-1
476
51
477
-1
478
127
479
-1
480
46
481
-1
482
64
483
-1
484
55
485
-1
486
44
487
-1
488
95
489
-1
490
164
491
-1
492
96
493
-1
494
97
495
-1
496
58
497
-1
498
61
499
-1
500
67
501
-1
502
77
503
-1
504
167
505
-1
506
161
507
-1
508
40
509
-1
510
141
511
-1
512
100
513
-1
514
30
515
-1
516
55
517
-1
518
106
519
-1
520
40
521
-1
522
34
523
-1
524
146
525
-1
526
178
527
-1
528
177
529
-1
530
51
531
-1
532
175
533
-1
534
65
535
-1
536
114
537
-1
538
47
539
-1
540
40
541
-1
542
70
543
-1
544
11
545
-1
546
3
547
-1
548
22
549
-1
550
149
551
-1
552
11
553
-1
554
111
555
-1
556
144
557
-1
558
115
559
-1
560
98
561
-1
562
142
563
-1
564
27
565
-1
566
70
567
-1
568
10
569
-1
570
143
571
-1
572
2
573
-1
574
61
575
-1
576
167
577
-1
578
1
579
-1
580
128
581
-1
582
16
583
-1
584
58
585
-1
586
16
587
-1
588
77
589
-1
590
93
591
-1
592
77
593
-1
594
165
595
-1
596
67
597
-1
598
94
599
-1
