********************************************************************************
The planted motif0 is:
GAAACCGCG
0
161
1
-1
2
186
3
-1
4
83
5
-1
6
16
7
-1
8
80
9
-1
10
165
11
-1
12
81
13
-1
14
1
15
-1
16
167
17
-1
18
81
19
-1
20
26
21
-1
22
87
23
-1
24
139
25
-1
26
89
27
-1
28
82
29
-1
30
135
31
-1
32
146
33
-1
34
97
35
-1
36
165
37
-1
38
107
39
-1
40
5
41
-1
42
29
43
-1
44
145
45
-1
46
35
47
-1
48
62
49
-1
50
161
51
-1
52
104
53
-1
54
173
55
-1
56
111
57
-1
58
45
59
-1
60
81
61
-1
62
21
63
-1
64
116
65
-1
66
130
67
-1
68
159
69
-1
70
178
71
-1
72
4
73
-1
74
67
75
-1
76
83
77
-1
78
120
79
-1
80
87
81
-1
82
94
83
-1
84
158
85
-1
86
106
87
-1
88
3
89
-1
90
120
91
-1
92
48
93
-1
94
18
95
-1
96
97
97
-1
98
27
99
-1
100
91
101
-1
102
7
103
-1
104
179
105
-1
106
73
107
-1
108
68
109
-1
110
110
111
-1
112
112
113
-1
114
110
115
-1
116
133
117
-1
118
127
119
-1
120
28
121
-1
122
138
123
-1
124
41
125
-1
126
42
127
-1
128
73
129
-1
130
24
131
-1
132
42
133
-1
134
161
135
-1
136
133
137
-1
138
156
139
-1
140
148
141
-1
142
152
143
-1
144
51
145
-1
146
60
147
-1
148
39
149
-1
150
74
151
-1
152
135
153
-1
154
4
155
-1
156
40
157
-1
158
185
159
-1
160
165
161
-1
162
175
163
-1
164
108
165
-1
166
44
167
-1
168
123
169
-1
170
55
171
-1
172
141
173
-1
174
162
175
-1
176
64
177
-1
178
68
179
-1
180
38
181
-1
182
174
183
-1
184
35
185
-1
186
5
187
-1
188
148
189
-1
190
41
191
-1
192
146
193
-1
194
65
195
-1
196
125
197
-1
198
16
199
-1
200
150
201
-1
202
5
203
-1
204
146
205
-1
206
63
207
-1
208
80
209
-1
210
47
211
-1
212
166
213
-1
214
57
215
-1
216
176
217
-1
218
74
219
-1
220
153
221
-1
222
90
223
-1
224
26
225
-1
226
129
227
-1
228
20
229
-1
230
118
231
-1
232
128
233
-1
234
111
235
-1
236
59
237
-1
238
142
239
-1
240
141
241
-1
242
54
243
-1
244
106
245
-1
246
129
247
-1
248
102
249
-1
250
69
251
-1
252
70
253
-1
254
135
255
-1
256
152
257
-1
258
22
259
-1
260
131
261
-1
262
121
263
-1
264
133
265
-1
266
138
267
-1
268
130
269
-1
270
142
271
-1
272
37
273
-1
274
97
275
-1
276
172
277
-1
278
132
279
-1
280
18
281
-1
282
28
283
-1
284
51
285
-1
286
33
287
-1
288
113
289
-1
290
30
291
-1
292
18
293
-1
294
21
295
-1
296
187
297
-1
298
129
299
-1
300
7
301
-1
302
144
303
-1
304
69
305
-1
306
1
307
-1
308
11
309
-1
310
65
311
-1
312
35
313
-1
314
49
315
-1
316
12
317
-1
318
100
319
-1
320
25
321
-1
322
126
323
-1
324
150
325
-1
326
100
327
-1
328
76
329
-1
330
51
331
-1
332
99
333
-1
334
95
335
-1
336
20
337
-1
338
186
339
-1
340
51
341
-1
342
23
343
-1
344
188
345
-1
346
153
347
-1
348
152
349
-1
350
183
351
-1
352
41
353
-1
354
84
355
-1
356
19
357
-1
358
143
359
-1
360
85
361
-1
362
72
363
-1
364
93
365
-1
366
172
367
-1
368
63
369
-1
370
147
371
-1
372
134
373
-1
374
85
375
-1
376
8
377
-1
378
50
379
-1
380
124
381
-1
382
83
383
-1
384
85
385
-1
386
94
387
-1
388
34
389
-1
390
157
391
-1
392
12
393
-1
394
16
395
-1
396
91
397
-1
398
126
399
-1
400
140
401
-1
402
41
403
-1
404
104
405
-1
406
150
407
-1
408
38
409
-1
410
131
411
-1
412
67
413
-1
414
38
415
-1
416
132
417
-1
418
87
419
-1
420
159
421
-1
422
123
423
-1
424
162
425
-1
426
191
427
-1
428
161
429
-1
430
165
431
-1
432
107
433
-1
434
128
435
-1
436
15
437
-1
438
1
439
-1
440
85
441
-1
442
94
443
-1
444
144
445
-1
446
100
447
-1
448
12
449
-1
450
3
451
-1
452
185
453
-1
454
55
455
-1
456
20
457
-1
458
112
459
-1
460
7
461
-1
462
53
463
-1
464
142
465
-1
466
52
467
-1
468
182
469
-1
470
127
471
-1
472
183
473
-1
474
117
475
-1
476
152
477
-1
478
159
479
-1
480
16
481
-1
482
23
483
-1
484
89
485
-1
486
1
487
-1
488
99
489
-1
490
117
491
-1
492
170
493
-1
494
38
495
-1
496
35
497
-1
498
47
499
-1
500
58
501
-1
502
105
503
-1
504
19
505
-1
506
57
507
-1
508
132
509
-1
510
14
511
-1
512
93
513
-1
514
81
515
-1
516
69
517
-1
518
52
519
-1
520
140
521
-1
522
42
523
-1
524
127
525
-1
526
39
527
-1
528
34
529
-1
530
133
531
-1
532
143
533
-1
534
129
535
-1
536
140
537
-1
538
167
539
-1
540
102
541
-1
542
92
543
-1
544
154
545
-1
546
143
547
-1
548
175
549
-1
550
120
551
-1
552
86
553
-1
554
125
555
-1
556
68
557
-1
558
78
559
-1
560
116
561
-1
562
69
563
-1
564
118
565
-1
566
28
567
-1
568
74
569
-1
570
46
571
-1
572
170
573
-1
574
160
575
-1
576
152
577
-1
578
45
579
-1
580
8
581
-1
582
83
583
-1
584
90
585
-1
586
83
587
-1
588
115
589
-1
590
14
591
-1
592
44
593
-1
594
129
595
-1
596
34
597
-1
598
9
599
-1
600
35
601
-1
602
50
603
-1
604
79
605
-1
606
30
607
-1
608
161
609
-1
610
71
611
-1
612
169
613
-1
614
100
615
-1
616
72
617
-1
618
167
619
-1
620
140
621
-1
622
81
623
-1
624
77
625
-1
626
61
627
-1
628
16
629
-1
630
158
631
-1
632
111
633
-1
634
18
635
-1
636
8
637
-1
638
177
639
-1
640
165
641
-1
642
125
643
-1
644
0
645
-1
646
70
647
-1
648
72
649
-1
650
68
651
-1
652
147
653
-1
654
129
655
-1
656
7
657
-1
658
151
659
-1
660
103
661
-1
662
117
663
-1
664
45
665
-1
666
143
667
-1
668
72
669
-1
670
43
671
-1
672
189
673
-1
674
139
675
-1
676
123
677
-1
678
112
679
-1
680
17
681
-1
682
91
683
-1
684
129
685
-1
686
168
687
-1
688
90
689
-1
690
64
691
-1
692
58
693
-1
694
190
695
-1
696
172
697
-1
698
63
699
-1
700
63
701
-1
702
77
703
-1
704
131
705
-1
706
177
707
-1
708
116
709
-1
710
132
711
-1
712
75
713
-1
714
86
715
-1
716
39
717
-1
718
66
719
-1
720
98
721
-1
722
99
723
-1
724
78
725
-1
726
24
727
-1
728
191
729
-1
730
26
731
-1
732
32
733
-1
734
137
735
-1
736
165
737
-1
738
71
739
-1
740
61
741
-1
742
148
743
-1
744
131
745
-1
746
101
747
-1
748
41
749
-1
750
133
751
-1
752
28
753
-1
754
123
755
-1
756
131
757
-1
758
17
759
-1
760
129
761
-1
762
107
763
-1
764
6
765
-1
766
126
767
-1
768
12
769
-1
770
158
771
-1
772
20
773
-1
774
9
775
-1
776
28
777
-1
778
24
779
-1
780
68
781
-1
782
146
783
-1
784
143
785
-1
786
123
787
-1
788
23
789
-1
790
12
791
-1
792
99
793
-1
794
13
795
-1
796
115
797
-1
798
123
799
-1
800
175
801
-1
802
189
803
-1
804
108
805
-1
806
143
807
-1
808
127
809
-1
810
13
811
-1
812
170
813
-1
814
103
815
-1
816
20
817
-1
818
128
819
-1
820
100
821
-1
822
111
823
-1
824
173
825
-1
826
189
827
-1
828
63
829
-1
830
168
831
-1
832
3
833
-1
834
104
835
-1
836
17
837
-1
838
65
839
-1
840
123
841
-1
842
29
843
-1
844
144
845
-1
846
161
847
-1
848
15
849
-1
850
158
851
-1
852
57
853
-1
854
97
855
-1
856
3
857
-1
858
83
859
-1
860
30
861
-1
862
1
863
-1
864
115
865
-1
866
118
867
-1
868
27
869
-1
870
153
871
-1
872
22
873
-1
874
109
875
-1
876
118
877
-1
878
171
879
-1
880
173
881
-1
882
125
883
-1
884
118
885
-1
886
169
887
-1
888
95
889
-1
890
91
891
-1
892
11
893
-1
894
185
895
-1
896
95
897
-1
898
180
899
-1
900
128
901
-1
902
22
903
-1
904
141
905
-1
906
104
907
-1
908
160
909
-1
910
160
911
-1
912
7
913
-1
914
57
915
-1
916
55
917
-1
918
79
919
-1
920
32
921
-1
922
1
923
-1
924
97
925
-1
926
18
927
-1
928
60
929
-1
930
80
931
-1
932
101
933
-1
934
79
935
-1
936
159
937
-1
938
32
939
-1
940
12
941
-1
942
100
943
-1
944
26
945
-1
946
166
947
-1
948
154
949
-1
950
27
951
-1
952
100
953
-1
954
58
955
-1
956
77
957
-1
958
139
959
-1
960
16
961
-1
962
34
963
-1
964
167
965
-1
966
65
967
-1
968
156
969
-1
970
145
971
-1
972
53
973
-1
974
138
975
-1
976
0
977
-1
978
161
979
-1
980
93
981
-1
982
54
983
-1
984
177
985
-1
986
128
987
-1
988
37
989
-1
990
43
991
-1
992
135
993
-1
994
164
995
-1
996
128
997
-1
998
106
999
-1
