********************************************************************************
The planted motif0 is:
GCGAATTAATTACATTTTTAC
0
164
1
-1
2
137
3
-1
4
163
5
-1
6
25
7
-1
8
72
9
-1
10
154
11
-1
12
149
13
-1
14
62
15
-1
16
62
17
-1
18
48
19
-1
20
89
21
-1
22
43
23
-1
24
8
25
-1
26
100
27
-1
28
74
29
-1
30
7
31
-1
32
142
33
-1
34
124
35
-1
36
82
37
-1
38
94
39
-1
40
125
41
-1
42
31
43
-1
44
77
45
-1
46
26
47
-1
48
177
49
-1
50
5
51
-1
52
108
53
-1
54
7
55
-1
56
35
57
-1
58
127
59
-1
60
149
61
-1
62
73
63
-1
64
24
65
-1
66
60
67
-1
68
93
69
-1
70
132
71
-1
72
13
73
-1
74
33
75
-1
76
159
77
-1
78
29
79
-1
80
36
81
-1
82
118
83
-1
84
163
85
-1
86
56
87
-1
88
19
89
-1
90
150
91
-1
92
87
93
-1
94
38
95
-1
96
105
97
-1
98
32
99
-1
100
129
101
-1
102
156
103
-1
104
120
105
-1
106
129
107
-1
108
32
109
-1
110
6
111
-1
112
54
113
-1
114
62
115
-1
116
100
117
-1
118
133
119
-1
120
42
121
-1
122
127
123
-1
124
13
125
-1
126
79
127
-1
128
98
129
-1
130
140
131
-1
132
164
133
-1
134
70
135
-1
136
51
137
-1
138
42
139
-1
140
10
141
-1
142
13
143
-1
144
171
145
-1
146
94
147
-1
148
69
149
-1
150
44
151
-1
152
34
153
-1
154
127
155
-1
156
15
157
-1
158
29
159
-1
160
158
161
-1
162
38
163
-1
164
68
165
-1
166
49
167
-1
168
176
169
-1
170
50
171
-1
172
104
173
-1
174
63
175
-1
176
38
177
-1
178
73
179
-1
180
151
181
-1
182
112
183
-1
184
179
185
-1
186
107
187
-1
188
112
189
-1
190
148
191
-1
192
13
193
-1
194
40
195
-1
196
117
197
-1
198
145
199
-1
200
112
201
-1
202
106
203
-1
204
143
205
-1
206
172
207
-1
208
163
209
-1
210
149
211
-1
212
11
213
-1
214
70
215
-1
216
63
217
-1
218
137
219
-1
220
100
221
-1
222
147
223
-1
224
58
225
-1
226
83
227
-1
228
103
229
-1
230
88
231
-1
232
107
233
-1
234
137
235
-1
236
96
237
-1
238
90
239
-1
240
9
241
-1
242
89
243
-1
244
35
245
-1
246
138
247
-1
248
60
249
-1
250
170
251
-1
252
150
253
-1
254
69
255
-1
256
146
257
-1
258
73
259
-1
260
112
261
-1
262
20
263
-1
264
51
265
-1
266
141
267
-1
268
58
269
-1
270
177
271
-1
272
100
273
-1
274
75
275
-1
276
144
277
-1
278
166
279
-1
280
144
281
-1
282
41
283
-1
284
44
285
-1
286
137
287
-1
288
60
289
-1
290
42
291
-1
292
26
293
-1
294
108
295
-1
296
123
297
-1
298
87
299
-1
300
158
301
-1
302
134
303
-1
304
49
305
-1
306
97
307
-1
308
179
309
-1
310
142
311
-1
312
81
313
-1
314
121
315
-1
316
119
317
-1
318
166
319
-1
320
52
321
-1
322
64
323
-1
324
79
325
-1
326
104
327
-1
328
114
329
-1
330
57
331
-1
332
59
333
-1
334
30
335
-1
336
96
337
-1
338
130
339
-1
340
170
341
-1
342
7
343
-1
344
145
345
-1
346
31
347
-1
348
18
349
-1
350
172
351
-1
352
169
353
-1
354
50
355
-1
356
17
357
-1
358
150
359
-1
360
167
361
-1
362
137
363
-1
364
30
365
-1
366
66
367
-1
368
80
369
-1
370
129
371
-1
372
51
373
-1
374
58
375
-1
376
116
377
-1
378
64
379
-1
380
87
381
-1
382
115
383
-1
384
41
385
-1
386
81
387
-1
388
7
389
-1
390
30
391
-1
392
151
393
-1
394
139
395
-1
396
61
397
-1
398
45
399
-1
400
95
401
-1
402
152
403
-1
404
22
405
-1
406
149
407
-1
408
64
409
-1
410
31
411
-1
412
132
413
-1
414
78
415
-1
416
155
417
-1
418
24
419
-1
420
98
421
-1
422
114
423
-1
424
49
425
-1
426
92
427
-1
428
27
429
-1
430
118
431
-1
432
68
433
-1
434
15
435
-1
436
62
437
-1
438
23
439
-1
440
14
441
-1
442
7
443
-1
444
51
445
-1
446
127
447
-1
448
46
449
-1
450
64
451
-1
452
55
453
-1
454
44
455
-1
456
95
457
-1
458
164
459
-1
460
96
461
-1
462
97
463
-1
464
58
465
-1
466
61
467
-1
468
67
469
-1
470
77
471
-1
472
167
473
-1
474
161
475
-1
476
40
477
-1
478
141
479
-1
480
100
481
-1
482
30
483
-1
484
55
485
-1
486
106
487
-1
488
40
489
-1
490
34
491
-1
492
146
493
-1
494
178
495
-1
496
177
497
-1
498
51
499
-1
500
175
501
-1
502
65
503
-1
504
114
505
-1
506
47
507
-1
508
40
509
-1
510
70
511
-1
512
11
513
-1
514
3
515
-1
516
22
517
-1
518
149
519
-1
520
11
521
-1
522
111
523
-1
524
144
525
-1
526
115
527
-1
528
98
529
-1
530
142
531
-1
532
27
533
-1
534
70
535
-1
536
10
537
-1
538
143
539
-1
540
2
541
-1
542
61
543
-1
544
167
545
-1
546
1
547
-1
548
128
549
-1
550
16
551
-1
552
58
553
-1
554
16
555
-1
556
77
557
-1
558
93
559
-1
560
77
561
-1
562
165
563
-1
564
67
565
-1
566
94
567
-1
568
16
569
-1
570
89
571
-1
572
52
573
-1
574
17
575
-1
576
73
577
-1
578
63
579
-1
580
63
581
-1
582
80
583
-1
584
179
585
-1
586
96
587
-1
588
122
589
-1
590
60
591
-1
592
155
593
-1
594
154
595
-1
596
88
597
-1
598
158
599
-1
