********************************************************************************
The planted motif0 is:
GAAGAGGCCATGTGG
0
128
1
183
2
10
3
61
4
-1
5
87
6
27
7
73
8
12
9
-1
10
13
11
79
12
97
13
74
14
-1
15
141
16
102
17
58
18
181
19
-1
20
26
21
72
22
44
23
184
24
-1
25
137
26
36
27
65
28
100
29
-1
30
176
31
99
32
57
33
25
34
-1
35
47
36
69
37
20
38
105
39
-1
40
13
41
11
42
160
43
63
44
-1
45
158
46
85
47
63
48
5
49
-1
50
11
51
23
52
25
53
53
54
-1
55
122
56
35
57
20
58
161
59
-1
60
39
61
33
62
105
63
105
64
-1
65
170
66
136
67
63
68
172
69
-1
70
58
71
175
72
47
73
162
74
-1
75
63
76
112
77
92
78
154
79
-1
80
135
81
60
82
60
83
138
84
-1
85
25
86
141
87
115
88
121
89
-1
90
137
91
151
92
140
93
182
94
-1
95
76
96
38
97
157
98
49
99
-1
100
166
101
0
102
125
103
30
104
-1
105
55
106
18
107
24
108
173
109
-1
110
175
111
0
112
142
113
50
114
-1
115
93
116
162
117
69
118
140
119
-1
120
135
121
40
122
142
123
143
124
-1
125
129
126
109
127
90
128
146
129
-1
130
39
131
7
132
27
133
48
134
-1
135
10
136
32
137
158
138
114
139
-1
140
71
141
167
142
172
143
23
144
-1
145
56
146
137
147
101
148
94
149
-1
150
168
151
161
152
2
153
15
154
-1
155
110
156
77
157
28
158
171
159
-1
160
122
161
38
162
147
163
12
164
-1
165
134
166
39
167
32
168
58
169
-1
170
74
171
129
172
143
173
100
174
-1
175
153
176
12
177
76
178
135
179
-1
180
102
181
21
182
154
183
63
184
-1
185
152
186
166
187
35
188
19
189
-1
190
31
191
150
192
154
193
88
194
-1
195
85
196
109
197
178
198
0
199
-1
200
150
201
136
202
177
203
123
204
-1
205
77
206
78
207
96
208
177
209
-1
210
115
211
117
212
49
213
66
214
-1
215
75
216
67
217
131
218
101
219
-1
220
59
221
109
222
0
223
100
224
-1
225
103
226
54
227
132
228
184
229
-1
230
142
231
123
232
111
233
17
234
-1
235
182
236
150
237
81
238
179
239
-1
240
134
241
15
242
116
243
39
244
-1
245
35
246
66
247
49
248
95
249
-1
250
25
251
36
252
3
253
4
254
-1
255
129
256
45
257
50
258
37
259
-1
260
74
261
134
262
166
263
119
264
-1
265
19
266
166
267
184
268
7
269
-1
270
72
271
10
272
163
273
162
274
-1
275
182
276
185
277
74
278
6
279
-1
280
68
281
119
282
103
283
158
284
-1
285
0
286
63
287
105
288
69
289
-1
290
36
291
131
292
185
293
45
294
-1
295
131
296
14
297
159
298
169
299
-1
300
151
301
184
302
78
303
46
304
-1
305
84
306
69
307
113
308
85
309
-1
310
176
311
34
312
103
313
65
314
-1
315
40
316
100
317
32
318
37
319
-1
320
153
321
105
322
80
323
129
324
-1
325
160
326
5
327
71
328
145
329
-1
330
27
331
117
332
146
333
110
334
-1
335
173
336
89
337
28
338
147
339
-1
340
7
341
159
342
6
343
170
344
-1
345
159
346
159
347
105
348
94
349
-1
350
104
351
60
352
133
353
87
354
-1
355
166
356
133
357
47
358
45
359
-1
360
110
361
29
362
180
363
74
364
-1
365
76
366
53
367
25
368
132
369
-1
370
176
371
131
372
62
373
30
374
-1
375
38
376
99
377
82
378
172
379
-1
380
32
381
64
382
2
383
40
384
-1
385
32
386
15
387
62
388
89
389
-1
390
24
391
101
392
7
393
14
394
-1
395
176
396
45
397
34
398
171
399
-1
400
17
401
170
402
169
403
72
404
-1
405
77
406
77
407
157
408
10
409
-1
410
60
411
59
412
92
413
159
414
-1
415
101
416
97
417
160
418
134
419
-1
420
135
421
24
422
62
423
141
424
-1
425
129
426
17
427
156
428
106
429
-1
430
90
431
164
432
117
433
63
434
-1
435
121
436
157
437
163
438
171
439
-1
440
135
441
35
442
30
443
61
444
-1
445
159
446
25
447
165
448
124
449
-1
450
113
451
91
452
105
453
126
454
-1
455
120
456
34
457
28
458
124
459
-1
460
148
461
69
462
93
463
173
464
-1
465
131
466
39
467
104
468
48
469
-1
470
57
471
92
472
81
473
72
474
-1
475
176
476
165
477
18
478
18
479
-1
480
113
481
170
482
170
483
47
484
-1
485
147
486
83
487
55
488
46
489
-1
490
35
491
83
492
47
493
1
494
-1
495
58
496
3
497
113
498
179
499
-1
500
9
501
47
502
126
503
78
504
-1
505
102
506
26
507
146
508
135
509
-1
510
34
511
24
512
92
513
86
514
-1
515
125
516
33
517
167
518
144
519
-1
520
135
521
7
522
103
523
183
524
-1
525
67
526
147
527
84
528
41
529
-1
530
169
531
37
532
50
533
163
534
-1
535
8
536
182
537
52
538
39
539
-1
540
47
541
129
542
123
543
180
544
-1
545
135
546
74
547
101
548
137
549
-1
550
51
551
5
552
24
553
185
554
-1
555
171
556
44
557
63
558
7
559
-1
560
75
561
113
562
0
563
121
564
-1
565
67
566
136
567
165
568
63
569
-1
570
22
571
25
572
4
573
33
574
-1
575
59
576
101
577
130
578
79
579
-1
580
23
581
13
582
95
583
119
584
-1
585
185
586
156
587
14
588
160
589
-1
590
63
591
176
592
58
593
64
594
-1
595
169
596
9
597
1
598
157
599
-1
600
110
601
73
602
115
603
174
604
-1
605
132
606
62
607
59
608
91
609
-1
610
81
611
50
612
174
613
76
614
-1
615
26
616
88
617
106
618
111
619
-1
620
52
621
64
622
113
623
133
624
-1
625
178
626
106
627
113
628
53
629
-1
630
72
631
31
632
35
633
84
634
-1
635
54
636
173
637
21
638
156
639
-1
640
177
641
182
642
73
643
61
644
-1
645
99
646
50
647
116
648
100
649
-1
650
67
651
137
652
182
653
5
654
-1
655
72
656
176
657
120
658
27
659
-1
660
134
661
48
662
182
663
69
664
-1
665
147
666
159
667
174
668
115
669
-1
670
100
671
33
672
162
673
53
674
-1
675
182
676
73
677
44
678
112
679
-1
680
66
681
175
682
127
683
1
684
-1
685
153
686
113
687
171
688
141
689
-1
690
54
691
54
692
127
693
8
694
-1
695
94
696
136
697
46
698
82
699
-1
700
136
701
91
702
46
703
174
704
-1
705
144
706
10
707
120
708
102
709
-1
710
98
711
173
712
108
713
80
714
-1
715
13
716
103
717
37
718
93
719
-1
720
37
721
147
722
25
723
13
724
-1
725
59
726
73
727
63
728
29
729
-1
730
49
731
45
732
76
733
82
734
-1
735
18
736
168
737
9
738
0
739
-1
740
105
741
85
742
161
743
130
744
-1
745
145
746
185
747
71
748
32
749
-1
750
48
751
30
752
175
753
89
754
-1
755
106
756
40
757
21
758
172
759
-1
760
7
761
57
762
180
763
98
764
-1
765
15
766
182
767
176
768
145
769
-1
770
86
771
168
772
143
773
182
774
-1
775
92
776
41
777
79
778
54
779
-1
780
173
781
61
782
12
783
102
784
-1
785
14
786
15
787
168
788
155
789
-1
790
108
791
107
792
135
793
29
794
-1
795
57
796
139
797
140
798
31
799
-1
800
139
801
152
802
86
803
62
804
-1
805
67
806
129
807
21
808
173
809
-1
810
1
811
147
812
105
813
146
814
-1
815
59
816
139
817
182
818
103
819
-1
820
84
821
27
822
52
823
63
824
-1
825
8
826
167
827
48
828
67
829
-1
830
173
831
123
832
113
833
185
834
-1
835
21
836
59
837
78
838
165
839
-1
840
19
841
156
842
72
843
106
844
-1
845
164
846
50
847
180
848
182
849
-1
850
0
851
61
852
4
853
107
854
-1
855
144
856
161
857
71
858
102
859
-1
860
75
861
113
862
29
863
56
864
-1
865
80
866
113
867
36
868
144
869
-1
870
159
871
126
872
27
873
119
874
-1
875
59
876
154
877
60
878
137
879
-1
880
182
881
104
882
157
883
96
884
-1
885
139
886
73
887
85
888
93
889
-1
890
137
891
104
892
9
893
28
894
-1
895
28
896
24
897
2
898
85
899
-1
900
104
901
3
902
161
903
87
904
-1
905
35
906
125
907
155
908
77
909
-1
910
57
911
61
912
69
913
132
914
-1
915
66
916
59
917
34
918
20
919
-1
920
97
921
165
922
174
923
82
924
-1
925
142
926
142
927
27
928
61
929
-1
930
132
931
56
932
149
933
114
934
-1
935
103
936
95
937
42
938
81
939
-1
940
85
941
140
942
150
943
104
944
-1
945
107
946
111
947
54
948
100
949
-1
950
57
951
142
952
92
953
141
954
-1
955
129
956
146
957
88
958
150
959
-1
960
5
961
11
962
83
963
24
964
-1
965
94
966
167
967
39
968
148
969
-1
970
77
971
183
972
101
973
148
974
-1
975
71
976
53
977
145
978
7
979
-1
980
120
981
169
982
130
983
146
984
-1
985
147
986
117
987
114
988
12
989
-1
990
93
991
0
992
100
993
42
994
-1
995
7
996
177
997
133
998
80
999
-1
