********************************************************************************
The planted motif0 is:
TCCAGCGAC
0
104
1
-1
2
173
3
-1
4
111
5
-1
6
45
7
-1
8
81
9
-1
10
21
11
-1
12
116
13
-1
14
130
15
-1
16
159
17
-1
18
178
19
-1
20
4
21
-1
22
67
23
-1
24
83
25
-1
26
120
27
-1
28
87
29
-1
30
94
31
-1
32
158
33
-1
34
106
35
-1
36
3
37
-1
38
120
39
-1
40
48
41
-1
42
18
43
-1
44
97
45
-1
46
27
47
-1
48
91
49
-1
50
7
51
-1
52
179
53
-1
54
73
55
-1
56
68
57
-1
58
110
59
-1
60
112
61
-1
62
110
63
-1
64
133
65
-1
66
127
67
-1
68
28
69
-1
70
138
71
-1
72
41
73
-1
74
42
75
-1
76
73
77
-1
78
24
79
-1
80
42
81
-1
82
161
83
-1
84
133
85
-1
86
156
87
-1
88
148
89
-1
90
152
91
-1
92
51
93
-1
94
60
95
-1
96
39
97
-1
98
74
99
-1
100
135
101
-1
102
4
103
-1
104
40
105
-1
106
185
107
-1
108
165
109
-1
110
175
111
-1
112
108
113
-1
114
44
115
-1
116
123
117
-1
118
55
119
-1
120
141
121
-1
122
162
123
-1
124
64
125
-1
126
68
127
-1
128
38
129
-1
130
174
131
-1
132
35
133
-1
134
5
135
-1
136
148
137
-1
138
41
139
-1
140
146
141
-1
142
65
143
-1
144
125
145
-1
146
16
147
-1
148
150
149
-1
150
5
151
-1
152
146
153
-1
154
63
155
-1
156
80
157
-1
158
47
159
-1
160
166
161
-1
162
57
163
-1
164
176
165
-1
166
74
167
-1
168
153
169
-1
170
90
171
-1
172
26
173
-1
174
129
175
-1
176
20
177
-1
178
118
179
-1
180
128
181
-1
182
111
183
-1
184
59
185
-1
186
142
187
-1
188
141
189
-1
190
54
191
-1
192
106
193
-1
194
129
195
-1
196
102
197
-1
198
69
199
-1
200
70
201
-1
202
135
203
-1
204
152
205
-1
206
22
207
-1
208
131
209
-1
210
121
211
-1
212
133
213
-1
214
138
215
-1
216
130
217
-1
218
142
219
-1
220
37
221
-1
222
97
223
-1
224
172
225
-1
226
132
227
-1
228
18
229
-1
230
28
231
-1
232
51
233
-1
234
33
235
-1
236
113
237
-1
238
30
239
-1
240
18
241
-1
242
21
243
-1
244
187
245
-1
246
129
247
-1
248
7
249
-1
250
144
251
-1
252
69
253
-1
254
1
255
-1
256
11
257
-1
258
65
259
-1
260
35
261
-1
262
49
263
-1
264
12
265
-1
266
100
267
-1
268
25
269
-1
270
126
271
-1
272
150
273
-1
274
100
275
-1
276
76
277
-1
278
51
279
-1
280
99
281
-1
282
95
283
-1
284
20
285
-1
286
186
287
-1
288
51
289
-1
290
23
291
-1
292
188
293
-1
294
153
295
-1
296
152
297
-1
298
183
299
-1
300
41
301
-1
302
84
303
-1
304
19
305
-1
306
143
307
-1
308
85
309
-1
310
72
311
-1
312
93
313
-1
314
172
315
-1
316
63
317
-1
318
147
319
-1
320
134
321
-1
322
85
323
-1
324
8
325
-1
326
50
327
-1
328
124
329
-1
330
83
331
-1
332
85
333
-1
334
94
335
-1
336
34
337
-1
338
157
339
-1
340
12
341
-1
342
16
343
-1
344
91
345
-1
346
126
347
-1
348
140
349
-1
350
41
351
-1
352
104
353
-1
354
150
355
-1
356
38
357
-1
358
131
359
-1
360
67
361
-1
362
38
363
-1
364
132
365
-1
366
87
367
-1
368
159
369
-1
370
123
371
-1
372
162
373
-1
374
191
375
-1
376
161
377
-1
378
165
379
-1
380
107
381
-1
382
128
383
-1
384
15
385
-1
386
1
387
-1
388
85
389
-1
390
94
391
-1
392
144
393
-1
394
100
395
-1
396
12
397
-1
398
3
399
-1
400
185
401
-1
402
55
403
-1
404
20
405
-1
406
112
407
-1
408
7
409
-1
410
53
411
-1
412
142
413
-1
414
52
415
-1
416
182
417
-1
418
127
419
-1
420
183
421
-1
422
117
423
-1
424
152
425
-1
426
159
427
-1
428
16
429
-1
430
23
431
-1
432
89
433
-1
434
1
435
-1
436
99
437
-1
438
117
439
-1
440
170
441
-1
442
38
443
-1
444
35
445
-1
446
47
447
-1
448
58
449
-1
450
105
451
-1
452
19
453
-1
454
57
455
-1
456
132
457
-1
458
14
459
-1
460
93
461
-1
462
81
463
-1
464
69
465
-1
466
52
467
-1
468
140
469
-1
470
42
471
-1
472
127
473
-1
474
39
475
-1
476
34
477
-1
478
133
479
-1
480
143
481
-1
482
129
483
-1
484
140
485
-1
486
167
487
-1
488
102
489
-1
490
92
491
-1
492
154
493
-1
494
143
495
-1
496
175
497
-1
498
120
499
-1
500
86
501
-1
502
125
503
-1
504
68
505
-1
506
78
507
-1
508
116
509
-1
510
69
511
-1
512
118
513
-1
514
28
515
-1
516
74
517
-1
518
46
519
-1
520
170
521
-1
522
160
523
-1
524
152
525
-1
526
45
527
-1
528
8
529
-1
530
83
531
-1
532
90
533
-1
534
83
535
-1
536
115
537
-1
538
14
539
-1
540
44
541
-1
542
129
543
-1
544
34
545
-1
546
9
547
-1
548
35
549
-1
550
50
551
-1
552
79
553
-1
554
30
555
-1
556
161
557
-1
558
71
559
-1
560
169
561
-1
562
100
563
-1
564
72
565
-1
566
167
567
-1
568
140
569
-1
570
81
571
-1
572
77
573
-1
574
61
575
-1
576
16
577
-1
578
158
579
-1
580
111
581
-1
582
18
583
-1
584
8
585
-1
586
177
587
-1
588
165
589
-1
590
125
591
-1
592
0
593
-1
594
70
595
-1
596
72
597
-1
598
68
599
-1
600
147
601
-1
602
129
603
-1
604
7
605
-1
606
151
607
-1
608
103
609
-1
610
117
611
-1
612
45
613
-1
614
143
615
-1
616
72
617
-1
618
43
619
-1
620
189
621
-1
622
139
623
-1
624
123
625
-1
626
112
627
-1
628
17
629
-1
630
91
631
-1
632
129
633
-1
634
168
635
-1
636
90
637
-1
638
64
639
-1
640
58
641
-1
642
190
643
-1
644
172
645
-1
646
63
647
-1
648
63
649
-1
650
77
651
-1
652
131
653
-1
654
177
655
-1
656
116
657
-1
658
132
659
-1
660
75
661
-1
662
86
663
-1
664
39
665
-1
666
66
667
-1
668
98
669
-1
670
99
671
-1
672
78
673
-1
674
24
675
-1
676
191
677
-1
678
26
679
-1
680
32
681
-1
682
137
683
-1
684
165
685
-1
686
71
687
-1
688
61
689
-1
690
148
691
-1
692
131
693
-1
694
101
695
-1
696
41
697
-1
698
133
699
-1
700
28
701
-1
702
123
703
-1
704
131
705
-1
706
17
707
-1
708
129
709
-1
710
107
711
-1
712
6
713
-1
714
126
715
-1
716
12
717
-1
718
158
719
-1
720
20
721
-1
722
9
723
-1
724
28
725
-1
726
24
727
-1
728
68
729
-1
730
146
731
-1
732
143
733
-1
734
123
735
-1
736
23
737
-1
738
12
739
-1
740
99
741
-1
742
13
743
-1
744
115
745
-1
746
123
747
-1
748
175
749
-1
750
189
751
-1
752
108
753
-1
754
143
755
-1
756
127
757
-1
758
13
759
-1
760
170
761
-1
762
103
763
-1
764
20
765
-1
766
128
767
-1
768
100
769
-1
770
111
771
-1
772
173
773
-1
774
189
775
-1
776
63
777
-1
778
168
779
-1
780
3
781
-1
782
104
783
-1
784
17
785
-1
786
65
787
-1
788
123
789
-1
790
29
791
-1
792
144
793
-1
794
161
795
-1
796
15
797
-1
798
158
799
-1
800
57
801
-1
802
97
803
-1
804
3
805
-1
806
83
807
-1
808
30
809
-1
810
1
811
-1
812
115
813
-1
814
118
815
-1
816
27
817
-1
818
153
819
-1
820
22
821
-1
822
109
823
-1
824
118
825
-1
826
171
827
-1
828
173
829
-1
830
125
831
-1
832
118
833
-1
834
169
835
-1
836
95
837
-1
838
91
839
-1
840
11
841
-1
842
185
843
-1
844
95
845
-1
846
180
847
-1
848
128
849
-1
850
22
851
-1
852
141
853
-1
854
104
855
-1
856
160
857
-1
858
160
859
-1
860
7
861
-1
862
57
863
-1
864
55
865
-1
866
79
867
-1
868
32
869
-1
870
1
871
-1
872
97
873
-1
874
18
875
-1
876
60
877
-1
878
80
879
-1
880
101
881
-1
882
79
883
-1
884
159
885
-1
886
32
887
-1
888
12
889
-1
890
100
891
-1
892
26
893
-1
894
166
895
-1
896
154
897
-1
898
27
899
-1
900
100
901
-1
902
58
903
-1
904
77
905
-1
906
139
907
-1
908
16
909
-1
910
34
911
-1
912
167
913
-1
914
65
915
-1
916
156
917
-1
918
145
919
-1
920
53
921
-1
922
138
923
-1
924
0
925
-1
926
161
927
-1
928
93
929
-1
930
54
931
-1
932
177
933
-1
934
128
935
-1
936
37
937
-1
938
43
939
-1
940
135
941
-1
942
164
943
-1
944
128
945
-1
946
106
947
-1
948
127
949
-1
950
41
951
-1
952
38
953
-1
954
95
955
-1
956
120
957
-1
958
104
959
-1
960
60
961
-1
962
63
963
-1
964
176
965
-1
966
168
967
-1
968
182
969
-1
970
21
971
-1
972
141
973
-1
974
189
975
-1
976
0
977
-1
978
115
979
-1
980
142
981
-1
982
45
983
-1
984
162
985
-1
986
53
987
-1
988
164
989
-1
990
163
991
-1
992
44
993
-1
994
106
995
-1
996
144
997
-1
998
145
999
-1
1000
127
1001
-1
1002
85
1003
-1
1004
141
1005
-1
1006
83
1007
-1
1008
57
1009
-1
1010
15
1011
-1
1012
12
1013
-1
1014
90
1015
-1
1016
163
1017
-1
1018
14
1019
-1
1020
112
1021
-1
1022
178
1023
-1
1024
64
1025
-1
1026
70
1027
-1
1028
10
1029
-1
1030
85
1031
-1
1032
94
1033
-1
1034
186
1035
-1
1036
66
1037
-1
1038
172
1039
-1
1040
126
1041
-1
1042
96
1043
-1
1044
80
1045
-1
1046
131
1047
-1
1048
96
1049
-1
1050
32
1051
-1
1052
133
1053
-1
1054
7
1055
-1
1056
31
1057
-1
1058
87
1059
-1
1060
115
1061
-1
1062
99
1063
-1
1064
145
1065
-1
1066
43
1067
-1
1068
155
1069
-1
1070
19
1071
-1
1072
183
1073
-1
1074
119
1075
-1
1076
115
1077
-1
1078
69
1079
-1
1080
76
1081
-1
1082
22
1083
-1
1084
60
1085
-1
1086
150
1087
-1
1088
171
1089
-1
1090
36
1091
-1
1092
81
1093
-1
1094
49
1095
-1
1096
35
1097
-1
1098
10
1099
-1
1100
31
1101
-1
1102
71
1103
-1
1104
59
1105
-1
1106
92
1107
-1
1108
120
1109
-1
1110
186
1111
-1
1112
139
1113
-1
1114
89
1115
-1
1116
184
1117
-1
1118
112
1119
-1
1120
111
1121
-1
1122
130
1123
-1
1124
163
1125
-1
1126
111
1127
-1
1128
138
1129
-1
1130
146
1131
-1
1132
81
1133
-1
1134
170
1135
-1
1136
122
1137
-1
1138
151
1139
-1
1140
182
1141
-1
1142
120
1143
-1
1144
95
1145
-1
1146
116
1147
-1
1148
164
1149
-1
1150
53
1151
-1
1152
85
1153
-1
1154
24
1155
-1
1156
179
1157
-1
1158
73
1159
-1
1160
186
1161
-1
1162
18
1163
-1
1164
152
1165
-1
1166
177
1167
-1
1168
174
1169
-1
1170
17
1171
-1
1172
30
1173
-1
1174
101
1175
-1
1176
51
1177
-1
1178
107
1179
-1
1180
21
1181
-1
1182
109
1183
-1
1184
122
1185
-1
1186
151
1187
-1
1188
133
1189
-1
1190
176
1191
-1
1192
68
1193
-1
1194
134
1195
-1
1196
163
1197
-1
1198
99
1199
-1
1200
3
1201
-1
1202
65
1203
-1
1204
145
1205
-1
1206
27
1207
-1
1208
159
1209
-1
1210
20
1211
-1
1212
131
1213
-1
1214
61
1215
-1
1216
188
1217
-1
1218
175
1219
-1
1220
120
1221
-1
1222
153
1223
-1
1224
148
1225
-1
1226
159
1227
-1
1228
146
1229
-1
1230
185
1231
-1
1232
18
1233
-1
1234
157
1235
-1
1236
23
1237
-1
1238
123
1239
-1
1240
107
1241
-1
1242
17
1243
-1
1244
87
1245
-1
1246
53
1247
-1
1248
114
1249
-1
1250
75
1251
-1
1252
43
1253
-1
1254
156
1255
-1
1256
96
1257
-1
1258
70
1259
-1
1260
74
1261
-1
1262
62
1263
-1
1264
156
1265
-1
1266
92
1267
-1
1268
30
1269
-1
1270
85
1271
-1
1272
142
1273
-1
1274
71
1275
-1
1276
174
1277
-1
1278
53
1279
-1
1280
53
1281
-1
1282
36
1283
-1
1284
69
1285
-1
1286
53
1287
-1
1288
83
1289
-1
1290
8
1291
-1
1292
116
1293
-1
1294
125
1295
-1
1296
0
1297
-1
1298
162
1299
-1
1300
93
1301
-1
1302
162
1303
-1
1304
15
1305
-1
1306
77
1307
-1
1308
65
1309
-1
1310
190
1311
-1
1312
0
1313
-1
1314
107
1315
-1
1316
44
1317
-1
1318
80
1319
-1
1320
145
1321
-1
1322
102
1323
-1
1324
187
1325
-1
1326
169
1327
-1
1328
169
1329
-1
1330
111
1331
-1
1332
29
1333
-1
1334
182
1335
-1
1336
33
1337
-1
1338
190
1339
-1
1340
40
1341
-1
1342
78
1343
-1
1344
50
1345
-1
1346
67
1347
-1
1348
152
1349
-1
1350
45
1351
-1
1352
161
1353
-1
1354
129
1355
-1
1356
179
1357
-1
1358
173
1359
-1
1360
23
1361
-1
1362
167
1363
-1
1364
99
1365
-1
1366
79
1367
-1
1368
3
1369
-1
1370
72
1371
-1
1372
156
1373
-1
1374
71
1375
-1
1376
58
1377
-1
1378
158
1379
-1
1380
103
1381
-1
1382
141
1383
-1
1384
0
1385
-1
1386
94
1387
-1
1388
118
1389
-1
1390
64
1391
-1
1392
177
1393
-1
1394
169
1395
-1
1396
66
1397
-1
1398
38
1399
-1
1400
23
1401
-1
1402
42
1403
-1
1404
79
1405
-1
1406
125
1407
-1
1408
6
1409
-1
1410
183
1411
-1
1412
139
1413
-1
1414
86
1415
-1
1416
180
1417
-1
1418
74
1419
-1
1420
83
1421
-1
1422
21
1423
-1
1424
18
1425
-1
1426
52
1427
-1
1428
159
1429
-1
1430
76
1431
-1
1432
116
1433
-1
1434
159
1435
-1
1436
21
1437
-1
1438
128
1439
-1
1440
124
1441
-1
1442
30
1443
-1
1444
53
1445
-1
1446
23
1447
-1
1448
185
1449
-1
1450
72
1451
-1
1452
16
1453
-1
1454
41
1455
-1
1456
147
1457
-1
1458
184
1459
-1
1460
65
1461
-1
1462
177
1463
-1
1464
41
1465
-1
1466
70
1467
-1
1468
83
1469
-1
1470
53
1471
-1
1472
55
1473
-1
1474
163
1475
-1
1476
126
1477
-1
1478
187
1479
-1
1480
178
1481
-1
1482
134
1483
-1
1484
99
1485
-1
1486
117
1487
-1
1488
48
1489
-1
1490
84
1491
-1
1492
165
1493
-1
1494
132
1495
-1
1496
94
1497
-1
1498
120
1499
-1
1500
163
1501
-1
1502
45
1503
-1
1504
121
1505
-1
1506
20
1507
-1
1508
13
1509
-1
1510
98
1511
-1
1512
185
1513
-1
1514
58
1515
-1
1516
79
1517
-1
1518
123
1519
-1
1520
109
1521
-1
1522
179
1523
-1
1524
97
1525
-1
1526
131
1527
-1
1528
78
1529
-1
1530
108
1531
-1
1532
133
1533
-1
1534
60
1535
-1
1536
131
1537
-1
1538
126
1539
-1
1540
56
1541
-1
1542
38
1543
-1
1544
94
1545
-1
1546
175
1547
-1
1548
67
1549
-1
1550
176
1551
-1
1552
133
1553
-1
1554
45
1555
-1
1556
169
1557
-1
1558
131
1559
-1
1560
16
1561
-1
1562
151
1563
-1
1564
70
1565
-1
1566
63
1567
-1
1568
34
1569
-1
1570
167
1571
-1
1572
47
1573
-1
1574
133
1575
-1
1576
79
1577
-1
1578
136
1579
-1
1580
104
1581
-1
1582
100
1583
-1
1584
63
1585
-1
1586
153
1587
-1
1588
114
1589
-1
1590
40
1591
-1
1592
184
1593
-1
1594
48
1595
-1
1596
187
1597
-1
1598
77
1599
-1
1600
19
1601
-1
1602
160
1603
-1
1604
68
1605
-1
1606
75
1607
-1
1608
165
1609
-1
1610
49
1611
-1
1612
17
1613
-1
1614
146
1615
-1
1616
142
1617
-1
1618
162
1619
-1
1620
97
1621
-1
1622
187
1623
-1
1624
131
1625
-1
1626
73
1627
-1
1628
164
1629
-1
1630
175
1631
-1
1632
82
1633
-1
1634
44
1635
-1
1636
184
1637
-1
1638
23
1639
-1
1640
81
1641
-1
1642
168
1643
-1
1644
18
1645
-1
1646
171
1647
-1
1648
176
1649
-1
1650
169
1651
-1
1652
83
1653
-1
1654
101
1655
-1
1656
146
1657
-1
1658
60
1659
-1
1660
40
1661
-1
1662
13
1663
-1
1664
156
1665
-1
1666
85
1667
-1
1668
179
1669
-1
1670
69
1671
-1
1672
101
1673
-1
1674
68
1675
-1
1676
47
1677
-1
1678
39
1679
-1
1680
86
1681
-1
1682
44
1683
-1
1684
139
1685
-1
1686
125
1687
-1
1688
78
1689
-1
1690
172
1691
-1
1692
154
1693
-1
1694
102
1695
-1
1696
16
1697
-1
1698
2
1699
-1
1700
22
1701
-1
1702
93
1703
-1
1704
114
1705
-1
1706
27
1707
-1
1708
83
1709
-1
1710
181
1711
-1
1712
149
1713
-1
1714
177
1715
-1
1716
111
1717
-1
1718
47
1719
-1
1720
158
1721
-1
1722
15
1723
-1
1724
11
1725
-1
1726
32
1727
-1
1728
91
1729
-1
1730
124
1731
-1
1732
124
1733
-1
1734
76
1735
-1
1736
88
1737
-1
1738
10
1739
-1
1740
57
1741
-1
1742
104
1743
-1
1744
142
1745
-1
1746
96
1747
-1
1748
6
1749
-1
1750
151
1751
-1
1752
47
1753
-1
1754
180
1755
-1
1756
64
1757
-1
1758
74
1759
-1
1760
118
1761
-1
1762
115
1763
-1
1764
13
1765
-1
1766
150
1767
-1
1768
45
1769
-1
1770
83
1771
-1
1772
77
1773
-1
1774
20
1775
-1
1776
13
1777
-1
1778
161
1779
-1
1780
98
1781
-1
1782
1
1783
-1
1784
115
1785
-1
1786
40
1787
-1
1788
124
1789
-1
1790
94
1791
-1
1792
180
1793
-1
1794
35
1795
-1
1796
17
1797
-1
1798
146
1799
-1
1800
31
1801
-1
1802
54
1803
-1
1804
8
1805
-1
1806
165
1807
-1
1808
128
1809
-1
1810
80
1811
-1
1812
135
1813
-1
1814
90
1815
-1
1816
107
1817
-1
1818
128
1819
-1
1820
126
1821
-1
1822
131
1823
-1
1824
163
1825
-1
1826
89
1827
-1
1828
189
1829
-1
1830
61
1831
-1
1832
115
1833
-1
1834
48
1835
-1
1836
108
1837
-1
1838
90
1839
-1
1840
172
1841
-1
1842
70
1843
-1
1844
4
1845
-1
1846
15
1847
-1
1848
141
1849
-1
1850
41
1851
-1
1852
66
1853
-1
1854
127
1855
-1
1856
155
1857
-1
1858
53
1859
-1
1860
132
1861
-1
1862
67
1863
-1
1864
186
1865
-1
1866
54
1867
-1
1868
138
1869
-1
1870
87
1871
-1
1872
38
1873
-1
1874
20
1875
-1
1876
150
1877
-1
1878
151
1879
-1
1880
6
1881
-1
1882
68
1883
-1
1884
13
1885
-1
1886
95
1887
-1
1888
56
1889
-1
1890
35
1891
-1
1892
171
1893
-1
1894
47
1895
-1
1896
169
1897
-1
1898
128
1899
-1
1900
47
1901
-1
1902
174
1903
-1
1904
180
1905
-1
1906
71
1907
-1
1908
84
1909
-1
1910
142
1911
-1
1912
152
1913
-1
1914
89
1915
-1
1916
171
1917
-1
1918
40
1919
-1
1920
175
1921
-1
1922
89
1923
-1
1924
83
1925
-1
1926
34
1927
-1
1928
156
1929
-1
1930
17
1931
-1
1932
187
1933
-1
1934
86
1935
-1
1936
2
1937
-1
1938
165
1939
-1
1940
21
1941
-1
1942
93
1943
-1
1944
191
1945
-1
1946
103
1947
-1
1948
105
1949
-1
1950
101
1951
-1
1952
60
1953
-1
1954
20
1955
-1
1956
62
1957
-1
1958
107
1959
-1
1960
41
1961
-1
1962
70
1963
-1
1964
48
1965
-1
1966
61
1967
-1
1968
125
1969
-1
1970
56
1971
-1
1972
132
1973
-1
1974
25
1975
-1
1976
67
1977
-1
1978
84
1979
-1
1980
114
1981
-1
1982
158
1983
-1
1984
162
1985
-1
1986
123
1987
-1
1988
109
1989
-1
1990
110
1991
-1
1992
22
1993
-1
1994
96
1995
-1
1996
165
1997
-1
1998
55
1999
-1
