********************************************************************************
The planted motif0 is:
GGAGGTTACATCTATGGCCCT
0
129
1
32
2
6
3
54
4
-1
5
62
6
100
7
133
8
42
9
-1
10
127
11
13
12
79
13
98
14
-1
15
140
16
164
17
70
18
51
19
-1
20
42
21
10
22
13
23
171
24
-1
25
94
26
69
27
44
28
34
29
-1
30
127
31
15
32
29
33
158
34
-1
35
38
36
68
37
49
38
176
39
-1
40
50
41
104
42
63
43
38
44
-1
45
73
46
151
47
112
48
179
49
-1
50
107
51
112
52
148
53
13
54
-1
55
40
56
117
57
145
58
112
59
-1
60
106
61
143
62
172
63
163
64
-1
65
149
66
11
67
70
68
63
69
-1
70
137
71
100
72
147
73
58
74
-1
75
83
76
103
77
88
78
107
79
-1
80
137
81
96
82
90
83
9
84
-1
85
89
86
35
87
138
88
60
89
-1
90
170
91
150
92
69
93
146
94
-1
95
73
96
112
97
20
98
51
99
-1
100
141
101
58
102
177
103
100
104
-1
105
75
106
144
107
166
108
144
109
-1
110
41
111
44
112
137
113
60
114
-1
115
42
116
26
117
108
118
123
119
-1
120
87
121
158
122
134
123
49
124
-1
125
97
126
179
127
142
128
81
129
-1
130
121
131
119
132
166
133
52
134
-1
135
64
136
79
137
104
138
114
139
-1
140
57
141
59
142
30
143
96
144
-1
145
130
146
170
147
7
148
145
149
-1
150
31
151
18
152
172
153
169
154
-1
155
50
156
17
157
150
158
167
159
-1
160
137
161
30
162
66
163
80
164
-1
165
129
166
51
167
58
168
116
169
-1
170
64
171
87
172
115
173
41
174
-1
175
81
176
7
177
30
178
151
179
-1
180
139
181
61
182
45
183
95
184
-1
185
152
186
22
187
149
188
64
189
-1
190
31
191
132
192
78
193
155
194
-1
195
24
196
98
197
114
198
49
199
-1
200
92
201
27
202
118
203
68
204
-1
205
15
206
62
207
23
208
14
209
-1
210
7
211
51
212
127
213
46
214
-1
215
64
216
55
217
44
218
95
219
-1
220
164
221
96
222
97
223
58
224
-1
225
61
226
67
227
77
228
167
229
-1
230
161
231
40
232
141
233
100
234
-1
235
30
236
55
237
106
238
40
239
-1
240
34
241
146
242
178
243
177
244
-1
245
51
246
175
247
65
248
114
249
-1
250
47
251
40
252
70
253
11
254
-1
255
3
256
22
257
149
258
11
259
-1
260
111
261
144
262
115
263
98
264
-1
265
142
266
27
267
70
268
10
269
-1
270
143
271
2
272
61
273
167
274
-1
275
1
276
128
277
16
278
58
279
-1
280
16
281
77
282
93
283
77
284
-1
285
165
286
67
287
94
288
16
289
-1
290
89
291
52
292
17
293
73
294
-1
295
63
296
63
297
80
298
179
299
-1
300
96
301
122
302
60
303
155
304
-1
305
154
306
88
307
158
308
90
309
-1
310
32
311
151
312
7
313
45
314
-1
315
16
316
64
317
154
318
122
319
-1
320
0
321
95
322
96
323
46
324
-1
325
25
326
64
327
135
328
111
329
-1
330
123
331
94
332
22
333
59
334
-1
335
120
336
141
337
106
338
69
339
-1
340
85
341
56
342
68
343
93
344
-1
345
64
346
12
347
129
348
68
349
-1
350
17
351
83
352
170
353
43
354
-1
355
175
356
26
357
29
358
88
359
-1
360
142
361
66
362
49
363
115
364
-1
365
67
366
117
367
73
368
169
369
-1
370
123
371
72
372
131
373
97
374
-1
375
4
376
92
377
118
378
119
379
-1
380
54
381
146
382
17
383
62
384
-1
385
20
386
18
387
86
388
49
389
-1
390
17
391
176
392
136
393
161
394
-1
395
51
396
3
397
138
398
67
399
-1
400
82
401
160
402
50
403
36
404
-1
405
118
406
1
407
167
408
85
409
-1
410
83
411
78
412
169
413
162
414
-1
415
177
416
85
417
15
418
130
419
-1
420
6
421
119
422
27
423
30
424
-1
425
169
426
51
427
94
428
64
429
-1
430
26
431
67
432
134
433
34
434
-1
435
19
436
36
437
1
438
4
439
-1
440
176
441
116
442
133
443
134
444
-1
445
156
446
152
447
79
448
163
449
-1
450
100
451
84
452
97
453
161
454
-1
455
87
456
168
457
129
458
47
459
-1
460
97
461
40
462
95
463
162
464
-1
465
83
466
25
467
38
468
38
469
-1
470
71
471
108
472
179
473
33
474
-1
475
5
476
140
477
47
478
126
479
-1
480
160
481
71
482
154
483
76
484
-1
485
56
486
68
487
147
488
76
489
-1
490
171
491
15
492
172
493
96
494
-1
495
12
496
45
497
174
498
64
499
-1
500
86
501
15
502
103
503
160
504
-1
505
114
506
86
507
37
508
155
509
-1
510
113
511
133
512
26
513
77
514
-1
515
134
516
69
517
68
518
89
519
-1
520
23
521
176
522
66
523
96
524
-1
525
14
526
33
527
84
528
176
529
-1
530
178
531
147
532
124
533
16
534
-1
535
30
536
165
537
163
538
166
539
-1
540
52
541
77
542
27
543
20
544
-1
545
127
546
71
547
132
548
112
549
-1
550
54
551
139
552
100
553
144
554
-1
555
151
556
22
557
10
558
70
559
-1
560
96
561
117
562
23
563
46
564
-1
565
141
566
14
567
46
568
141
569
-1
570
46
571
113
572
0
573
0
574
-1
575
159
576
42
577
58
578
17
579
-1
580
136
581
91
582
174
583
177
584
-1
585
21
586
115
587
176
588
5
589
-1
590
80
591
131
592
29
593
30
594
-1
595
131
596
93
597
57
598
14
599
-1
