********************************************************************************
The planted motif0 is:
CAAGATTTGATGCCC
0
69
1
20
2
105
3
13
4
-1
5
11
6
160
7
63
8
158
9
-1
10
85
11
63
12
5
13
11
14
-1
15
23
16
25
17
53
18
122
19
-1
20
35
21
20
22
161
23
39
24
-1
25
33
26
105
27
105
28
170
29
-1
30
136
31
63
32
172
33
58
34
-1
35
175
36
47
37
162
38
63
39
-1
40
112
41
92
42
154
43
135
44
-1
45
60
46
60
47
138
48
25
49
-1
50
141
51
115
52
121
53
137
54
-1
55
151
56
140
57
182
58
76
59
-1
60
38
61
157
62
49
63
166
64
-1
65
0
66
125
67
30
68
55
69
-1
70
18
71
24
72
173
73
175
74
-1
75
0
76
142
77
50
78
93
79
-1
80
162
81
69
82
140
83
135
84
-1
85
40
86
142
87
143
88
129
89
-1
90
109
91
90
92
146
93
39
94
-1
95
7
96
27
97
48
98
10
99
-1
100
32
101
158
102
114
103
71
104
-1
105
167
106
172
107
23
108
56
109
-1
110
137
111
101
112
94
113
168
114
-1
115
161
116
2
117
15
118
110
119
-1
120
77
121
28
122
171
123
122
124
-1
125
38
126
147
127
12
128
134
129
-1
130
39
131
32
132
58
133
74
134
-1
135
129
136
143
137
100
138
153
139
-1
140
12
141
76
142
135
143
102
144
-1
145
21
146
154
147
63
148
152
149
-1
150
166
151
35
152
19
153
31
154
-1
155
150
156
154
157
88
158
85
159
-1
160
109
161
178
162
0
163
150
164
-1
165
136
166
177
167
123
168
77
169
-1
170
78
171
96
172
177
173
115
174
-1
175
117
176
49
177
66
178
75
179
-1
180
67
181
131
182
101
183
59
184
-1
185
109
186
0
187
100
188
103
189
-1
190
54
191
132
192
184
193
142
194
-1
195
123
196
111
197
17
198
182
199
-1
200
150
201
81
202
179
203
134
204
-1
205
15
206
116
207
39
208
35
209
-1
210
66
211
49
212
95
213
25
214
-1
215
36
216
3
217
4
218
129
219
-1
220
45
221
50
222
37
223
74
224
-1
225
134
226
166
227
119
228
19
229
-1
230
166
231
184
232
7
233
72
234
-1
235
10
236
163
237
162
238
182
239
-1
240
185
241
74
242
6
243
68
244
-1
245
119
246
103
247
158
248
0
249
-1
250
63
251
105
252
69
253
36
254
-1
255
131
256
185
257
45
258
131
259
-1
260
14
261
159
262
169
263
151
264
-1
265
184
266
78
267
46
268
84
269
-1
270
69
271
113
272
85
273
176
274
-1
275
34
276
103
277
65
278
40
279
-1
280
100
281
32
282
37
283
153
284
-1
285
105
286
80
287
129
288
160
289
-1
290
5
291
71
292
145
293
27
294
-1
295
117
296
146
297
110
298
173
299
-1
300
89
301
28
302
147
303
7
304
-1
305
159
306
6
307
170
308
159
309
-1
310
159
311
105
312
94
313
104
314
-1
315
60
316
133
317
87
318
166
319
-1
320
133
321
47
322
45
323
110
324
-1
325
29
326
180
327
74
328
76
329
-1
330
53
331
25
332
132
333
176
334
-1
335
131
336
62
337
30
338
38
339
-1
340
99
341
82
342
172
343
32
344
-1
345
64
346
2
347
40
348
32
349
-1
350
15
351
62
352
89
353
24
354
-1
355
101
356
7
357
14
358
176
359
-1
360
45
361
34
362
171
363
17
364
-1
365
170
366
169
367
72
368
77
369
-1
370
77
371
157
372
10
373
60
374
-1
375
59
376
92
377
159
378
101
379
-1
380
97
381
160
382
134
383
135
384
-1
385
24
386
62
387
141
388
129
389
-1
390
17
391
156
392
106
393
90
394
-1
395
164
396
117
397
63
398
121
399
-1
400
157
401
163
402
171
403
135
404
-1
405
35
406
30
407
61
408
159
409
-1
410
25
411
165
412
124
413
113
414
-1
415
91
416
105
417
126
418
120
419
-1
420
34
421
28
422
124
423
148
424
-1
425
69
426
93
427
173
428
131
429
-1
430
39
431
104
432
48
433
57
434
-1
435
92
436
81
437
72
438
176
439
-1
440
165
441
18
442
18
443
113
444
-1
445
170
446
170
447
47
448
147
449
-1
450
83
451
55
452
46
453
35
454
-1
455
83
456
47
457
1
458
58
459
-1
460
3
461
113
462
179
463
9
464
-1
465
47
466
126
467
78
468
102
469
-1
470
26
471
146
472
135
473
34
474
-1
475
24
476
92
477
86
478
125
479
-1
480
33
481
167
482
144
483
135
484
-1
485
7
486
103
487
183
488
67
489
-1
490
147
491
84
492
41
493
169
494
-1
495
37
496
50
497
163
498
8
499
-1
500
182
501
52
502
39
503
47
504
-1
505
129
506
123
507
180
508
135
509
-1
510
74
511
101
512
137
513
51
514
-1
515
5
516
24
517
185
518
171
519
-1
520
44
521
63
522
7
523
75
524
-1
525
113
526
0
527
121
528
67
529
-1
530
136
531
165
532
63
533
22
534
-1
535
25
536
4
537
33
538
59
539
-1
540
101
541
130
542
79
543
23
544
-1
545
13
546
95
547
119
548
185
549
-1
550
156
551
14
552
160
553
63
554
-1
555
176
556
58
557
64
558
169
559
-1
560
9
561
1
562
157
563
110
564
-1
565
73
566
115
567
174
568
132
569
-1
570
62
571
59
572
91
573
81
574
-1
575
50
576
174
577
76
578
26
579
-1
580
88
581
106
582
111
583
52
584
-1
585
64
586
113
587
133
588
178
589
-1
590
106
591
113
592
53
593
72
594
-1
595
31
596
35
597
84
598
54
599
-1
600
173
601
21
602
156
603
177
604
-1
605
182
606
73
607
61
608
99
609
-1
610
50
611
116
612
100
613
67
614
-1
615
137
616
182
617
5
618
72
619
-1
620
176
621
120
622
27
623
134
624
-1
625
48
626
182
627
69
628
147
629
-1
630
159
631
174
632
115
633
100
634
-1
635
33
636
162
637
53
638
182
639
-1
640
73
641
44
642
112
643
66
644
-1
645
175
646
127
647
1
648
153
649
-1
650
113
651
171
652
141
653
54
654
-1
655
54
656
127
657
8
658
94
659
-1
660
136
661
46
662
82
663
136
664
-1
665
91
666
46
667
174
668
144
669
-1
670
10
671
120
672
102
673
98
674
-1
675
173
676
108
677
80
678
13
679
-1
680
103
681
37
682
93
683
37
684
-1
685
147
686
25
687
13
688
59
689
-1
690
73
691
63
692
29
693
49
694
-1
695
45
696
76
697
82
698
18
699
-1
700
168
701
9
702
0
703
105
704
-1
705
85
706
161
707
130
708
145
709
-1
710
185
711
71
712
32
713
48
714
-1
715
30
716
175
717
89
718
106
719
-1
720
40
721
21
722
172
723
7
724
-1
725
57
726
180
727
98
728
15
729
-1
730
182
731
176
732
145
733
86
734
-1
735
168
736
143
737
182
738
92
739
-1
740
41
741
79
742
54
743
173
744
-1
745
61
746
12
747
102
748
14
749
-1
750
15
751
168
752
155
753
108
754
-1
755
107
756
135
757
29
758
57
759
-1
760
139
761
140
762
31
763
139
764
-1
765
152
766
86
767
62
768
67
769
-1
770
129
771
21
772
173
773
1
774
-1
775
147
776
105
777
146
778
59
779
-1
780
139
781
182
782
103
783
84
784
-1
785
27
786
52
787
63
788
8
789
-1
790
167
791
48
792
67
793
173
794
-1
795
123
796
113
797
185
798
21
799
-1
800
59
801
78
802
165
803
19
804
-1
805
156
806
72
807
106
808
164
809
-1
810
50
811
180
812
182
813
0
814
-1
815
61
816
4
817
107
818
144
819
-1
820
161
821
71
822
102
823
75
824
-1
825
113
826
29
827
56
828
80
829
-1
830
113
831
36
832
144
833
159
834
-1
835
126
836
27
837
119
838
59
839
-1
840
154
841
60
842
137
843
182
844
-1
845
104
846
157
847
96
848
139
849
-1
850
73
851
85
852
93
853
137
854
-1
855
104
856
9
857
28
858
28
859
-1
860
24
861
2
862
85
863
104
864
-1
865
3
866
161
867
87
868
35
869
-1
870
125
871
155
872
77
873
57
874
-1
875
61
876
69
877
132
878
66
879
-1
880
59
881
34
882
20
883
97
884
-1
885
165
886
174
887
82
888
142
889
-1
890
142
891
27
892
61
893
132
894
-1
895
56
896
149
897
114
898
103
899
-1
900
95
901
42
902
81
903
85
904
-1
905
140
906
150
907
104
908
107
909
-1
910
111
911
54
912
100
913
57
914
-1
915
142
916
92
917
141
918
129
919
-1
920
146
921
88
922
150
923
5
924
-1
925
11
926
83
927
24
928
94
929
-1
930
167
931
39
932
148
933
77
934
-1
935
183
936
101
937
148
938
71
939
-1
940
53
941
145
942
7
943
120
944
-1
945
169
946
130
947
146
948
147
949
-1
950
117
951
114
952
12
953
93
954
-1
955
0
956
100
957
42
958
7
959
-1
960
177
961
133
962
80
963
139
964
-1
965
74
966
11
967
40
968
13
969
-1
970
123
971
103
972
11
973
55
974
-1
975
113
976
72
977
60
978
163
979
-1
980
12
981
29
982
54
983
14
984
-1
985
140
986
112
987
139
988
85
989
-1
990
14
991
61
992
87
993
181
994
-1
995
17
996
40
997
19
998
106
999
-1
1000
159
1001
184
1002
53
1003
173
1004
-1
1005
127
1006
103
1007
76
1008
56
1009
-1
1010
94
1011
63
1012
75
1013
30
1014
-1
1015
112
1016
46
1017
72
1018
115
1019
-1
1020
29
1021
61
1022
28
1023
146
1024
-1
1025
171
1026
33
1027
163
1028
113
1029
-1
1030
20
1031
112
1032
90
1033
103
1034
-1
1035
61
1036
131
1037
121
1038
32
1039
-1
1040
145
1041
154
1042
56
1043
130
1044
-1
1045
17
1046
111
1047
12
1048
78
1049
-1
1050
141
1051
2
1052
163
1053
53
1054
-1
1055
83
1056
152
1057
84
1058
130
1059
-1
1060
133
1061
144
1062
139
1063
5
1064
-1
1065
177
1066
185
1067
50
1068
53
1069
-1
1070
69
1071
2
1072
98
1073
151
1074
-1
1075
41
1076
42
1077
184
1078
10
1079
-1
1080
132
1081
16
1082
2
1083
34
1084
-1
1085
135
1086
36
1087
3
1088
101
1089
-1
1090
55
1091
5
1092
171
1093
123
1094
-1
1095
47
1096
134
1097
165
1098
29
1099
-1
1100
146
1101
67
1102
10
1103
52
1104
-1
1105
154
1106
148
1107
40
1108
75
1109
-1
1110
38
1111
94
1112
138
1113
60
1114
-1
1115
91
1116
125
1117
114
1118
4
1119
-1
1120
134
1121
130
1122
31
1123
19
1124
-1
1125
126
1126
153
1127
23
1128
179
1129
-1
1130
134
1131
109
1132
41
1133
176
1134
-1
1135
163
1136
163
1137
166
1138
22
1139
-1
1140
76
1141
120
1142
77
1143
59
1144
-1
1145
98
1146
49
1147
168
1148
140
1149
-1
1150
147
1151
20
1152
86
1153
27
1154
-1
1155
120
1156
29
1157
68
1158
132
1159
-1
1160
131
1161
7
1162
71
1163
57
1164
-1
1165
181
1166
97
1167
42
1168
114
1169
-1
1170
24
1171
106
1172
64
1173
142
1174
-1
1175
141
1176
123
1177
47
1178
18
1179
-1
1180
97
1181
119
1182
95
1183
84
1184
-1
1185
55
1186
66
1187
72
1188
102
1189
-1
1190
21
1191
128
1192
92
1193
36
1194
-1
1195
151
1196
168
1197
14
1198
145
1199
-1
1200
23
1201
140
1202
179
1203
63
1204
-1
1205
71
1206
109
1207
62
1208
155
1209
-1
1210
36
1211
120
1212
71
1213
60
1214
-1
1215
88
1216
110
1217
5
1218
27
1219
-1
1220
10
1221
19
1222
53
1223
119
1224
-1
1225
64
1226
24
1227
107
1228
43
1229
-1
1230
2
1231
116
1232
111
1233
153
1234
-1
1235
99
1236
131
1237
139
1238
57
1239
-1
1240
83
1241
78
1242
56
1243
62
1244
-1
1245
53
1246
47
1247
70
1248
78
1249
-1
1250
25
1251
41
1252
92
1253
36
1254
-1
1255
67
1256
157
1257
120
1258
150
1259
-1
1260
32
1261
6
1262
159
1263
157
1264
-1
1265
92
1266
64
1267
138
1268
57
1269
-1
1270
175
1271
117
1272
182
1273
100
1274
-1
1275
140
1276
25
1277
142
1278
22
1279
-1
1280
96
1281
121
1282
68
1283
106
1284
-1
1285
68
1286
183
1287
110
1288
42
1289
-1
1290
126
1291
14
1292
111
1293
11
1294
-1
1295
2
1296
1
1297
17
1298
167
1299
-1
1300
22
1301
78
1302
75
1303
7
1304
-1
1305
144
1306
174
1307
140
1308
51
1309
-1
1310
168
1311
162
1312
173
1313
70
1314
-1
1315
87
1316
44
1317
168
1318
80
1319
-1
1320
179
1321
20
1322
175
1323
29
1324
-1
1325
52
1326
166
1327
65
1328
175
1329
-1
1330
120
1331
21
1332
66
1333
167
1334
-1
1335
122
1336
154
1337
20
1338
41
1339
-1
1340
129
1341
77
1342
76
1343
113
1344
-1
1345
72
1346
121
1347
151
1348
79
1349
-1
1350
12
1351
132
1352
123
1353
146
1354
-1
1355
177
1356
63
1357
127
1358
114
1359
-1
1360
16
1361
183
1362
136
1363
97
1364
-1
1365
143
1366
169
1367
83
1368
103
1369
-1
1370
103
1371
10
1372
34
1373
84
1374
-1
1375
88
1376
83
1377
136
1378
126
1379
-1
1380
127
1381
75
1382
6
1383
169
1384
-1
1385
140
1386
112
1387
141
1388
138
1389
-1
1390
106
1391
143
1392
32
1393
91
1394
-1
1395
12
1396
100
1397
20
1398
112
1399
-1
1400
27
1401
181
1402
122
1403
86
1404
-1
1405
84
1406
28
1407
104
1408
22
1409
-1
1410
14
1411
179
1412
137
1413
82
1414
-1
1415
10
1416
7
1417
75
1418
111
1419
-1
1420
155
1421
182
1422
128
1423
94
1424
-1
1425
1
1426
73
1427
85
1428
89
1429
-1
1430
88
1431
142
1432
17
1433
9
1434
-1
1435
165
1436
179
1437
96
1438
98
1439
-1
1440
35
1441
97
1442
63
1443
28
1444
-1
1445
172
1446
183
1447
138
1448
38
1449
-1
1450
99
1451
114
1452
138
1453
149
1454
-1
1455
100
1456
114
1457
136
1458
10
1459
-1
1460
128
1461
101
1462
32
1463
151
1464
-1
1465
95
1466
55
1467
70
1468
82
1469
-1
1470
57
1471
185
1472
130
1473
17
1474
-1
1475
22
1476
148
1477
72
1478
109
1479
-1
1480
103
1481
151
1482
155
1483
12
1484
-1
1485
85
1486
64
1487
84
1488
162
1489
-1
1490
1
1491
181
1492
44
1493
28
1494
-1
1495
67
1496
36
1497
174
1498
74
1499
-1
1500
109
1501
66
1502
43
1503
24
1504
-1
1505
142
1506
33
1507
167
1508
183
1509
-1
1510
45
1511
115
1512
174
1513
34
1514
-1
1515
131
1516
17
1517
183
1518
6
1519
-1
1520
123
1521
102
1522
174
1523
113
1524
-1
1525
112
1526
117
1527
184
1528
181
1529
-1
1530
122
1531
177
1532
36
1533
30
1534
-1
1535
73
1536
159
1537
116
1538
71
1539
-1
1540
38
1541
77
1542
176
1543
124
1544
-1
1545
105
1546
176
1547
170
1548
89
1549
-1
1550
172
1551
182
1552
80
1553
27
1554
-1
1555
47
1556
47
1557
87
1558
121
1559
-1
1560
138
1561
3
1562
179
1563
107
1564
-1
1565
156
1566
97
1567
127
1568
124
1569
-1
1570
153
1571
101
1572
130
1573
81
1574
-1
1575
137
1576
82
1577
159
1578
92
1579
-1
1580
33
1581
17
1582
124
1583
115
1584
-1
1585
23
1586
10
1587
32
1588
26
1589
-1
1590
138
1591
156
1592
173
1593
146
1594
-1
1595
83
1596
143
1597
43
1598
13
1599
-1
1600
167
1601
185
1602
93
1603
88
1604
-1
1605
161
1606
165
1607
87
1608
178
1609
-1
1610
44
1611
82
1612
108
1613
169
1614
-1
1615
15
1616
96
1617
86
1618
182
1619
-1
1620
56
1621
39
1622
160
1623
82
1624
-1
1625
114
1626
165
1627
70
1628
111
1629
-1
1630
10
1631
66
1632
96
1633
182
1634
-1
1635
151
1636
28
1637
115
1638
7
1639
-1
1640
99
1641
22
1642
49
1643
54
1644
-1
1645
171
1646
31
1647
58
1648
84
1649
-1
1650
75
1651
25
1652
30
1653
127
1654
-1
1655
70
1656
122
1657
93
1658
166
1659
-1
1660
149
1661
49
1662
59
1663
49
1664
-1
1665
59
1666
131
1667
9
1668
49
1669
-1
1670
168
1671
127
1672
117
1673
167
1674
-1
1675
129
1676
17
1677
176
1678
169
1679
-1
1680
110
1681
86
1682
133
1683
71
1684
-1
1685
50
1686
43
1687
92
1688
53
1689
-1
1690
172
1691
20
1692
72
1693
41
1694
-1
1695
176
1696
5
1697
94
1698
85
1699
-1
1700
42
1701
54
1702
54
1703
30
1704
-1
1705
97
1706
63
1707
160
1708
120
1709
-1
1710
66
1711
122
1712
127
1713
34
1714
-1
1715
66
1716
12
1717
95
1718
7
1719
-1
1720
19
1721
12
1722
0
1723
122
1724
-1
1725
121
1726
50
1727
2
1728
8
1729
-1
1730
128
1731
107
1732
25
1733
5
1734
-1
1735
138
1736
138
1737
49
1738
165
1739
-1
1740
95
1741
54
1742
57
1743
58
1744
-1
1745
68
1746
119
1747
114
1748
4
1749
-1
1750
92
1751
76
1752
90
1753
92
1754
-1
1755
136
1756
94
1757
170
1758
93
1759
-1
1760
94
1761
145
1762
98
1763
16
1764
-1
1765
44
1766
73
1767
65
1768
19
1769
-1
1770
162
1771
81
1772
145
1773
12
1774
-1
1775
94
1776
73
1777
65
1778
176
1779
-1
1780
149
1781
144
1782
144
1783
161
1784
-1
1785
3
1786
182
1787
182
1788
141
1789
-1
1790
1
1791
151
1792
6
1793
38
1794
-1
1795
115
1796
64
1797
134
1798
81
1799
-1
1800
71
1801
101
1802
120
1803
69
1804
-1
1805
37
1806
123
1807
17
1808
139
1809
-1
1810
181
1811
152
1812
97
1813
15
1814
-1
1815
158
1816
93
1817
9
1818
86
1819
-1
1820
71
1821
89
1822
144
1823
24
1824
-1
1825
117
1826
54
1827
31
1828
30
1829
-1
1830
64
1831
99
1832
90
1833
76
1834
-1
1835
77
1836
124
1837
139
1838
135
1839
-1
1840
154
1841
55
1842
68
1843
180
1844
-1
1845
19
1846
117
1847
113
1848
110
1849
-1
1850
16
1851
59
1852
144
1853
35
1854
-1
1855
141
1856
144
1857
174
1858
90
1859
-1
1860
59
1861
43
1862
2
1863
54
1864
-1
1865
99
1866
121
1867
19
1868
26
1869
-1
1870
10
1871
27
1872
184
1873
59
1874
-1
1875
52
1876
60
1877
121
1878
165
1879
-1
1880
32
1881
163
1882
3
1883
6
1884
-1
1885
49
1886
100
1887
123
1888
154
1889
-1
1890
151
1891
31
1892
61
1893
144
1894
-1
1895
79
1896
51
1897
49
1898
107
1899
-1
1900
27
1901
100
1902
68
1903
63
1904
-1
1905
70
1906
116
1907
122
1908
122
1909
-1
1910
24
1911
84
1912
150
1913
9
1914
-1
1915
178
1916
10
1917
103
1918
87
1919
-1
1920
113
1921
82
1922
141
1923
80
1924
-1
1925
1
1926
79
1927
48
1928
43
1929
-1
1930
89
1931
87
1932
19
1933
150
1934
-1
1935
140
1936
114
1937
94
1938
10
1939
-1
1940
122
1941
141
1942
23
1943
141
1944
-1
1945
144
1946
42
1947
101
1948
12
1949
-1
1950
159
1951
6
1952
151
1953
7
1954
-1
1955
21
1956
28
1957
167
1958
174
1959
-1
1960
40
1961
127
1962
58
1963
95
1964
-1
1965
21
1966
153
1967
79
1968
61
1969
-1
1970
181
1971
137
1972
4
1973
25
1974
-1
1975
47
1976
163
1977
168
1978
169
1979
-1
1980
43
1981
159
1982
119
1983
12
1984
-1
1985
40
1986
60
1987
58
1988
39
1989
-1
1990
176
1991
138
1992
171
1993
152
1994
-1
1995
132
1996
81
1997
123
1998
34
1999
-1
