********************************************************************************
The planted motif0 is:
TACAGCAAA
0
31
1
175
2
176
3
177
4
-1
5
36
6
64
7
175
8
152
9
-1
10
48
11
86
12
172
13
161
14
-1
15
186
16
83
17
16
18
80
19
-1
20
165
21
81
22
1
23
167
24
-1
25
81
26
26
27
87
28
139
29
-1
30
89
31
82
32
135
33
146
34
-1
35
97
36
165
37
107
38
5
39
-1
40
29
41
145
42
35
43
62
44
-1
45
161
46
104
47
173
48
111
49
-1
50
45
51
81
52
21
53
116
54
-1
55
130
56
159
57
178
58
4
59
-1
60
67
61
83
62
120
63
87
64
-1
65
94
66
158
67
106
68
3
69
-1
70
120
71
48
72
18
73
97
74
-1
75
27
76
91
77
7
78
179
79
-1
80
73
81
68
82
110
83
112
84
-1
85
110
86
133
87
127
88
28
89
-1
90
138
91
41
92
42
93
73
94
-1
95
24
96
42
97
161
98
133
99
-1
100
156
101
148
102
152
103
51
104
-1
105
60
106
39
107
74
108
135
109
-1
110
4
111
40
112
185
113
165
114
-1
115
175
116
108
117
44
118
123
119
-1
120
55
121
141
122
162
123
64
124
-1
125
68
126
38
127
174
128
35
129
-1
130
5
131
148
132
41
133
146
134
-1
135
65
136
125
137
16
138
150
139
-1
140
5
141
146
142
63
143
80
144
-1
145
47
146
166
147
57
148
176
149
-1
150
74
151
153
152
90
153
26
154
-1
155
129
156
20
157
118
158
128
159
-1
160
111
161
59
162
142
163
141
164
-1
165
54
166
106
167
129
168
102
169
-1
170
69
171
70
172
135
173
152
174
-1
175
22
176
131
177
121
178
133
179
-1
180
138
181
130
182
142
183
37
184
-1
185
97
186
172
187
132
188
18
189
-1
190
28
191
51
192
33
193
113
194
-1
195
30
196
18
197
21
198
187
199
-1
200
129
201
7
202
144
203
69
204
-1
205
1
206
11
207
65
208
35
209
-1
210
49
211
12
212
100
213
25
214
-1
215
126
216
150
217
100
218
76
219
-1
220
51
221
99
222
95
223
20
224
-1
225
186
226
51
227
23
228
188
229
-1
230
153
231
152
232
183
233
41
234
-1
235
84
236
19
237
143
238
85
239
-1
240
72
241
93
242
172
243
63
244
-1
245
147
246
134
247
85
248
8
249
-1
250
50
251
124
252
83
253
85
254
-1
255
94
256
34
257
157
258
12
259
-1
260
16
261
91
262
126
263
140
264
-1
265
41
266
104
267
150
268
38
269
-1
270
131
271
67
272
38
273
132
274
-1
275
87
276
159
277
123
278
162
279
-1
280
191
281
161
282
165
283
107
284
-1
285
128
286
15
287
1
288
85
289
-1
290
94
291
144
292
100
293
12
294
-1
295
3
296
185
297
55
298
20
299
-1
300
112
301
7
302
53
303
142
304
-1
305
52
306
182
307
127
308
183
309
-1
310
117
311
152
312
159
313
16
314
-1
315
23
316
89
317
1
318
99
319
-1
320
117
321
170
322
38
323
35
324
-1
325
47
326
58
327
105
328
19
329
-1
330
57
331
132
332
14
333
93
334
-1
335
81
336
69
337
52
338
140
339
-1
340
42
341
127
342
39
343
34
344
-1
345
133
346
143
347
129
348
140
349
-1
350
167
351
102
352
92
353
154
354
-1
355
143
356
175
357
120
358
86
359
-1
360
125
361
68
362
78
363
116
364
-1
365
69
366
118
367
28
368
74
369
-1
370
46
371
170
372
160
373
152
374
-1
375
45
376
8
377
83
378
90
379
-1
380
83
381
115
382
14
383
44
384
-1
385
129
386
34
387
9
388
35
389
-1
390
50
391
79
392
30
393
161
394
-1
395
71
396
169
397
100
398
72
399
-1
400
167
401
140
402
81
403
77
404
-1
405
61
406
16
407
158
408
111
409
-1
410
18
411
8
412
177
413
165
414
-1
415
125
416
0
417
70
418
72
419
-1
420
68
421
147
422
129
423
7
424
-1
425
151
426
103
427
117
428
45
429
-1
430
143
431
72
432
43
433
189
434
-1
435
139
436
123
437
112
438
17
439
-1
440
91
441
129
442
168
443
90
444
-1
445
64
446
58
447
190
448
172
449
-1
450
63
451
63
452
77
453
131
454
-1
455
177
456
116
457
132
458
75
459
-1
460
86
461
39
462
66
463
98
464
-1
465
99
466
78
467
24
468
191
469
-1
470
26
471
32
472
137
473
165
474
-1
475
71
476
61
477
148
478
131
479
-1
480
101
481
41
482
133
483
28
484
-1
485
123
486
131
487
17
488
129
489
-1
490
107
491
6
492
126
493
12
494
-1
495
158
496
20
497
9
498
28
499
-1
500
24
501
68
502
146
503
143
504
-1
505
123
506
23
507
12
508
99
509
-1
510
13
511
115
512
123
513
175
514
-1
515
189
516
108
517
143
518
127
519
-1
520
13
521
170
522
103
523
20
524
-1
525
128
526
100
527
111
528
173
529
-1
530
189
531
63
532
168
533
3
534
-1
535
104
536
17
537
65
538
123
539
-1
540
29
541
144
542
161
543
15
544
-1
545
158
546
57
547
97
548
3
549
-1
550
83
551
30
552
1
553
115
554
-1
555
118
556
27
557
153
558
22
559
-1
560
109
561
118
562
171
563
173
564
-1
565
125
566
118
567
169
568
95
569
-1
570
91
571
11
572
185
573
95
574
-1
575
180
576
128
577
22
578
141
579
-1
580
104
581
160
582
160
583
7
584
-1
585
57
586
55
587
79
588
32
589
-1
590
1
591
97
592
18
593
60
594
-1
595
80
596
101
597
79
598
159
599
-1
