********************************************************************************
The planted motif0 is:
CAAGCCCGTCTCCCT
0
166
1
-1
2
0
3
-1
4
125
5
-1
6
30
7
-1
8
55
9
-1
10
18
11
-1
12
24
13
-1
14
173
15
-1
16
175
17
-1
18
0
19
-1
20
142
21
-1
22
50
23
-1
24
93
25
-1
26
162
27
-1
28
69
29
-1
30
140
31
-1
32
135
33
-1
34
40
35
-1
36
142
37
-1
38
143
39
-1
40
129
41
-1
42
109
43
-1
44
90
45
-1
46
146
47
-1
48
39
49
-1
50
7
51
-1
52
27
53
-1
54
48
55
-1
56
10
57
-1
58
32
59
-1
60
158
61
-1
62
114
63
-1
64
71
65
-1
66
167
67
-1
68
172
69
-1
70
23
71
-1
72
56
73
-1
74
137
75
-1
76
101
77
-1
78
94
79
-1
80
168
81
-1
82
161
83
-1
84
2
85
-1
86
15
87
-1
88
110
89
-1
90
77
91
-1
92
28
93
-1
94
171
95
-1
96
122
97
-1
98
38
99
-1
100
147
101
-1
102
12
103
-1
104
134
105
-1
106
39
107
-1
108
32
109
-1
110
58
111
-1
112
74
113
-1
114
129
115
-1
116
143
117
-1
118
100
119
-1
120
153
121
-1
122
12
123
-1
124
76
125
-1
126
135
127
-1
128
102
129
-1
130
21
131
-1
132
154
133
-1
134
63
135
-1
136
152
137
-1
138
166
139
-1
140
35
141
-1
142
19
143
-1
144
31
145
-1
146
150
147
-1
148
154
149
-1
150
88
151
-1
152
85
153
-1
154
109
155
-1
156
178
157
-1
158
0
159
-1
160
150
161
-1
162
136
163
-1
164
177
165
-1
166
123
167
-1
168
77
169
-1
170
78
171
-1
172
96
173
-1
174
177
175
-1
176
115
177
-1
178
117
179
-1
180
49
181
-1
182
66
183
-1
184
75
185
-1
186
67
187
-1
188
131
189
-1
190
101
191
-1
192
59
193
-1
194
109
195
-1
196
0
197
-1
198
100
199
-1
200
103
201
-1
202
54
203
-1
204
132
205
-1
206
184
207
-1
208
142
209
-1
210
123
211
-1
212
111
213
-1
214
17
215
-1
216
182
217
-1
218
150
219
-1
220
81
221
-1
222
179
223
-1
224
134
225
-1
226
15
227
-1
228
116
229
-1
230
39
231
-1
232
35
233
-1
234
66
235
-1
236
49
237
-1
238
95
239
-1
240
25
241
-1
242
36
243
-1
244
3
245
-1
246
4
247
-1
248
129
249
-1
250
45
251
-1
252
50
253
-1
254
37
255
-1
256
74
257
-1
258
134
259
-1
260
166
261
-1
262
119
263
-1
264
19
265
-1
266
166
267
-1
268
184
269
-1
270
7
271
-1
272
72
273
-1
274
10
275
-1
276
163
277
-1
278
162
279
-1
280
182
281
-1
282
185
283
-1
284
74
285
-1
286
6
287
-1
288
68
289
-1
290
119
291
-1
292
103
293
-1
294
158
295
-1
296
0
297
-1
298
63
299
-1
300
105
301
-1
302
69
303
-1
304
36
305
-1
306
131
307
-1
308
185
309
-1
310
45
311
-1
312
131
313
-1
314
14
315
-1
316
159
317
-1
318
169
319
-1
320
151
321
-1
322
184
323
-1
324
78
325
-1
326
46
327
-1
328
84
329
-1
330
69
331
-1
332
113
333
-1
334
85
335
-1
336
176
337
-1
338
34
339
-1
340
103
341
-1
342
65
343
-1
344
40
345
-1
346
100
347
-1
348
32
349
-1
350
37
351
-1
352
153
353
-1
354
105
355
-1
356
80
357
-1
358
129
359
-1
360
160
361
-1
362
5
363
-1
364
71
365
-1
366
145
367
-1
368
27
369
-1
370
117
371
-1
372
146
373
-1
374
110
375
-1
376
173
377
-1
378
89
379
-1
380
28
381
-1
382
147
383
-1
384
7
385
-1
386
159
387
-1
388
6
389
-1
390
170
391
-1
392
159
393
-1
394
159
395
-1
396
105
397
-1
398
94
399
-1
400
104
401
-1
402
60
403
-1
404
133
405
-1
406
87
407
-1
408
166
409
-1
410
133
411
-1
412
47
413
-1
414
45
415
-1
416
110
417
-1
418
29
419
-1
420
180
421
-1
422
74
423
-1
424
76
425
-1
426
53
427
-1
428
25
429
-1
430
132
431
-1
432
176
433
-1
434
131
435
-1
436
62
437
-1
438
30
439
-1
440
38
441
-1
442
99
443
-1
444
82
445
-1
446
172
447
-1
448
32
449
-1
450
64
451
-1
452
2
453
-1
454
40
455
-1
456
32
457
-1
458
15
459
-1
460
62
461
-1
462
89
463
-1
464
24
465
-1
466
101
467
-1
468
7
469
-1
470
14
471
-1
472
176
473
-1
474
45
475
-1
476
34
477
-1
478
171
479
-1
480
17
481
-1
482
170
483
-1
484
169
485
-1
486
72
487
-1
488
77
489
-1
490
77
491
-1
492
157
493
-1
494
10
495
-1
496
60
497
-1
498
59
499
-1
500
92
501
-1
502
159
503
-1
504
101
505
-1
506
97
507
-1
508
160
509
-1
510
134
511
-1
512
135
513
-1
514
24
515
-1
516
62
517
-1
518
141
519
-1
520
129
521
-1
522
17
523
-1
524
156
525
-1
526
106
527
-1
528
90
529
-1
530
164
531
-1
532
117
533
-1
534
63
535
-1
536
121
537
-1
538
157
539
-1
540
163
541
-1
542
171
543
-1
544
135
545
-1
546
35
547
-1
548
30
549
-1
550
61
551
-1
552
159
553
-1
554
25
555
-1
556
165
557
-1
558
124
559
-1
560
113
561
-1
562
91
563
-1
564
105
565
-1
566
126
567
-1
568
120
569
-1
570
34
571
-1
572
28
573
-1
574
124
575
-1
576
148
577
-1
578
69
579
-1
580
93
581
-1
582
173
583
-1
584
131
585
-1
586
39
587
-1
588
104
589
-1
590
48
591
-1
592
57
593
-1
594
92
595
-1
596
81
597
-1
598
72
599
-1
600
176
601
-1
602
165
603
-1
604
18
605
-1
606
18
607
-1
608
113
609
-1
610
170
611
-1
612
170
613
-1
614
47
615
-1
616
147
617
-1
618
83
619
-1
620
55
621
-1
622
46
623
-1
624
35
625
-1
626
83
627
-1
628
47
629
-1
630
1
631
-1
632
58
633
-1
634
3
635
-1
636
113
637
-1
638
179
639
-1
640
9
641
-1
642
47
643
-1
644
126
645
-1
646
78
647
-1
648
102
649
-1
650
26
651
-1
652
146
653
-1
654
135
655
-1
656
34
657
-1
658
24
659
-1
660
92
661
-1
662
86
663
-1
664
125
665
-1
666
33
667
-1
668
167
669
-1
670
144
671
-1
672
135
673
-1
674
7
675
-1
676
103
677
-1
678
183
679
-1
680
67
681
-1
682
147
683
-1
684
84
685
-1
686
41
687
-1
688
169
689
-1
690
37
691
-1
692
50
693
-1
694
163
695
-1
696
8
697
-1
698
182
699
-1
700
52
701
-1
702
39
703
-1
704
47
705
-1
706
129
707
-1
708
123
709
-1
710
180
711
-1
712
135
713
-1
714
74
715
-1
716
101
717
-1
718
137
719
-1
720
51
721
-1
722
5
723
-1
724
24
725
-1
726
185
727
-1
728
171
729
-1
730
44
731
-1
732
63
733
-1
734
7
735
-1
736
75
737
-1
738
113
739
-1
740
0
741
-1
742
121
743
-1
744
67
745
-1
746
136
747
-1
748
165
749
-1
750
63
751
-1
752
22
753
-1
754
25
755
-1
756
4
757
-1
758
33
759
-1
760
59
761
-1
762
101
763
-1
764
130
765
-1
766
79
767
-1
768
23
769
-1
770
13
771
-1
772
95
773
-1
774
119
775
-1
776
185
777
-1
778
156
779
-1
780
14
781
-1
782
160
783
-1
784
63
785
-1
786
176
787
-1
788
58
789
-1
790
64
791
-1
792
169
793
-1
794
9
795
-1
796
1
797
-1
798
157
799
-1
800
110
801
-1
802
73
803
-1
804
115
805
-1
806
174
807
-1
808
132
809
-1
810
62
811
-1
812
59
813
-1
814
91
815
-1
816
81
817
-1
818
50
819
-1
820
174
821
-1
822
76
823
-1
824
26
825
-1
826
88
827
-1
828
106
829
-1
830
111
831
-1
832
52
833
-1
834
64
835
-1
836
113
837
-1
838
133
839
-1
840
178
841
-1
842
106
843
-1
844
113
845
-1
846
53
847
-1
848
72
849
-1
850
31
851
-1
852
35
853
-1
854
84
855
-1
856
54
857
-1
858
173
859
-1
860
21
861
-1
862
156
863
-1
864
177
865
-1
866
182
867
-1
868
73
869
-1
870
61
871
-1
872
99
873
-1
874
50
875
-1
876
116
877
-1
878
100
879
-1
880
67
881
-1
882
137
883
-1
884
182
885
-1
886
5
887
-1
888
72
889
-1
890
176
891
-1
892
120
893
-1
894
27
895
-1
896
134
897
-1
898
48
899
-1
900
182
901
-1
902
69
903
-1
904
147
905
-1
906
159
907
-1
908
174
909
-1
910
115
911
-1
912
100
913
-1
914
33
915
-1
916
162
917
-1
918
53
919
-1
920
182
921
-1
922
73
923
-1
924
44
925
-1
926
112
927
-1
928
66
929
-1
930
175
931
-1
932
127
933
-1
934
1
935
-1
936
153
937
-1
938
113
939
-1
940
171
941
-1
942
141
943
-1
944
54
945
-1
946
54
947
-1
948
127
949
-1
950
8
951
-1
952
94
953
-1
954
136
955
-1
956
46
957
-1
958
82
959
-1
960
136
961
-1
962
91
963
-1
964
46
965
-1
966
174
967
-1
968
144
969
-1
970
10
971
-1
972
120
973
-1
974
102
975
-1
976
98
977
-1
978
173
979
-1
980
108
981
-1
982
80
983
-1
984
13
985
-1
986
103
987
-1
988
37
989
-1
990
93
991
-1
992
37
993
-1
994
147
995
-1
996
25
997
-1
998
13
999
-1
1000
59
1001
-1
1002
73
1003
-1
1004
63
1005
-1
1006
29
1007
-1
1008
49
1009
-1
1010
45
1011
-1
1012
76
1013
-1
1014
82
1015
-1
1016
18
1017
-1
1018
168
1019
-1
1020
9
1021
-1
1022
0
1023
-1
1024
105
1025
-1
1026
85
1027
-1
1028
161
1029
-1
1030
130
1031
-1
1032
145
1033
-1
1034
185
1035
-1
1036
71
1037
-1
1038
32
1039
-1
1040
48
1041
-1
1042
30
1043
-1
1044
175
1045
-1
1046
89
1047
-1
1048
106
1049
-1
1050
40
1051
-1
1052
21
1053
-1
1054
172
1055
-1
1056
7
1057
-1
1058
57
1059
-1
1060
180
1061
-1
1062
98
1063
-1
1064
15
1065
-1
1066
182
1067
-1
1068
176
1069
-1
1070
145
1071
-1
1072
86
1073
-1
1074
168
1075
-1
1076
143
1077
-1
1078
182
1079
-1
1080
92
1081
-1
1082
41
1083
-1
1084
79
1085
-1
1086
54
1087
-1
1088
173
1089
-1
1090
61
1091
-1
1092
12
1093
-1
1094
102
1095
-1
1096
14
1097
-1
1098
15
1099
-1
1100
168
1101
-1
1102
155
1103
-1
1104
108
1105
-1
1106
107
1107
-1
1108
135
1109
-1
1110
29
1111
-1
1112
57
1113
-1
1114
139
1115
-1
1116
140
1117
-1
1118
31
1119
-1
1120
139
1121
-1
1122
152
1123
-1
1124
86
1125
-1
1126
62
1127
-1
1128
67
1129
-1
1130
129
1131
-1
1132
21
1133
-1
1134
173
1135
-1
1136
1
1137
-1
1138
147
1139
-1
1140
105
1141
-1
1142
146
1143
-1
1144
59
1145
-1
1146
139
1147
-1
1148
182
1149
-1
1150
103
1151
-1
1152
84
1153
-1
1154
27
1155
-1
1156
52
1157
-1
1158
63
1159
-1
1160
8
1161
-1
1162
167
1163
-1
1164
48
1165
-1
1166
67
1167
-1
1168
173
1169
-1
1170
123
1171
-1
1172
113
1173
-1
1174
185
1175
-1
1176
21
1177
-1
1178
59
1179
-1
1180
78
1181
-1
1182
165
1183
-1
1184
19
1185
-1
1186
156
1187
-1
1188
72
1189
-1
1190
106
1191
-1
1192
164
1193
-1
1194
50
1195
-1
1196
180
1197
-1
1198
182
1199
-1
1200
0
1201
-1
1202
61
1203
-1
1204
4
1205
-1
1206
107
1207
-1
1208
144
1209
-1
1210
161
1211
-1
1212
71
1213
-1
1214
102
1215
-1
1216
75
1217
-1
1218
113
1219
-1
1220
29
1221
-1
1222
56
1223
-1
1224
80
1225
-1
1226
113
1227
-1
1228
36
1229
-1
1230
144
1231
-1
1232
159
1233
-1
1234
126
1235
-1
1236
27
1237
-1
1238
119
1239
-1
1240
59
1241
-1
1242
154
1243
-1
1244
60
1245
-1
1246
137
1247
-1
1248
182
1249
-1
1250
104
1251
-1
1252
157
1253
-1
1254
96
1255
-1
1256
139
1257
-1
1258
73
1259
-1
1260
85
1261
-1
1262
93
1263
-1
1264
137
1265
-1
1266
104
1267
-1
1268
9
1269
-1
1270
28
1271
-1
1272
28
1273
-1
1274
24
1275
-1
1276
2
1277
-1
1278
85
1279
-1
1280
104
1281
-1
1282
3
1283
-1
1284
161
1285
-1
1286
87
1287
-1
1288
35
1289
-1
1290
125
1291
-1
1292
155
1293
-1
1294
77
1295
-1
1296
57
1297
-1
1298
61
1299
-1
1300
69
1301
-1
1302
132
1303
-1
1304
66
1305
-1
1306
59
1307
-1
1308
34
1309
-1
1310
20
1311
-1
1312
97
1313
-1
1314
165
1315
-1
1316
174
1317
-1
1318
82
1319
-1
1320
142
1321
-1
1322
142
1323
-1
1324
27
1325
-1
1326
61
1327
-1
1328
132
1329
-1
1330
56
1331
-1
1332
149
1333
-1
1334
114
1335
-1
1336
103
1337
-1
1338
95
1339
-1
1340
42
1341
-1
1342
81
1343
-1
1344
85
1345
-1
1346
140
1347
-1
1348
150
1349
-1
1350
104
1351
-1
1352
107
1353
-1
1354
111
1355
-1
1356
54
1357
-1
1358
100
1359
-1
1360
57
1361
-1
1362
142
1363
-1
1364
92
1365
-1
1366
141
1367
-1
1368
129
1369
-1
1370
146
1371
-1
1372
88
1373
-1
1374
150
1375
-1
1376
5
1377
-1
1378
11
1379
-1
1380
83
1381
-1
1382
24
1383
-1
1384
94
1385
-1
1386
167
1387
-1
1388
39
1389
-1
1390
148
1391
-1
1392
77
1393
-1
1394
183
1395
-1
1396
101
1397
-1
1398
148
1399
-1
1400
71
1401
-1
1402
53
1403
-1
1404
145
1405
-1
1406
7
1407
-1
1408
120
1409
-1
1410
169
1411
-1
1412
130
1413
-1
1414
146
1415
-1
1416
147
1417
-1
1418
117
1419
-1
1420
114
1421
-1
1422
12
1423
-1
1424
93
1425
-1
1426
0
1427
-1
1428
100
1429
-1
1430
42
1431
-1
1432
7
1433
-1
1434
177
1435
-1
1436
133
1437
-1
1438
80
1439
-1
1440
139
1441
-1
1442
74
1443
-1
1444
11
1445
-1
1446
40
1447
-1
1448
13
1449
-1
1450
123
1451
-1
1452
103
1453
-1
1454
11
1455
-1
1456
55
1457
-1
1458
113
1459
-1
1460
72
1461
-1
1462
60
1463
-1
1464
163
1465
-1
1466
12
1467
-1
1468
29
1469
-1
1470
54
1471
-1
1472
14
1473
-1
1474
140
1475
-1
1476
112
1477
-1
1478
139
1479
-1
1480
85
1481
-1
1482
14
1483
-1
1484
61
1485
-1
1486
87
1487
-1
1488
181
1489
-1
1490
17
1491
-1
1492
40
1493
-1
1494
19
1495
-1
1496
106
1497
-1
1498
159
1499
-1
1500
184
1501
-1
1502
53
1503
-1
1504
173
1505
-1
1506
127
1507
-1
1508
103
1509
-1
1510
76
1511
-1
1512
56
1513
-1
1514
94
1515
-1
1516
63
1517
-1
1518
75
1519
-1
1520
30
1521
-1
1522
112
1523
-1
1524
46
1525
-1
1526
72
1527
-1
1528
115
1529
-1
1530
29
1531
-1
1532
61
1533
-1
1534
28
1535
-1
1536
146
1537
-1
1538
171
1539
-1
1540
33
1541
-1
1542
163
1543
-1
1544
113
1545
-1
1546
20
1547
-1
1548
112
1549
-1
1550
90
1551
-1
1552
103
1553
-1
1554
61
1555
-1
1556
131
1557
-1
1558
121
1559
-1
1560
32
1561
-1
1562
145
1563
-1
1564
154
1565
-1
1566
56
1567
-1
1568
130
1569
-1
1570
17
1571
-1
1572
111
1573
-1
1574
12
1575
-1
1576
78
1577
-1
1578
141
1579
-1
1580
2
1581
-1
1582
163
1583
-1
1584
53
1585
-1
1586
83
1587
-1
1588
152
1589
-1
1590
84
1591
-1
1592
130
1593
-1
1594
133
1595
-1
1596
144
1597
-1
1598
139
1599
-1
1600
5
1601
-1
1602
177
1603
-1
1604
185
1605
-1
1606
50
1607
-1
1608
53
1609
-1
1610
69
1611
-1
1612
2
1613
-1
1614
98
1615
-1
1616
151
1617
-1
1618
41
1619
-1
1620
42
1621
-1
1622
184
1623
-1
1624
10
1625
-1
1626
132
1627
-1
1628
16
1629
-1
1630
2
1631
-1
1632
34
1633
-1
1634
135
1635
-1
1636
36
1637
-1
1638
3
1639
-1
1640
101
1641
-1
1642
55
1643
-1
1644
5
1645
-1
1646
171
1647
-1
1648
123
1649
-1
1650
47
1651
-1
1652
134
1653
-1
1654
165
1655
-1
1656
29
1657
-1
1658
146
1659
-1
1660
67
1661
-1
1662
10
1663
-1
1664
52
1665
-1
1666
154
1667
-1
1668
148
1669
-1
1670
40
1671
-1
1672
75
1673
-1
1674
38
1675
-1
1676
94
1677
-1
1678
138
1679
-1
1680
60
1681
-1
1682
91
1683
-1
1684
125
1685
-1
1686
114
1687
-1
1688
4
1689
-1
1690
134
1691
-1
1692
130
1693
-1
1694
31
1695
-1
1696
19
1697
-1
1698
126
1699
-1
1700
153
1701
-1
1702
23
1703
-1
1704
179
1705
-1
1706
134
1707
-1
1708
109
1709
-1
1710
41
1711
-1
1712
176
1713
-1
1714
163
1715
-1
1716
163
1717
-1
1718
166
1719
-1
1720
22
1721
-1
1722
76
1723
-1
1724
120
1725
-1
1726
77
1727
-1
1728
59
1729
-1
1730
98
1731
-1
1732
49
1733
-1
1734
168
1735
-1
1736
140
1737
-1
1738
147
1739
-1
1740
20
1741
-1
1742
86
1743
-1
1744
27
1745
-1
1746
120
1747
-1
1748
29
1749
-1
1750
68
1751
-1
1752
132
1753
-1
1754
131
1755
-1
1756
7
1757
-1
1758
71
1759
-1
1760
57
1761
-1
1762
181
1763
-1
1764
97
1765
-1
1766
42
1767
-1
1768
114
1769
-1
1770
24
1771
-1
1772
106
1773
-1
1774
64
1775
-1
1776
142
1777
-1
1778
141
1779
-1
1780
123
1781
-1
1782
47
1783
-1
1784
18
1785
-1
1786
97
1787
-1
1788
119
1789
-1
1790
95
1791
-1
1792
84
1793
-1
1794
55
1795
-1
1796
66
1797
-1
1798
72
1799
-1
1800
102
1801
-1
1802
21
1803
-1
1804
128
1805
-1
1806
92
1807
-1
1808
36
1809
-1
1810
151
1811
-1
1812
168
1813
-1
1814
14
1815
-1
1816
145
1817
-1
1818
23
1819
-1
1820
140
1821
-1
1822
179
1823
-1
1824
63
1825
-1
1826
71
1827
-1
1828
109
1829
-1
1830
62
1831
-1
1832
155
1833
-1
1834
36
1835
-1
1836
120
1837
-1
1838
71
1839
-1
1840
60
1841
-1
1842
88
1843
-1
1844
110
1845
-1
1846
5
1847
-1
1848
27
1849
-1
1850
10
1851
-1
1852
19
1853
-1
1854
53
1855
-1
1856
119
1857
-1
1858
64
1859
-1
1860
24
1861
-1
1862
107
1863
-1
1864
43
1865
-1
1866
2
1867
-1
1868
116
1869
-1
1870
111
1871
-1
1872
153
1873
-1
1874
99
1875
-1
1876
131
1877
-1
1878
139
1879
-1
1880
57
1881
-1
1882
83
1883
-1
1884
78
1885
-1
1886
56
1887
-1
1888
62
1889
-1
1890
53
1891
-1
1892
47
1893
-1
1894
70
1895
-1
1896
78
1897
-1
1898
25
1899
-1
1900
41
1901
-1
1902
92
1903
-1
1904
36
1905
-1
1906
67
1907
-1
1908
157
1909
-1
1910
120
1911
-1
1912
150
1913
-1
1914
32
1915
-1
1916
6
1917
-1
1918
159
1919
-1
1920
157
1921
-1
1922
92
1923
-1
1924
64
1925
-1
1926
138
1927
-1
1928
57
1929
-1
1930
175
1931
-1
1932
117
1933
-1
1934
182
1935
-1
1936
100
1937
-1
1938
140
1939
-1
1940
25
1941
-1
1942
142
1943
-1
1944
22
1945
-1
1946
96
1947
-1
1948
121
1949
-1
1950
68
1951
-1
1952
106
1953
-1
1954
68
1955
-1
1956
183
1957
-1
1958
110
1959
-1
1960
42
1961
-1
1962
126
1963
-1
1964
14
1965
-1
1966
111
1967
-1
1968
11
1969
-1
1970
2
1971
-1
1972
1
1973
-1
1974
17
1975
-1
1976
167
1977
-1
1978
22
1979
-1
1980
78
1981
-1
1982
75
1983
-1
1984
7
1985
-1
1986
144
1987
-1
1988
174
1989
-1
1990
140
1991
-1
1992
51
1993
-1
1994
168
1995
-1
1996
162
1997
-1
1998
173
1999
-1
