********************************************************************************
The planted motif0 is:
CTGCATTCGCTTGAA
0
160
1
63
2
158
3
85
4
-1
5
63
6
5
7
11
8
23
9
-1
10
25
11
53
12
122
13
35
14
-1
15
20
16
161
17
39
18
33
19
-1
20
105
21
105
22
170
23
136
24
-1
25
63
26
172
27
58
28
175
29
-1
30
47
31
162
32
63
33
112
34
-1
35
92
36
154
37
135
38
60
39
-1
40
60
41
138
42
25
43
141
44
-1
45
115
46
121
47
137
48
151
49
-1
50
140
51
182
52
76
53
38
54
-1
55
157
56
49
57
166
58
0
59
-1
60
125
61
30
62
55
63
18
64
-1
65
24
66
173
67
175
68
0
69
-1
70
142
71
50
72
93
73
162
74
-1
75
69
76
140
77
135
78
40
79
-1
80
142
81
143
82
129
83
109
84
-1
85
90
86
146
87
39
88
7
89
-1
90
27
91
48
92
10
93
32
94
-1
95
158
96
114
97
71
98
167
99
-1
100
172
101
23
102
56
103
137
104
-1
105
101
106
94
107
168
108
161
109
-1
110
2
111
15
112
110
113
77
114
-1
115
28
116
171
117
122
118
38
119
-1
120
147
121
12
122
134
123
39
124
-1
125
32
126
58
127
74
128
129
129
-1
130
143
131
100
132
153
133
12
134
-1
135
76
136
135
137
102
138
21
139
-1
140
154
141
63
142
152
143
166
144
-1
145
35
146
19
147
31
148
150
149
-1
150
154
151
88
152
85
153
109
154
-1
155
178
156
0
157
150
158
136
159
-1
160
177
161
123
162
77
163
78
164
-1
165
96
166
177
167
115
168
117
169
-1
170
49
171
66
172
75
173
67
174
-1
175
131
176
101
177
59
178
109
179
-1
180
0
181
100
182
103
183
54
184
-1
185
132
186
184
187
142
188
123
189
-1
190
111
191
17
192
182
193
150
194
-1
195
81
196
179
197
134
198
15
199
-1
200
116
201
39
202
35
203
66
204
-1
205
49
206
95
207
25
208
36
209
-1
210
3
211
4
212
129
213
45
214
-1
215
50
216
37
217
74
218
134
219
-1
220
166
221
119
222
19
223
166
224
-1
225
184
226
7
227
72
228
10
229
-1
230
163
231
162
232
182
233
185
234
-1
235
74
236
6
237
68
238
119
239
-1
240
103
241
158
242
0
243
63
244
-1
245
105
246
69
247
36
248
131
249
-1
250
185
251
45
252
131
253
14
254
-1
255
159
256
169
257
151
258
184
259
-1
260
78
261
46
262
84
263
69
264
-1
265
113
266
85
267
176
268
34
269
-1
270
103
271
65
272
40
273
100
274
-1
275
32
276
37
277
153
278
105
279
-1
280
80
281
129
282
160
283
5
284
-1
285
71
286
145
287
27
288
117
289
-1
290
146
291
110
292
173
293
89
294
-1
295
28
296
147
297
7
298
159
299
-1
300
6
301
170
302
159
303
159
304
-1
305
105
306
94
307
104
308
60
309
-1
310
133
311
87
312
166
313
133
314
-1
315
47
316
45
317
110
318
29
319
-1
320
180
321
74
322
76
323
53
324
-1
325
25
326
132
327
176
328
131
329
-1
330
62
331
30
332
38
333
99
334
-1
335
82
336
172
337
32
338
64
339
-1
340
2
341
40
342
32
343
15
344
-1
345
62
346
89
347
24
348
101
349
-1
350
7
351
14
352
176
353
45
354
-1
355
34
356
171
357
17
358
170
359
-1
360
169
361
72
362
77
363
77
364
-1
365
157
366
10
367
60
368
59
369
-1
370
92
371
159
372
101
373
97
374
-1
375
160
376
134
377
135
378
24
379
-1
380
62
381
141
382
129
383
17
384
-1
385
156
386
106
387
90
388
164
389
-1
390
117
391
63
392
121
393
157
394
-1
395
163
396
171
397
135
398
35
399
-1
400
30
401
61
402
159
403
25
404
-1
405
165
406
124
407
113
408
91
409
-1
410
105
411
126
412
120
413
34
414
-1
415
28
416
124
417
148
418
69
419
-1
420
93
421
173
422
131
423
39
424
-1
425
104
426
48
427
57
428
92
429
-1
430
81
431
72
432
176
433
165
434
-1
435
18
436
18
437
113
438
170
439
-1
440
170
441
47
442
147
443
83
444
-1
445
55
446
46
447
35
448
83
449
-1
450
47
451
1
452
58
453
3
454
-1
455
113
456
179
457
9
458
47
459
-1
460
126
461
78
462
102
463
26
464
-1
465
146
466
135
467
34
468
24
469
-1
470
92
471
86
472
125
473
33
474
-1
475
167
476
144
477
135
478
7
479
-1
480
103
481
183
482
67
483
147
484
-1
485
84
486
41
487
169
488
37
489
-1
490
50
491
163
492
8
493
182
494
-1
495
52
496
39
497
47
498
129
499
-1
500
123
501
180
502
135
503
74
504
-1
505
101
506
137
507
51
508
5
509
-1
510
24
511
185
512
171
513
44
514
-1
515
63
516
7
517
75
518
113
519
-1
520
0
521
121
522
67
523
136
524
-1
525
165
526
63
527
22
528
25
529
-1
530
4
531
33
532
59
533
101
534
-1
535
130
536
79
537
23
538
13
539
-1
540
95
541
119
542
185
543
156
544
-1
545
14
546
160
547
63
548
176
549
-1
550
58
551
64
552
169
553
9
554
-1
555
1
556
157
557
110
558
73
559
-1
560
115
561
174
562
132
563
62
564
-1
565
59
566
91
567
81
568
50
569
-1
570
174
571
76
572
26
573
88
574
-1
575
106
576
111
577
52
578
64
579
-1
580
113
581
133
582
178
583
106
584
-1
585
113
586
53
587
72
588
31
589
-1
590
35
591
84
592
54
593
173
594
-1
595
21
596
156
597
177
598
182
599
-1
