********************************************************************************
The planted motif0 is:
GGCTGTAACGAAAAA
0
72
1
-1
2
44
3
-1
4
184
5
-1
6
137
7
-1
8
36
9
-1
10
65
11
-1
12
100
13
-1
14
176
15
-1
16
99
17
-1
18
57
19
-1
20
25
21
-1
22
47
23
-1
24
69
25
-1
26
20
27
-1
28
105
29
-1
30
13
31
-1
32
11
33
-1
34
160
35
-1
36
63
37
-1
38
158
39
-1
40
85
41
-1
42
63
43
-1
44
5
45
-1
46
11
47
-1
48
23
49
-1
50
25
51
-1
52
53
53
-1
54
122
55
-1
56
35
57
-1
58
20
59
-1
60
161
61
-1
62
39
63
-1
64
33
65
-1
66
105
67
-1
68
105
69
-1
70
170
71
-1
72
136
73
-1
74
63
75
-1
76
172
77
-1
78
58
79
-1
80
175
81
-1
82
47
83
-1
84
162
85
-1
86
63
87
-1
88
112
89
-1
90
92
91
-1
92
154
93
-1
94
135
95
-1
96
60
97
-1
98
60
99
-1
100
138
101
-1
102
25
103
-1
104
141
105
-1
106
115
107
-1
108
121
109
-1
110
137
111
-1
112
151
113
-1
114
140
115
-1
116
182
117
-1
118
76
119
-1
120
38
121
-1
122
157
123
-1
124
49
125
-1
126
166
127
-1
128
0
129
-1
130
125
131
-1
132
30
133
-1
134
55
135
-1
136
18
137
-1
138
24
139
-1
140
173
141
-1
142
175
143
-1
144
0
145
-1
146
142
147
-1
148
50
149
-1
150
93
151
-1
152
162
153
-1
154
69
155
-1
156
140
157
-1
158
135
159
-1
160
40
161
-1
162
142
163
-1
164
143
165
-1
166
129
167
-1
168
109
169
-1
170
90
171
-1
172
146
173
-1
174
39
175
-1
176
7
177
-1
178
27
179
-1
180
48
181
-1
182
10
183
-1
184
32
185
-1
186
158
187
-1
188
114
189
-1
190
71
191
-1
192
167
193
-1
194
172
195
-1
196
23
197
-1
198
56
199
-1
200
137
201
-1
202
101
203
-1
204
94
205
-1
206
168
207
-1
208
161
209
-1
210
2
211
-1
212
15
213
-1
214
110
215
-1
216
77
217
-1
218
28
219
-1
220
171
221
-1
222
122
223
-1
224
38
225
-1
226
147
227
-1
228
12
229
-1
230
134
231
-1
232
39
233
-1
234
32
235
-1
236
58
237
-1
238
74
239
-1
240
129
241
-1
242
143
243
-1
244
100
245
-1
246
153
247
-1
248
12
249
-1
250
76
251
-1
252
135
253
-1
254
102
255
-1
256
21
257
-1
258
154
259
-1
260
63
261
-1
262
152
263
-1
264
166
265
-1
266
35
267
-1
268
19
269
-1
270
31
271
-1
272
150
273
-1
274
154
275
-1
276
88
277
-1
278
85
279
-1
280
109
281
-1
282
178
283
-1
284
0
285
-1
286
150
287
-1
288
136
289
-1
290
177
291
-1
292
123
293
-1
294
77
295
-1
296
78
297
-1
298
96
299
-1
300
177
301
-1
302
115
303
-1
304
117
305
-1
306
49
307
-1
308
66
309
-1
310
75
311
-1
312
67
313
-1
314
131
315
-1
316
101
317
-1
318
59
319
-1
320
109
321
-1
322
0
323
-1
324
100
325
-1
326
103
327
-1
328
54
329
-1
330
132
331
-1
332
184
333
-1
334
142
335
-1
336
123
337
-1
338
111
339
-1
340
17
341
-1
342
182
343
-1
344
150
345
-1
346
81
347
-1
348
179
349
-1
350
134
351
-1
352
15
353
-1
354
116
355
-1
356
39
357
-1
358
35
359
-1
360
66
361
-1
362
49
363
-1
364
95
365
-1
366
25
367
-1
368
36
369
-1
370
3
371
-1
372
4
373
-1
374
129
375
-1
376
45
377
-1
378
50
379
-1
380
37
381
-1
382
74
383
-1
384
134
385
-1
386
166
387
-1
388
119
389
-1
390
19
391
-1
392
166
393
-1
394
184
395
-1
396
7
397
-1
398
72
399
-1
400
10
401
-1
402
163
403
-1
404
162
405
-1
406
182
407
-1
408
185
409
-1
410
74
411
-1
412
6
413
-1
414
68
415
-1
416
119
417
-1
418
103
419
-1
420
158
421
-1
422
0
423
-1
424
63
425
-1
426
105
427
-1
428
69
429
-1
430
36
431
-1
432
131
433
-1
434
185
435
-1
436
45
437
-1
438
131
439
-1
440
14
441
-1
442
159
443
-1
444
169
445
-1
446
151
447
-1
448
184
449
-1
450
78
451
-1
452
46
453
-1
454
84
455
-1
456
69
457
-1
458
113
459
-1
460
85
461
-1
462
176
463
-1
464
34
465
-1
466
103
467
-1
468
65
469
-1
470
40
471
-1
472
100
473
-1
474
32
475
-1
476
37
477
-1
478
153
479
-1
480
105
481
-1
482
80
483
-1
484
129
485
-1
486
160
487
-1
488
5
489
-1
490
71
491
-1
492
145
493
-1
494
27
495
-1
496
117
497
-1
498
146
499
-1
500
110
501
-1
502
173
503
-1
504
89
505
-1
506
28
507
-1
508
147
509
-1
510
7
511
-1
512
159
513
-1
514
6
515
-1
516
170
517
-1
518
159
519
-1
520
159
521
-1
522
105
523
-1
524
94
525
-1
526
104
527
-1
528
60
529
-1
530
133
531
-1
532
87
533
-1
534
166
535
-1
536
133
537
-1
538
47
539
-1
540
45
541
-1
542
110
543
-1
544
29
545
-1
546
180
547
-1
548
74
549
-1
550
76
551
-1
552
53
553
-1
554
25
555
-1
556
132
557
-1
558
176
559
-1
560
131
561
-1
562
62
563
-1
564
30
565
-1
566
38
567
-1
568
99
569
-1
570
82
571
-1
572
172
573
-1
574
32
575
-1
576
64
577
-1
578
2
579
-1
580
40
581
-1
582
32
583
-1
584
15
585
-1
586
62
587
-1
588
89
589
-1
590
24
591
-1
592
101
593
-1
594
7
595
-1
596
14
597
-1
598
176
599
-1
600
45
601
-1
602
34
603
-1
604
171
605
-1
606
17
607
-1
608
170
609
-1
610
169
611
-1
612
72
613
-1
614
77
615
-1
616
77
617
-1
618
157
619
-1
620
10
621
-1
622
60
623
-1
624
59
625
-1
626
92
627
-1
628
159
629
-1
630
101
631
-1
632
97
633
-1
634
160
635
-1
636
134
637
-1
638
135
639
-1
640
24
641
-1
642
62
643
-1
644
141
645
-1
646
129
647
-1
648
17
649
-1
650
156
651
-1
652
106
653
-1
654
90
655
-1
656
164
657
-1
658
117
659
-1
660
63
661
-1
662
121
663
-1
664
157
665
-1
666
163
667
-1
668
171
669
-1
670
135
671
-1
672
35
673
-1
674
30
675
-1
676
61
677
-1
678
159
679
-1
680
25
681
-1
682
165
683
-1
684
124
685
-1
686
113
687
-1
688
91
689
-1
690
105
691
-1
692
126
693
-1
694
120
695
-1
696
34
697
-1
698
28
699
-1
700
124
701
-1
702
148
703
-1
704
69
705
-1
706
93
707
-1
708
173
709
-1
710
131
711
-1
712
39
713
-1
714
104
715
-1
716
48
717
-1
718
57
719
-1
720
92
721
-1
722
81
723
-1
724
72
725
-1
726
176
727
-1
728
165
729
-1
730
18
731
-1
732
18
733
-1
734
113
735
-1
736
170
737
-1
738
170
739
-1
740
47
741
-1
742
147
743
-1
744
83
745
-1
746
55
747
-1
748
46
749
-1
750
35
751
-1
752
83
753
-1
754
47
755
-1
756
1
757
-1
758
58
759
-1
760
3
761
-1
762
113
763
-1
764
179
765
-1
766
9
767
-1
768
47
769
-1
770
126
771
-1
772
78
773
-1
774
102
775
-1
776
26
777
-1
778
146
779
-1
780
135
781
-1
782
34
783
-1
784
24
785
-1
786
92
787
-1
788
86
789
-1
790
125
791
-1
792
33
793
-1
794
167
795
-1
796
144
797
-1
798
135
799
-1
800
7
801
-1
802
103
803
-1
804
183
805
-1
806
67
807
-1
808
147
809
-1
810
84
811
-1
812
41
813
-1
814
169
815
-1
816
37
817
-1
818
50
819
-1
820
163
821
-1
822
8
823
-1
824
182
825
-1
826
52
827
-1
828
39
829
-1
830
47
831
-1
832
129
833
-1
834
123
835
-1
836
180
837
-1
838
135
839
-1
840
74
841
-1
842
101
843
-1
844
137
845
-1
846
51
847
-1
848
5
849
-1
850
24
851
-1
852
185
853
-1
854
171
855
-1
856
44
857
-1
858
63
859
-1
860
7
861
-1
862
75
863
-1
864
113
865
-1
866
0
867
-1
868
121
869
-1
870
67
871
-1
872
136
873
-1
874
165
875
-1
876
63
877
-1
878
22
879
-1
880
25
881
-1
882
4
883
-1
884
33
885
-1
886
59
887
-1
888
101
889
-1
890
130
891
-1
892
79
893
-1
894
23
895
-1
896
13
897
-1
898
95
899
-1
900
119
901
-1
902
185
903
-1
904
156
905
-1
906
14
907
-1
908
160
909
-1
910
63
911
-1
912
176
913
-1
914
58
915
-1
916
64
917
-1
918
169
919
-1
920
9
921
-1
922
1
923
-1
924
157
925
-1
926
110
927
-1
928
73
929
-1
930
115
931
-1
932
174
933
-1
934
132
935
-1
936
62
937
-1
938
59
939
-1
940
91
941
-1
942
81
943
-1
944
50
945
-1
946
174
947
-1
948
76
949
-1
950
26
951
-1
952
88
953
-1
954
106
955
-1
956
111
957
-1
958
52
959
-1
960
64
961
-1
962
113
963
-1
964
133
965
-1
966
178
967
-1
968
106
969
-1
970
113
971
-1
972
53
973
-1
974
72
975
-1
976
31
977
-1
978
35
979
-1
980
84
981
-1
982
54
983
-1
984
173
985
-1
986
21
987
-1
988
156
989
-1
990
177
991
-1
992
182
993
-1
994
73
995
-1
996
61
997
-1
998
99
999
-1
