********************************************************************************
The planted motif0 is:
TTGCCGAAGAGCGCAGATGGT
0
62
1
62
2
48
3
89
4
-1
5
43
6
8
7
100
8
74
9
-1
10
7
11
142
12
124
13
82
14
-1
15
94
16
125
17
31
18
77
19
-1
20
26
21
177
22
5
23
108
24
-1
25
7
26
35
27
127
28
149
29
-1
30
73
31
24
32
60
33
93
34
-1
35
132
36
13
37
33
38
159
39
-1
40
29
41
36
42
118
43
163
44
-1
45
56
46
19
47
150
48
87
49
-1
50
38
51
105
52
32
53
129
54
-1
55
156
56
120
57
129
58
32
59
-1
60
6
61
54
62
62
63
100
64
-1
65
133
66
42
67
127
68
13
69
-1
70
79
71
98
72
140
73
164
74
-1
75
70
76
51
77
42
78
10
79
-1
80
13
81
171
82
94
83
69
84
-1
85
44
86
34
87
127
88
15
89
-1
90
29
91
158
92
38
93
68
94
-1
95
49
96
176
97
50
98
104
99
-1
100
63
101
38
102
73
103
151
104
-1
105
112
106
179
107
107
108
112
109
-1
110
148
111
13
112
40
113
117
114
-1
115
145
116
112
117
106
118
143
119
-1
120
172
121
163
122
149
123
11
124
-1
125
70
126
63
127
137
128
100
129
-1
130
147
131
58
132
83
133
103
134
-1
135
88
136
107
137
137
138
96
139
-1
140
90
141
9
142
89
143
35
144
-1
145
138
146
60
147
170
148
150
149
-1
150
69
151
146
152
73
153
112
154
-1
155
20
156
51
157
141
158
58
159
-1
160
177
161
100
162
75
163
144
164
-1
165
166
166
144
167
41
168
44
169
-1
170
137
171
60
172
42
173
26
174
-1
175
108
176
123
177
87
178
158
179
-1
180
134
181
49
182
97
183
179
184
-1
185
142
186
81
187
121
188
119
189
-1
190
166
191
52
192
64
193
79
194
-1
195
104
196
114
197
57
198
59
199
-1
200
30
201
96
202
130
203
170
204
-1
205
7
206
145
207
31
208
18
209
-1
210
172
211
169
212
50
213
17
214
-1
215
150
216
167
217
137
218
30
219
-1
220
66
221
80
222
129
223
51
224
-1
225
58
226
116
227
64
228
87
229
-1
230
115
231
41
232
81
233
7
234
-1
235
30
236
151
237
139
238
61
239
-1
240
45
241
95
242
152
243
22
244
-1
245
149
246
64
247
31
248
132
249
-1
250
78
251
155
252
24
253
98
254
-1
255
114
256
49
257
92
258
27
259
-1
260
118
261
68
262
15
263
62
264
-1
265
23
266
14
267
7
268
51
269
-1
270
127
271
46
272
64
273
55
274
-1
275
44
276
95
277
164
278
96
279
-1
280
97
281
58
282
61
283
67
284
-1
285
77
286
167
287
161
288
40
289
-1
290
141
291
100
292
30
293
55
294
-1
295
106
296
40
297
34
298
146
299
-1
300
178
301
177
302
51
303
175
304
-1
305
65
306
114
307
47
308
40
309
-1
310
70
311
11
312
3
313
22
314
-1
315
149
316
11
317
111
318
144
319
-1
320
115
321
98
322
142
323
27
324
-1
325
70
326
10
327
143
328
2
329
-1
330
61
331
167
332
1
333
128
334
-1
335
16
336
58
337
16
338
77
339
-1
340
93
341
77
342
165
343
67
344
-1
345
94
346
16
347
89
348
52
349
-1
350
17
351
73
352
63
353
63
354
-1
355
80
356
179
357
96
358
122
359
-1
360
60
361
155
362
154
363
88
364
-1
365
158
366
90
367
32
368
151
369
-1
370
7
371
45
372
16
373
64
374
-1
375
154
376
122
377
0
378
95
379
-1
380
96
381
46
382
25
383
64
384
-1
385
135
386
111
387
123
388
94
389
-1
390
22
391
59
392
120
393
141
394
-1
395
106
396
69
397
85
398
56
399
-1
400
68
401
93
402
64
403
12
404
-1
405
129
406
68
407
17
408
83
409
-1
410
170
411
43
412
175
413
26
414
-1
415
29
416
88
417
142
418
66
419
-1
420
49
421
115
422
67
423
117
424
-1
425
73
426
169
427
123
428
72
429
-1
430
131
431
97
432
4
433
92
434
-1
435
118
436
119
437
54
438
146
439
-1
440
17
441
62
442
20
443
18
444
-1
445
86
446
49
447
17
448
176
449
-1
450
136
451
161
452
51
453
3
454
-1
455
138
456
67
457
82
458
160
459
-1
460
50
461
36
462
118
463
1
464
-1
465
167
466
85
467
83
468
78
469
-1
470
169
471
162
472
177
473
85
474
-1
475
15
476
130
477
6
478
119
479
-1
480
27
481
30
482
169
483
51
484
-1
485
94
486
64
487
26
488
67
489
-1
490
134
491
34
492
19
493
36
494
-1
495
1
496
4
497
176
498
116
499
-1
500
133
501
134
502
156
503
152
504
-1
505
79
506
163
507
100
508
84
509
-1
510
97
511
161
512
87
513
168
514
-1
515
129
516
47
517
97
518
40
519
-1
520
95
521
162
522
83
523
25
524
-1
525
38
526
38
527
71
528
108
529
-1
530
179
531
33
532
5
533
140
534
-1
535
47
536
126
537
160
538
71
539
-1
540
154
541
76
542
56
543
68
544
-1
545
147
546
76
547
171
548
15
549
-1
550
172
551
96
552
12
553
45
554
-1
555
174
556
64
557
86
558
15
559
-1
560
103
561
160
562
114
563
86
564
-1
565
37
566
155
567
113
568
133
569
-1
570
26
571
77
572
134
573
69
574
-1
575
68
576
89
577
23
578
176
579
-1
580
66
581
96
582
14
583
33
584
-1
585
84
586
176
587
178
588
147
589
-1
590
124
591
16
592
30
593
165
594
-1
595
163
596
166
597
52
598
77
599
-1
600
27
601
20
602
127
603
71
604
-1
605
132
606
112
607
54
608
139
609
-1
610
100
611
144
612
151
613
22
614
-1
615
10
616
70
617
96
618
117
619
-1
620
23
621
46
622
141
623
14
624
-1
625
46
626
141
627
46
628
113
629
-1
630
0
631
0
632
159
633
42
634
-1
635
58
636
17
637
136
638
91
639
-1
640
174
641
177
642
21
643
115
644
-1
645
176
646
5
647
80
648
131
649
-1
650
29
651
30
652
131
653
93
654
-1
655
57
656
14
657
27
658
24
659
-1
660
88
661
137
662
72
663
148
664
-1
665
126
666
99
667
159
668
163
669
-1
670
21
671
49
672
36
673
69
674
-1
675
113
676
165
677
91
678
131
679
-1
680
129
681
94
682
146
683
95
684
-1
685
114
686
51
687
109
688
162
689
-1
690
112
691
96
692
161
693
101
694
-1
695
99
696
23
697
161
698
22
699
-1
700
60
701
81
702
93
703
152
704
-1
705
80
706
104
707
67
708
41
709
-1
710
129
711
103
712
45
713
121
714
-1
715
52
716
13
717
145
718
87
719
-1
720
55
721
72
722
47
723
34
724
-1
725
46
726
146
727
18
728
0
729
-1
730
77
731
120
732
129
733
153
734
-1
735
124
736
172
737
3
738
116
739
-1
740
111
741
98
742
49
743
125
744
-1
745
166
746
150
747
157
748
3
749
-1
750
30
751
4
752
142
753
103
754
-1
755
57
756
169
757
1
758
140
759
-1
760
96
761
13
762
127
763
70
764
-1
765
173
766
78
767
82
768
159
769
-1
770
96
771
4
772
26
773
139
774
-1
775
97
776
116
777
117
778
150
779
-1
780
35
781
37
782
17
783
44
784
-1
785
67
786
74
787
129
788
37
789
-1
790
21
791
174
792
144
793
47
794
-1
795
73
796
163
797
174
798
178
799
-1
800
171
801
102
802
155
803
119
804
-1
805
135
806
50
807
110
808
138
809
-1
810
82
811
38
812
173
813
88
814
-1
815
10
816
74
817
36
818
21
819
-1
820
22
821
81
822
115
823
14
824
-1
825
80
826
11
827
168
828
89
829
-1
830
82
831
28
832
24
833
111
834
-1
835
21
836
48
837
132
838
103
839
-1
840
26
841
43
842
136
843
11
844
-1
845
8
846
75
847
13
848
165
849
-1
850
88
851
106
852
140
853
100
854
-1
855
41
856
134
857
23
858
143
859
-1
860
97
861
135
862
25
863
72
864
-1
865
30
866
23
867
161
868
43
869
-1
870
87
871
118
872
168
873
143
874
-1
875
83
876
56
877
136
878
108
879
-1
880
69
881
115
882
107
883
141
884
-1
885
171
886
14
887
15
888
139
889
-1
890
141
891
19
892
90
893
13
894
-1
895
173
896
46
897
81
898
26
899
-1
900
19
901
146
902
58
903
163
904
-1
905
154
906
28
907
50
908
27
909
-1
910
26
911
155
912
68
913
120
914
-1
915
32
916
20
917
1
918
56
919
-1
920
80
921
28
922
44
923
179
924
-1
925
113
926
146
927
111
928
45
929
-1
930
15
931
117
932
89
933
151
934
-1
935
97
936
166
937
72
938
54
939
-1
940
106
941
6
942
143
943
36
944
-1
945
93
946
58
947
108
948
10
949
-1
950
150
951
49
952
56
953
125
954
-1
955
99
956
121
957
42
958
77
959
-1
960
72
961
125
962
111
963
138
964
-1
965
114
966
126
967
17
968
111
969
-1
970
172
971
31
972
71
973
159
974
-1
975
141
976
112
977
42
978
94
979
-1
980
0
981
41
982
140
983
75
984
-1
985
155
986
7
987
65
988
47
989
-1
990
167
991
174
992
75
993
176
994
-1
995
172
996
74
997
163
998
64
999
-1
1000
105
1001
104
1002
32
1003
132
1004
-1
1005
33
1006
146
1007
153
1008
140
1009
-1
1010
34
1011
145
1012
106
1013
144
1014
-1
1015
176
1016
133
1017
23
1018
129
1019
-1
1020
168
1021
81
1022
113
1023
108
1024
-1
1025
154
1026
171
1027
173
1028
118
1029
-1
1030
152
1031
59
1032
16
1033
156
1034
-1
1035
57
1036
85
1037
28
1038
48
1039
-1
1040
137
1041
50
1042
169
1043
174
1044
-1
1045
176
1046
78
1047
138
1048
54
1049
-1
1050
41
1051
154
1052
122
1053
58
1054
-1
1055
143
1056
43
1057
67
1058
130
1059
-1
1060
141
1061
74
1062
87
1063
50
1064
-1
1065
161
1066
147
1067
140
1068
25
1069
-1
1070
167
1071
106
1072
9
1073
157
1074
-1
1075
101
1076
42
1077
62
1078
52
1079
-1
1080
67
1081
167
1082
19
1083
175
1084
-1
1085
125
1086
40
1087
81
1088
50
1089
-1
1090
146
1091
26
1092
20
1093
53
1094
-1
1095
28
1096
28
1097
59
1098
0
1099
-1
1100
147
1101
27
1102
143
1103
138
1104
-1
1105
116
1106
73
1107
131
1108
81
1109
-1
1110
18
1111
3
1112
154
1113
17
1114
-1
1115
134
1116
166
1117
6
1118
44
1119
-1
1120
49
1121
144
1122
129
1123
20
1124
-1
1125
98
1126
11
1127
114
1128
65
1129
-1
1130
20
1131
25
1132
39
1133
3
1134
-1
1135
52
1136
154
1137
16
1138
88
1139
-1
1140
175
1141
165
1142
29
1143
76
1144
-1
1145
87
1146
137
1147
57
1148
32
1149
-1
1150
178
1151
126
1152
9
1153
12
1154
-1
1155
42
1156
177
1157
74
1158
119
1159
-1
1160
62
1161
31
1162
58
1163
80
1164
-1
1165
105
1166
99
1167
125
1168
62
1169
-1
1170
90
1171
129
1172
81
1173
63
1174
-1
1175
33
1176
19
1177
67
1178
46
1179
-1
1180
123
1181
159
1182
51
1183
58
1184
-1
1185
54
1186
179
1187
4
1188
89
1189
-1
1190
13
1191
35
1192
156
1193
40
1194
-1
1195
47
1196
135
1197
54
1198
83
1199
-1
1200
90
1201
71
1202
112
1203
164
1204
-1
1205
97
1206
140
1207
135
1208
128
1209
-1
1210
77
1211
65
1212
126
1213
92
1214
-1
1215
57
1216
103
1217
85
1218
106
1219
-1
1220
58
1221
70
1222
179
1223
111
1224
-1
1225
76
1226
38
1227
150
1228
34
1229
-1
1230
151
1231
161
1232
104
1233
23
1234
-1
1235
156
1236
30
1237
146
1238
100
1239
-1
1240
66
1241
36
1242
165
1243
90
1244
-1
1245
69
1246
43
1247
177
1248
73
1249
-1
1250
66
1251
67
1252
119
1253
156
1254
-1
1255
142
1256
99
1257
97
1258
91
1259
-1
1260
35
1261
13
1262
66
1263
113
1264
-1
1265
137
1266
114
1267
159
1268
172
1269
-1
1270
17
1271
178
1272
106
1273
49
1274
-1
1275
171
1276
126
1277
175
1278
151
1279
-1
1280
95
1281
148
1282
96
1283
59
1284
-1
1285
119
1286
32
1287
141
1288
163
1289
-1
1290
63
1291
48
1292
27
1293
58
1294
-1
1295
178
1296
18
1297
150
1298
32
1299
-1
1300
107
1301
13
1302
64
1303
162
1304
-1
1305
85
1306
26
1307
151
1308
27
1309
-1
1310
77
1311
119
1312
128
1313
26
1314
-1
1315
33
1316
78
1317
85
1318
93
1319
-1
1320
116
1321
4
1322
47
1323
43
1324
-1
1325
92
1326
28
1327
119
1328
17
1329
-1
1330
38
1331
171
1332
60
1333
36
1334
-1
1335
168
1336
78
1337
27
1338
40
1339
-1
1340
166
1341
70
1342
172
1343
108
1344
-1
1345
18
1346
164
1347
70
1348
158
1349
-1
1350
84
1351
68
1352
114
1353
155
1354
-1
1355
63
1356
87
1357
131
1358
29
1359
-1
1360
177
1361
23
1362
86
1363
17
1364
-1
1365
117
1366
141
1367
46
1368
81
1369
-1
1370
153
1371
130
1372
23
1373
103
1374
-1
1375
42
1376
119
1377
41
1378
82
1379
-1
1380
93
1381
90
1382
158
1383
148
1384
-1
1385
170
1386
139
1387
90
1388
61
1389
-1
1390
1
1391
153
1392
107
1393
31
1394
-1
1395
35
1396
13
1397
44
1398
38
1399
-1
1400
41
1401
98
1402
153
1403
154
1404
-1
1405
160
1406
80
1407
160
1408
109
1409
-1
1410
77
1411
60
1412
138
1413
87
1414
-1
1415
134
1416
2
1417
170
1418
173
1419
-1
1420
1
1421
160
1422
143
1423
75
1424
-1
1425
34
1426
98
1427
141
1428
133
1429
-1
1430
107
1431
158
1432
25
1433
99
1434
-1
1435
106
1436
64
1437
135
1438
129
1439
-1
1440
107
1441
167
1442
90
1443
107
1444
-1
1445
140
1446
43
1447
179
1448
76
1449
-1
1450
87
1451
173
1452
93
1453
41
1454
-1
1455
47
1456
130
1457
134
1458
62
1459
-1
1460
20
1461
14
1462
80
1463
21
1464
-1
1465
117
1466
147
1467
66
1468
50
1469
-1
1470
96
1471
96
1472
128
1473
144
1474
-1
1475
147
1476
48
1477
162
1478
145
1479
-1
1480
155
1481
156
1482
0
1483
132
1484
-1
1485
136
1486
138
1487
81
1488
132
1489
-1
1490
162
1491
155
1492
37
1493
131
1494
-1
1495
106
1496
10
1497
90
1498
165
1499
-1
1500
14
1501
113
1502
83
1503
163
1504
-1
1505
69
1506
115
1507
174
1508
168
1509
-1
1510
47
1511
128
1512
7
1513
104
1514
-1
1515
75
1516
13
1517
163
1518
57
1519
-1
1520
174
1521
93
1522
34
1523
127
1524
-1
1525
17
1526
25
1527
179
1528
133
1529
-1
1530
62
1531
139
1532
61
1533
28
1534
-1
1535
86
1536
71
1537
157
1538
112
1539
-1
1540
43
1541
8
1542
8
1543
118
1544
-1
1545
141
1546
120
1547
10
1548
20
1549
-1
1550
140
1551
168
1552
54
1553
135
1554
-1
1555
161
1556
148
1557
104
1558
74
1559
-1
1560
25
1561
104
1562
167
1563
139
1564
-1
1565
7
1566
52
1567
110
1568
155
1569
-1
1570
177
1571
14
1572
14
1573
127
1574
-1
1575
145
1576
3
1577
39
1578
8
1579
-1
1580
154
1581
65
1582
14
1583
75
1584
-1
1585
3
1586
143
1587
149
1588
46
1589
-1
1590
131
1591
8
1592
175
1593
28
1594
-1
1595
86
1596
22
1597
38
1598
105
1599
-1
1600
111
1601
34
1602
24
1603
4
1604
-1
1605
160
1606
10
1607
1
1608
179
1609
-1
1610
17
1611
18
1612
49
1613
161
1614
-1
1615
148
1616
95
1617
24
1618
66
1619
-1
1620
124
1621
39
1622
143
1623
147
1624
-1
1625
105
1626
43
1627
137
1628
105
1629
-1
1630
123
1631
157
1632
156
1633
116
1634
-1
1635
87
1636
70
1637
24
1638
99
1639
-1
1640
63
1641
80
1642
82
1643
52
1644
-1
1645
122
1646
116
1647
0
1648
149
1649
-1
1650
114
1651
101
1652
173
1653
175
1654
-1
1655
66
1656
81
1657
126
1658
55
1659
-1
1660
110
1661
133
1662
149
1663
112
1664
-1
1665
84
1666
127
1667
31
1668
12
1669
-1
1670
50
1671
157
1672
36
1673
67
1674
-1
1675
59
1676
116
1677
76
1678
99
1679
-1
1680
80
1681
175
1682
17
1683
110
1684
-1
1685
123
1686
111
1687
96
1688
141
1689
-1
1690
120
1691
132
1692
172
1693
125
1694
-1
1695
75
1696
141
1697
112
1698
21
1699
-1
1700
80
1701
123
1702
51
1703
179
1704
-1
1705
36
1706
144
1707
0
1708
54
1709
-1
1710
49
1711
123
1712
49
1713
43
1714
-1
1715
16
1716
46
1717
44
1718
21
1719
-1
1720
59
1721
123
1722
0
1723
30
1724
-1
1725
61
1726
50
1727
90
1728
10
1729
-1
1730
77
1731
106
1732
164
1733
24
1734
-1
1735
146
1736
106
1737
41
1738
105
1739
-1
1740
73
1741
146
1742
137
1743
79
1744
-1
1745
103
1746
107
1747
153
1748
127
1749
-1
1750
146
1751
178
1752
45
1753
20
1754
-1
1755
66
1756
33
1757
121
1758
6
1759
-1
1760
66
1761
83
1762
9
1763
89
1764
-1
1765
142
1766
2
1767
108
1768
39
1769
-1
1770
8
1771
76
1772
109
1773
10
1774
-1
1775
124
1776
132
1777
93
1778
144
1779
-1
1780
49
1781
162
1782
179
1783
22
1784
-1
1785
16
1786
104
1787
155
1788
129
1789
-1
1790
142
1791
21
1792
94
1793
41
1794
-1
1795
171
1796
30
1797
178
1798
99
1799
-1
1800
94
1801
175
1802
127
1803
25
1804
-1
1805
85
1806
32
1807
14
1808
63
1809
-1
1810
75
1811
148
1812
3
1813
147
1814
-1
1815
60
1816
56
1817
58
1818
3
1819
-1
1820
56
1821
41
1822
176
1823
21
1824
-1
1825
34
1826
20
1827
39
1828
10
1829
-1
1830
99
1831
150
1832
43
1833
149
1834
-1
1835
58
1836
38
1837
116
1838
123
1839
-1
1840
158
1841
106
1842
63
1843
6
1844
-1
1845
150
1846
20
1847
150
1848
127
1849
-1
1850
51
1851
79
1852
147
1853
24
1854
-1
1855
97
1856
176
1857
160
1858
92
1859
-1
1860
68
1861
41
1862
39
1863
0
1864
-1
1865
37
1866
166
1867
6
1868
88
1869
-1
1870
84
1871
12
1872
68
1873
1
1874
-1
1875
23
1876
135
1877
81
1878
84
1879
-1
1880
45
1881
123
1882
160
1883
78
1884
-1
1885
158
1886
97
1887
77
1888
34
1889
-1
1890
85
1891
140
1892
1
1893
94
1894
-1
1895
43
1896
150
1897
156
1898
138
1899
-1
1900
4
1901
137
1902
80
1903
96
1904
-1
1905
106
1906
59
1907
161
1908
97
1909
-1
1910
85
1911
3
1912
129
1913
57
1914
-1
1915
54
1916
83
1917
91
1918
81
1919
-1
1920
63
1921
16
1922
168
1923
125
1924
-1
1925
116
1926
148
1927
124
1928
5
1929
-1
1930
7
1931
120
1932
129
1933
11
1934
-1
1935
171
1936
70
1937
45
1938
24
1939
-1
1940
57
1941
97
1942
29
1943
74
1944
-1
1945
138
1946
164
1947
30
1948
29
1949
-1
1950
140
1951
94
1952
130
1953
33
1954
-1
1955
144
1956
117
1957
80
1958
140
1959
-1
1960
51
1961
77
1962
171
1963
99
1964
-1
1965
123
1966
156
1967
133
1968
125
1969
-1
1970
54
1971
38
1972
111
1973
86
1974
-1
1975
4
1976
31
1977
156
1978
64
1979
-1
1980
85
1981
54
1982
58
1983
31
1984
-1
1985
167
1986
158
1987
61
1988
139
1989
-1
1990
69
1991
5
1992
113
1993
136
1994
-1
1995
74
1996
135
1997
96
1998
121
1999
-1
