********************************************************************************
The planted motif0 is:
CGATTAGGTATACTAGGAGTC
0
31
1
77
2
26
3
177
4
-1
5
5
6
108
7
7
8
35
9
-1
10
127
11
149
12
73
13
24
14
-1
15
60
16
93
17
132
18
13
19
-1
20
33
21
159
22
29
23
36
24
-1
25
118
26
163
27
56
28
19
29
-1
30
150
31
87
32
38
33
105
34
-1
35
32
36
129
37
156
38
120
39
-1
40
129
41
32
42
6
43
54
44
-1
45
62
46
100
47
133
48
42
49
-1
50
127
51
13
52
79
53
98
54
-1
55
140
56
164
57
70
58
51
59
-1
60
42
61
10
62
13
63
171
64
-1
65
94
66
69
67
44
68
34
69
-1
70
127
71
15
72
29
73
158
74
-1
75
38
76
68
77
49
78
176
79
-1
80
50
81
104
82
63
83
38
84
-1
85
73
86
151
87
112
88
179
89
-1
90
107
91
112
92
148
93
13
94
-1
95
40
96
117
97
145
98
112
99
-1
100
106
101
143
102
172
103
163
104
-1
105
149
106
11
107
70
108
63
109
-1
110
137
111
100
112
147
113
58
114
-1
115
83
116
103
117
88
118
107
119
-1
120
137
121
96
122
90
123
9
124
-1
125
89
126
35
127
138
128
60
129
-1
130
170
131
150
132
69
133
146
134
-1
135
73
136
112
137
20
138
51
139
-1
140
141
141
58
142
177
143
100
144
-1
145
75
146
144
147
166
148
144
149
-1
150
41
151
44
152
137
153
60
154
-1
155
42
156
26
157
108
158
123
159
-1
160
87
161
158
162
134
163
49
164
-1
165
97
166
179
167
142
168
81
169
-1
170
121
171
119
172
166
173
52
174
-1
175
64
176
79
177
104
178
114
179
-1
180
57
181
59
182
30
183
96
184
-1
185
130
186
170
187
7
188
145
189
-1
190
31
191
18
192
172
193
169
194
-1
195
50
196
17
197
150
198
167
199
-1
200
137
201
30
202
66
203
80
204
-1
205
129
206
51
207
58
208
116
209
-1
210
64
211
87
212
115
213
41
214
-1
215
81
216
7
217
30
218
151
219
-1
220
139
221
61
222
45
223
95
224
-1
225
152
226
22
227
149
228
64
229
-1
230
31
231
132
232
78
233
155
234
-1
235
24
236
98
237
114
238
49
239
-1
240
92
241
27
242
118
243
68
244
-1
245
15
246
62
247
23
248
14
249
-1
250
7
251
51
252
127
253
46
254
-1
255
64
256
55
257
44
258
95
259
-1
260
164
261
96
262
97
263
58
264
-1
265
61
266
67
267
77
268
167
269
-1
270
161
271
40
272
141
273
100
274
-1
275
30
276
55
277
106
278
40
279
-1
280
34
281
146
282
178
283
177
284
-1
285
51
286
175
287
65
288
114
289
-1
290
47
291
40
292
70
293
11
294
-1
295
3
296
22
297
149
298
11
299
-1
300
111
301
144
302
115
303
98
304
-1
305
142
306
27
307
70
308
10
309
-1
310
143
311
2
312
61
313
167
314
-1
315
1
316
128
317
16
318
58
319
-1
320
16
321
77
322
93
323
77
324
-1
325
165
326
67
327
94
328
16
329
-1
330
89
331
52
332
17
333
73
334
-1
335
63
336
63
337
80
338
179
339
-1
340
96
341
122
342
60
343
155
344
-1
345
154
346
88
347
158
348
90
349
-1
350
32
351
151
352
7
353
45
354
-1
355
16
356
64
357
154
358
122
359
-1
360
0
361
95
362
96
363
46
364
-1
365
25
366
64
367
135
368
111
369
-1
370
123
371
94
372
22
373
59
374
-1
375
120
376
141
377
106
378
69
379
-1
380
85
381
56
382
68
383
93
384
-1
385
64
386
12
387
129
388
68
389
-1
390
17
391
83
392
170
393
43
394
-1
395
175
396
26
397
29
398
88
399
-1
400
142
401
66
402
49
403
115
404
-1
405
67
406
117
407
73
408
169
409
-1
410
123
411
72
412
131
413
97
414
-1
415
4
416
92
417
118
418
119
419
-1
420
54
421
146
422
17
423
62
424
-1
425
20
426
18
427
86
428
49
429
-1
430
17
431
176
432
136
433
161
434
-1
435
51
436
3
437
138
438
67
439
-1
440
82
441
160
442
50
443
36
444
-1
445
118
446
1
447
167
448
85
449
-1
450
83
451
78
452
169
453
162
454
-1
455
177
456
85
457
15
458
130
459
-1
460
6
461
119
462
27
463
30
464
-1
465
169
466
51
467
94
468
64
469
-1
470
26
471
67
472
134
473
34
474
-1
475
19
476
36
477
1
478
4
479
-1
480
176
481
116
482
133
483
134
484
-1
485
156
486
152
487
79
488
163
489
-1
490
100
491
84
492
97
493
161
494
-1
495
87
496
168
497
129
498
47
499
-1
500
97
501
40
502
95
503
162
504
-1
505
83
506
25
507
38
508
38
509
-1
510
71
511
108
512
179
513
33
514
-1
515
5
516
140
517
47
518
126
519
-1
520
160
521
71
522
154
523
76
524
-1
525
56
526
68
527
147
528
76
529
-1
530
171
531
15
532
172
533
96
534
-1
535
12
536
45
537
174
538
64
539
-1
540
86
541
15
542
103
543
160
544
-1
545
114
546
86
547
37
548
155
549
-1
550
113
551
133
552
26
553
77
554
-1
555
134
556
69
557
68
558
89
559
-1
560
23
561
176
562
66
563
96
564
-1
565
14
566
33
567
84
568
176
569
-1
570
178
571
147
572
124
573
16
574
-1
575
30
576
165
577
163
578
166
579
-1
580
52
581
77
582
27
583
20
584
-1
585
127
586
71
587
132
588
112
589
-1
590
54
591
139
592
100
593
144
594
-1
595
151
596
22
597
10
598
70
599
-1
600
96
601
117
602
23
603
46
604
-1
605
141
606
14
607
46
608
141
609
-1
610
46
611
113
612
0
613
0
614
-1
615
159
616
42
617
58
618
17
619
-1
620
136
621
91
622
174
623
177
624
-1
625
21
626
115
627
176
628
5
629
-1
630
80
631
131
632
29
633
30
634
-1
635
131
636
93
637
57
638
14
639
-1
640
27
641
24
642
88
643
137
644
-1
645
72
646
148
647
126
648
99
649
-1
650
159
651
163
652
21
653
49
654
-1
655
36
656
69
657
113
658
165
659
-1
660
91
661
131
662
129
663
94
664
-1
665
146
666
95
667
114
668
51
669
-1
670
109
671
162
672
112
673
96
674
-1
675
161
676
101
677
99
678
23
679
-1
680
161
681
22
682
60
683
81
684
-1
685
93
686
152
687
80
688
104
689
-1
690
67
691
41
692
129
693
103
694
-1
695
45
696
121
697
52
698
13
699
-1
700
145
701
87
702
55
703
72
704
-1
705
47
706
34
707
46
708
146
709
-1
710
18
711
0
712
77
713
120
714
-1
715
129
716
153
717
124
718
172
719
-1
720
3
721
116
722
111
723
98
724
-1
725
49
726
125
727
166
728
150
729
-1
730
157
731
3
732
30
733
4
734
-1
735
142
736
103
737
57
738
169
739
-1
740
1
741
140
742
96
743
13
744
-1
745
127
746
70
747
173
748
78
749
-1
750
82
751
159
752
96
753
4
754
-1
755
26
756
139
757
97
758
116
759
-1
760
117
761
150
762
35
763
37
764
-1
765
17
766
44
767
67
768
74
769
-1
770
129
771
37
772
21
773
174
774
-1
775
144
776
47
777
73
778
163
779
-1
780
174
781
178
782
171
783
102
784
-1
785
155
786
119
787
135
788
50
789
-1
790
110
791
138
792
82
793
38
794
-1
795
173
796
88
797
10
798
74
799
-1
800
36
801
21
802
22
803
81
804
-1
805
115
806
14
807
80
808
11
809
-1
810
168
811
89
812
82
813
28
814
-1
815
24
816
111
817
21
818
48
819
-1
820
132
821
103
822
26
823
43
824
-1
825
136
826
11
827
8
828
75
829
-1
830
13
831
165
832
88
833
106
834
-1
835
140
836
100
837
41
838
134
839
-1
840
23
841
143
842
97
843
135
844
-1
845
25
846
72
847
30
848
23
849
-1
850
161
851
43
852
87
853
118
854
-1
855
168
856
143
857
83
858
56
859
-1
860
136
861
108
862
69
863
115
864
-1
865
107
866
141
867
171
868
14
869
-1
870
15
871
139
872
141
873
19
874
-1
875
90
876
13
877
173
878
46
879
-1
880
81
881
26
882
19
883
146
884
-1
885
58
886
163
887
154
888
28
889
-1
890
50
891
27
892
26
893
155
894
-1
895
68
896
120
897
32
898
20
899
-1
900
1
901
56
902
80
903
28
904
-1
905
44
906
179
907
113
908
146
909
-1
910
111
911
45
912
15
913
117
914
-1
915
89
916
151
917
97
918
166
919
-1
920
72
921
54
922
106
923
6
924
-1
925
143
926
36
927
93
928
58
929
-1
930
108
931
10
932
150
933
49
934
-1
935
56
936
125
937
99
938
121
939
-1
940
42
941
77
942
72
943
125
944
-1
945
111
946
138
947
114
948
126
949
-1
950
17
951
111
952
172
953
31
954
-1
955
71
956
159
957
141
958
112
959
-1
960
42
961
94
962
0
963
41
964
-1
965
140
966
75
967
155
968
7
969
-1
970
65
971
47
972
167
973
174
974
-1
975
75
976
176
977
172
978
74
979
-1
980
163
981
64
982
105
983
104
984
-1
985
32
986
132
987
33
988
146
989
-1
990
153
991
140
992
34
993
145
994
-1
995
106
996
144
997
176
998
133
999
-1
