********************************************************************************
The planted motif0 is:
ATTTGGCACGGCAGG
0
13
1
79
2
97
3
74
4
-1
5
141
6
102
7
58
8
181
9
-1
10
26
11
72
12
44
13
184
14
-1
15
137
16
36
17
65
18
100
19
-1
20
176
21
99
22
57
23
25
24
-1
25
47
26
69
27
20
28
105
29
-1
30
13
31
11
32
160
33
63
34
-1
35
158
36
85
37
63
38
5
39
-1
40
11
41
23
42
25
43
53
44
-1
45
122
46
35
47
20
48
161
49
-1
50
39
51
33
52
105
53
105
54
-1
55
170
56
136
57
63
58
172
59
-1
60
58
61
175
62
47
63
162
64
-1
65
63
66
112
67
92
68
154
69
-1
70
135
71
60
72
60
73
138
74
-1
75
25
76
141
77
115
78
121
79
-1
80
137
81
151
82
140
83
182
84
-1
85
76
86
38
87
157
88
49
89
-1
90
166
91
0
92
125
93
30
94
-1
95
55
96
18
97
24
98
173
99
-1
100
175
101
0
102
142
103
50
104
-1
105
93
106
162
107
69
108
140
109
-1
110
135
111
40
112
142
113
143
114
-1
115
129
116
109
117
90
118
146
119
-1
120
39
121
7
122
27
123
48
124
-1
125
10
126
32
127
158
128
114
129
-1
130
71
131
167
132
172
133
23
134
-1
135
56
136
137
137
101
138
94
139
-1
140
168
141
161
142
2
143
15
144
-1
145
110
146
77
147
28
148
171
149
-1
150
122
151
38
152
147
153
12
154
-1
155
134
156
39
157
32
158
58
159
-1
160
74
161
129
162
143
163
100
164
-1
165
153
166
12
167
76
168
135
169
-1
170
102
171
21
172
154
173
63
174
-1
175
152
176
166
177
35
178
19
179
-1
180
31
181
150
182
154
183
88
184
-1
185
85
186
109
187
178
188
0
189
-1
190
150
191
136
192
177
193
123
194
-1
195
77
196
78
197
96
198
177
199
-1
200
115
201
117
202
49
203
66
204
-1
205
75
206
67
207
131
208
101
209
-1
210
59
211
109
212
0
213
100
214
-1
215
103
216
54
217
132
218
184
219
-1
220
142
221
123
222
111
223
17
224
-1
225
182
226
150
227
81
228
179
229
-1
230
134
231
15
232
116
233
39
234
-1
235
35
236
66
237
49
238
95
239
-1
240
25
241
36
242
3
243
4
244
-1
245
129
246
45
247
50
248
37
249
-1
250
74
251
134
252
166
253
119
254
-1
255
19
256
166
257
184
258
7
259
-1
260
72
261
10
262
163
263
162
264
-1
265
182
266
185
267
74
268
6
269
-1
270
68
271
119
272
103
273
158
274
-1
275
0
276
63
277
105
278
69
279
-1
280
36
281
131
282
185
283
45
284
-1
285
131
286
14
287
159
288
169
289
-1
290
151
291
184
292
78
293
46
294
-1
295
84
296
69
297
113
298
85
299
-1
300
176
301
34
302
103
303
65
304
-1
305
40
306
100
307
32
308
37
309
-1
310
153
311
105
312
80
313
129
314
-1
315
160
316
5
317
71
318
145
319
-1
320
27
321
117
322
146
323
110
324
-1
325
173
326
89
327
28
328
147
329
-1
330
7
331
159
332
6
333
170
334
-1
335
159
336
159
337
105
338
94
339
-1
340
104
341
60
342
133
343
87
344
-1
345
166
346
133
347
47
348
45
349
-1
350
110
351
29
352
180
353
74
354
-1
355
76
356
53
357
25
358
132
359
-1
360
176
361
131
362
62
363
30
364
-1
365
38
366
99
367
82
368
172
369
-1
370
32
371
64
372
2
373
40
374
-1
375
32
376
15
377
62
378
89
379
-1
380
24
381
101
382
7
383
14
384
-1
385
176
386
45
387
34
388
171
389
-1
390
17
391
170
392
169
393
72
394
-1
395
77
396
77
397
157
398
10
399
-1
400
60
401
59
402
92
403
159
404
-1
405
101
406
97
407
160
408
134
409
-1
410
135
411
24
412
62
413
141
414
-1
415
129
416
17
417
156
418
106
419
-1
420
90
421
164
422
117
423
63
424
-1
425
121
426
157
427
163
428
171
429
-1
430
135
431
35
432
30
433
61
434
-1
435
159
436
25
437
165
438
124
439
-1
440
113
441
91
442
105
443
126
444
-1
445
120
446
34
447
28
448
124
449
-1
450
148
451
69
452
93
453
173
454
-1
455
131
456
39
457
104
458
48
459
-1
460
57
461
92
462
81
463
72
464
-1
465
176
466
165
467
18
468
18
469
-1
470
113
471
170
472
170
473
47
474
-1
475
147
476
83
477
55
478
46
479
-1
480
35
481
83
482
47
483
1
484
-1
485
58
486
3
487
113
488
179
489
-1
490
9
491
47
492
126
493
78
494
-1
495
102
496
26
497
146
498
135
499
-1
500
34
501
24
502
92
503
86
504
-1
505
125
506
33
507
167
508
144
509
-1
510
135
511
7
512
103
513
183
514
-1
515
67
516
147
517
84
518
41
519
-1
520
169
521
37
522
50
523
163
524
-1
525
8
526
182
527
52
528
39
529
-1
530
47
531
129
532
123
533
180
534
-1
535
135
536
74
537
101
538
137
539
-1
540
51
541
5
542
24
543
185
544
-1
545
171
546
44
547
63
548
7
549
-1
550
75
551
113
552
0
553
121
554
-1
555
67
556
136
557
165
558
63
559
-1
560
22
561
25
562
4
563
33
564
-1
565
59
566
101
567
130
568
79
569
-1
570
23
571
13
572
95
573
119
574
-1
575
185
576
156
577
14
578
160
579
-1
580
63
581
176
582
58
583
64
584
-1
585
169
586
9
587
1
588
157
589
-1
590
110
591
73
592
115
593
174
594
-1
595
132
596
62
597
59
598
91
599
-1
600
81
601
50
602
174
603
76
604
-1
605
26
606
88
607
106
608
111
609
-1
610
52
611
64
612
113
613
133
614
-1
615
178
616
106
617
113
618
53
619
-1
620
72
621
31
622
35
623
84
624
-1
625
54
626
173
627
21
628
156
629
-1
630
177
631
182
632
73
633
61
634
-1
635
99
636
50
637
116
638
100
639
-1
640
67
641
137
642
182
643
5
644
-1
645
72
646
176
647
120
648
27
649
-1
650
134
651
48
652
182
653
69
654
-1
655
147
656
159
657
174
658
115
659
-1
660
100
661
33
662
162
663
53
664
-1
665
182
666
73
667
44
668
112
669
-1
670
66
671
175
672
127
673
1
674
-1
675
153
676
113
677
171
678
141
679
-1
680
54
681
54
682
127
683
8
684
-1
685
94
686
136
687
46
688
82
689
-1
690
136
691
91
692
46
693
174
694
-1
695
144
696
10
697
120
698
102
699
-1
700
98
701
173
702
108
703
80
704
-1
705
13
706
103
707
37
708
93
709
-1
710
37
711
147
712
25
713
13
714
-1
715
59
716
73
717
63
718
29
719
-1
720
49
721
45
722
76
723
82
724
-1
725
18
726
168
727
9
728
0
729
-1
730
105
731
85
732
161
733
130
734
-1
735
145
736
185
737
71
738
32
739
-1
740
48
741
30
742
175
743
89
744
-1
745
106
746
40
747
21
748
172
749
-1
750
7
751
57
752
180
753
98
754
-1
755
15
756
182
757
176
758
145
759
-1
760
86
761
168
762
143
763
182
764
-1
765
92
766
41
767
79
768
54
769
-1
770
173
771
61
772
12
773
102
774
-1
775
14
776
15
777
168
778
155
779
-1
780
108
781
107
782
135
783
29
784
-1
785
57
786
139
787
140
788
31
789
-1
790
139
791
152
792
86
793
62
794
-1
795
67
796
129
797
21
798
173
799
-1
800
1
801
147
802
105
803
146
804
-1
805
59
806
139
807
182
808
103
809
-1
810
84
811
27
812
52
813
63
814
-1
815
8
816
167
817
48
818
67
819
-1
820
173
821
123
822
113
823
185
824
-1
825
21
826
59
827
78
828
165
829
-1
830
19
831
156
832
72
833
106
834
-1
835
164
836
50
837
180
838
182
839
-1
840
0
841
61
842
4
843
107
844
-1
845
144
846
161
847
71
848
102
849
-1
850
75
851
113
852
29
853
56
854
-1
855
80
856
113
857
36
858
144
859
-1
860
159
861
126
862
27
863
119
864
-1
865
59
866
154
867
60
868
137
869
-1
870
182
871
104
872
157
873
96
874
-1
875
139
876
73
877
85
878
93
879
-1
880
137
881
104
882
9
883
28
884
-1
885
28
886
24
887
2
888
85
889
-1
890
104
891
3
892
161
893
87
894
-1
895
35
896
125
897
155
898
77
899
-1
900
57
901
61
902
69
903
132
904
-1
905
66
906
59
907
34
908
20
909
-1
910
97
911
165
912
174
913
82
914
-1
915
142
916
142
917
27
918
61
919
-1
920
132
921
56
922
149
923
114
924
-1
925
103
926
95
927
42
928
81
929
-1
930
85
931
140
932
150
933
104
934
-1
935
107
936
111
937
54
938
100
939
-1
940
57
941
142
942
92
943
141
944
-1
945
129
946
146
947
88
948
150
949
-1
950
5
951
11
952
83
953
24
954
-1
955
94
956
167
957
39
958
148
959
-1
960
77
961
183
962
101
963
148
964
-1
965
71
966
53
967
145
968
7
969
-1
970
120
971
169
972
130
973
146
974
-1
975
147
976
117
977
114
978
12
979
-1
980
93
981
0
982
100
983
42
984
-1
985
7
986
177
987
133
988
80
989
-1
990
139
991
74
992
11
993
40
994
-1
995
13
996
123
997
103
998
11
999
-1
