********************************************************************************
The planted motif0 is:
GCGGCCGGC
0
179
1
-1
2
73
3
-1
4
68
5
-1
6
110
7
-1
8
112
9
-1
10
110
11
-1
12
133
13
-1
14
127
15
-1
16
28
17
-1
18
138
19
-1
20
41
21
-1
22
42
23
-1
24
73
25
-1
26
24
27
-1
28
42
29
-1
30
161
31
-1
32
133
33
-1
34
156
35
-1
36
148
37
-1
38
152
39
-1
40
51
41
-1
42
60
43
-1
44
39
45
-1
46
74
47
-1
48
135
49
-1
50
4
51
-1
52
40
53
-1
54
185
55
-1
56
165
57
-1
58
175
59
-1
60
108
61
-1
62
44
63
-1
64
123
65
-1
66
55
67
-1
68
141
69
-1
70
162
71
-1
72
64
73
-1
74
68
75
-1
76
38
77
-1
78
174
79
-1
80
35
81
-1
82
5
83
-1
84
148
85
-1
86
41
87
-1
88
146
89
-1
90
65
91
-1
92
125
93
-1
94
16
95
-1
96
150
97
-1
98
5
99
-1
100
146
101
-1
102
63
103
-1
104
80
105
-1
106
47
107
-1
108
166
109
-1
110
57
111
-1
112
176
113
-1
114
74
115
-1
116
153
117
-1
118
90
119
-1
120
26
121
-1
122
129
123
-1
124
20
125
-1
126
118
127
-1
128
128
129
-1
130
111
131
-1
132
59
133
-1
134
142
135
-1
136
141
137
-1
138
54
139
-1
140
106
141
-1
142
129
143
-1
144
102
145
-1
146
69
147
-1
148
70
149
-1
150
135
151
-1
152
152
153
-1
154
22
155
-1
156
131
157
-1
158
121
159
-1
160
133
161
-1
162
138
163
-1
164
130
165
-1
166
142
167
-1
168
37
169
-1
170
97
171
-1
172
172
173
-1
174
132
175
-1
176
18
177
-1
178
28
179
-1
180
51
181
-1
182
33
183
-1
184
113
185
-1
186
30
187
-1
188
18
189
-1
190
21
191
-1
192
187
193
-1
194
129
195
-1
196
7
197
-1
198
144
199
-1
200
69
201
-1
202
1
203
-1
204
11
205
-1
206
65
207
-1
208
35
209
-1
210
49
211
-1
212
12
213
-1
214
100
215
-1
216
25
217
-1
218
126
219
-1
220
150
221
-1
222
100
223
-1
224
76
225
-1
226
51
227
-1
228
99
229
-1
230
95
231
-1
232
20
233
-1
234
186
235
-1
236
51
237
-1
238
23
239
-1
240
188
241
-1
242
153
243
-1
244
152
245
-1
246
183
247
-1
248
41
249
-1
250
84
251
-1
252
19
253
-1
254
143
255
-1
256
85
257
-1
258
72
259
-1
260
93
261
-1
262
172
263
-1
264
63
265
-1
266
147
267
-1
268
134
269
-1
270
85
271
-1
272
8
273
-1
274
50
275
-1
276
124
277
-1
278
83
279
-1
280
85
281
-1
282
94
283
-1
284
34
285
-1
286
157
287
-1
288
12
289
-1
290
16
291
-1
292
91
293
-1
294
126
295
-1
296
140
297
-1
298
41
299
-1
300
104
301
-1
302
150
303
-1
304
38
305
-1
306
131
307
-1
308
67
309
-1
310
38
311
-1
312
132
313
-1
314
87
315
-1
316
159
317
-1
318
123
319
-1
320
162
321
-1
322
191
323
-1
324
161
325
-1
326
165
327
-1
328
107
329
-1
330
128
331
-1
332
15
333
-1
334
1
335
-1
336
85
337
-1
338
94
339
-1
340
144
341
-1
342
100
343
-1
344
12
345
-1
346
3
347
-1
348
185
349
-1
350
55
351
-1
352
20
353
-1
354
112
355
-1
356
7
357
-1
358
53
359
-1
360
142
361
-1
362
52
363
-1
364
182
365
-1
366
127
367
-1
368
183
369
-1
370
117
371
-1
372
152
373
-1
374
159
375
-1
376
16
377
-1
378
23
379
-1
380
89
381
-1
382
1
383
-1
384
99
385
-1
386
117
387
-1
388
170
389
-1
390
38
391
-1
392
35
393
-1
394
47
395
-1
396
58
397
-1
398
105
399
-1
400
19
401
-1
402
57
403
-1
404
132
405
-1
406
14
407
-1
408
93
409
-1
410
81
411
-1
412
69
413
-1
414
52
415
-1
416
140
417
-1
418
42
419
-1
420
127
421
-1
422
39
423
-1
424
34
425
-1
426
133
427
-1
428
143
429
-1
430
129
431
-1
432
140
433
-1
434
167
435
-1
436
102
437
-1
438
92
439
-1
440
154
441
-1
442
143
443
-1
444
175
445
-1
446
120
447
-1
448
86
449
-1
450
125
451
-1
452
68
453
-1
454
78
455
-1
456
116
457
-1
458
69
459
-1
460
118
461
-1
462
28
463
-1
464
74
465
-1
466
46
467
-1
468
170
469
-1
470
160
471
-1
472
152
473
-1
474
45
475
-1
476
8
477
-1
478
83
479
-1
480
90
481
-1
482
83
483
-1
484
115
485
-1
486
14
487
-1
488
44
489
-1
490
129
491
-1
492
34
493
-1
494
9
495
-1
496
35
497
-1
498
50
499
-1
500
79
501
-1
502
30
503
-1
504
161
505
-1
506
71
507
-1
508
169
509
-1
510
100
511
-1
512
72
513
-1
514
167
515
-1
516
140
517
-1
518
81
519
-1
520
77
521
-1
522
61
523
-1
524
16
525
-1
526
158
527
-1
528
111
529
-1
530
18
531
-1
532
8
533
-1
534
177
535
-1
536
165
537
-1
538
125
539
-1
540
0
541
-1
542
70
543
-1
544
72
545
-1
546
68
547
-1
548
147
549
-1
550
129
551
-1
552
7
553
-1
554
151
555
-1
556
103
557
-1
558
117
559
-1
560
45
561
-1
562
143
563
-1
564
72
565
-1
566
43
567
-1
568
189
569
-1
570
139
571
-1
572
123
573
-1
574
112
575
-1
576
17
577
-1
578
91
579
-1
580
129
581
-1
582
168
583
-1
584
90
585
-1
586
64
587
-1
588
58
589
-1
590
190
591
-1
592
172
593
-1
594
63
595
-1
596
63
597
-1
598
77
599
-1
