********************************************************************************
The planted motif0 is:
CCCCTGCCA
0
173
1
111
2
45
3
81
4
-1
5
21
6
116
7
130
8
159
9
-1
10
178
11
4
12
67
13
83
14
-1
15
120
16
87
17
94
18
158
19
-1
20
106
21
3
22
120
23
48
24
-1
25
18
26
97
27
27
28
91
29
-1
30
7
31
179
32
73
33
68
34
-1
35
110
36
112
37
110
38
133
39
-1
40
127
41
28
42
138
43
41
44
-1
45
42
46
73
47
24
48
42
49
-1
50
161
51
133
52
156
53
148
54
-1
55
152
56
51
57
60
58
39
59
-1
60
74
61
135
62
4
63
40
64
-1
65
185
66
165
67
175
68
108
69
-1
70
44
71
123
72
55
73
141
74
-1
75
162
76
64
77
68
78
38
79
-1
80
174
81
35
82
5
83
148
84
-1
85
41
86
146
87
65
88
125
89
-1
90
16
91
150
92
5
93
146
94
-1
95
63
96
80
97
47
98
166
99
-1
100
57
101
176
102
74
103
153
104
-1
105
90
106
26
107
129
108
20
109
-1
110
118
111
128
112
111
113
59
114
-1
115
142
116
141
117
54
118
106
119
-1
120
129
121
102
122
69
123
70
124
-1
125
135
126
152
127
22
128
131
129
-1
130
121
131
133
132
138
133
130
134
-1
135
142
136
37
137
97
138
172
139
-1
140
132
141
18
142
28
143
51
144
-1
145
33
146
113
147
30
148
18
149
-1
150
21
151
187
152
129
153
7
154
-1
155
144
156
69
157
1
158
11
159
-1
160
65
161
35
162
49
163
12
164
-1
165
100
166
25
167
126
168
150
169
-1
170
100
171
76
172
51
173
99
174
-1
175
95
176
20
177
186
178
51
179
-1
180
23
181
188
182
153
183
152
184
-1
185
183
186
41
187
84
188
19
189
-1
190
143
191
85
192
72
193
93
194
-1
195
172
196
63
197
147
198
134
199
-1
200
85
201
8
202
50
203
124
204
-1
205
83
206
85
207
94
208
34
209
-1
210
157
211
12
212
16
213
91
214
-1
215
126
216
140
217
41
218
104
219
-1
220
150
221
38
222
131
223
67
224
-1
225
38
226
132
227
87
228
159
229
-1
230
123
231
162
232
191
233
161
234
-1
235
165
236
107
237
128
238
15
239
-1
240
1
241
85
242
94
243
144
244
-1
245
100
246
12
247
3
248
185
249
-1
250
55
251
20
252
112
253
7
254
-1
255
53
256
142
257
52
258
182
259
-1
260
127
261
183
262
117
263
152
264
-1
265
159
266
16
267
23
268
89
269
-1
270
1
271
99
272
117
273
170
274
-1
275
38
276
35
277
47
278
58
279
-1
280
105
281
19
282
57
283
132
284
-1
285
14
286
93
287
81
288
69
289
-1
290
52
291
140
292
42
293
127
294
-1
295
39
296
34
297
133
298
143
299
-1
300
129
301
140
302
167
303
102
304
-1
305
92
306
154
307
143
308
175
309
-1
310
120
311
86
312
125
313
68
314
-1
315
78
316
116
317
69
318
118
319
-1
320
28
321
74
322
46
323
170
324
-1
325
160
326
152
327
45
328
8
329
-1
330
83
331
90
332
83
333
115
334
-1
335
14
336
44
337
129
338
34
339
-1
340
9
341
35
342
50
343
79
344
-1
345
30
346
161
347
71
348
169
349
-1
350
100
351
72
352
167
353
140
354
-1
355
81
356
77
357
61
358
16
359
-1
360
158
361
111
362
18
363
8
364
-1
365
177
366
165
367
125
368
0
369
-1
370
70
371
72
372
68
373
147
374
-1
375
129
376
7
377
151
378
103
379
-1
380
117
381
45
382
143
383
72
384
-1
385
43
386
189
387
139
388
123
389
-1
390
112
391
17
392
91
393
129
394
-1
395
168
396
90
397
64
398
58
399
-1
400
190
401
172
402
63
403
63
404
-1
405
77
406
131
407
177
408
116
409
-1
410
132
411
75
412
86
413
39
414
-1
415
66
416
98
417
99
418
78
419
-1
420
24
421
191
422
26
423
32
424
-1
425
137
426
165
427
71
428
61
429
-1
430
148
431
131
432
101
433
41
434
-1
435
133
436
28
437
123
438
131
439
-1
440
17
441
129
442
107
443
6
444
-1
445
126
446
12
447
158
448
20
449
-1
450
9
451
28
452
24
453
68
454
-1
455
146
456
143
457
123
458
23
459
-1
460
12
461
99
462
13
463
115
464
-1
465
123
466
175
467
189
468
108
469
-1
470
143
471
127
472
13
473
170
474
-1
475
103
476
20
477
128
478
100
479
-1
480
111
481
173
482
189
483
63
484
-1
485
168
486
3
487
104
488
17
489
-1
490
65
491
123
492
29
493
144
494
-1
495
161
496
15
497
158
498
57
499
-1
500
97
501
3
502
83
503
30
504
-1
505
1
506
115
507
118
508
27
509
-1
510
153
511
22
512
109
513
118
514
-1
515
171
516
173
517
125
518
118
519
-1
520
169
521
95
522
91
523
11
524
-1
525
185
526
95
527
180
528
128
529
-1
530
22
531
141
532
104
533
160
534
-1
535
160
536
7
537
57
538
55
539
-1
540
79
541
32
542
1
543
97
544
-1
545
18
546
60
547
80
548
101
549
-1
550
79
551
159
552
32
553
12
554
-1
555
100
556
26
557
166
558
154
559
-1
560
27
561
100
562
58
563
77
564
-1
565
139
566
16
567
34
568
167
569
-1
570
65
571
156
572
145
573
53
574
-1
575
138
576
0
577
161
578
93
579
-1
580
54
581
177
582
128
583
37
584
-1
585
43
586
135
587
164
588
128
589
-1
590
106
591
127
592
41
593
38
594
-1
595
95
596
120
597
104
598
60
599
-1
