********************************************************************************
The planted motif0 is:
CCACCAACTCTCGGC
0
20
1
-1
2
161
3
-1
4
39
5
-1
6
33
7
-1
8
105
9
-1
10
105
11
-1
12
170
13
-1
14
136
15
-1
16
63
17
-1
18
172
19
-1
20
58
21
-1
22
175
23
-1
24
47
25
-1
26
162
27
-1
28
63
29
-1
30
112
31
-1
32
92
33
-1
34
154
35
-1
36
135
37
-1
38
60
39
-1
40
60
41
-1
42
138
43
-1
44
25
45
-1
46
141
47
-1
48
115
49
-1
50
121
51
-1
52
137
53
-1
54
151
55
-1
56
140
57
-1
58
182
59
-1
60
76
61
-1
62
38
63
-1
64
157
65
-1
66
49
67
-1
68
166
69
-1
70
0
71
-1
72
125
73
-1
74
30
75
-1
76
55
77
-1
78
18
79
-1
80
24
81
-1
82
173
83
-1
84
175
85
-1
86
0
87
-1
88
142
89
-1
90
50
91
-1
92
93
93
-1
94
162
95
-1
96
69
97
-1
98
140
99
-1
100
135
101
-1
102
40
103
-1
104
142
105
-1
106
143
107
-1
108
129
109
-1
110
109
111
-1
112
90
113
-1
114
146
115
-1
116
39
117
-1
118
7
119
-1
120
27
121
-1
122
48
123
-1
124
10
125
-1
126
32
127
-1
128
158
129
-1
130
114
131
-1
132
71
133
-1
134
167
135
-1
136
172
137
-1
138
23
139
-1
140
56
141
-1
142
137
143
-1
144
101
145
-1
146
94
147
-1
148
168
149
-1
150
161
151
-1
152
2
153
-1
154
15
155
-1
156
110
157
-1
158
77
159
-1
160
28
161
-1
162
171
163
-1
164
122
165
-1
166
38
167
-1
168
147
169
-1
170
12
171
-1
172
134
173
-1
174
39
175
-1
176
32
177
-1
178
58
179
-1
180
74
181
-1
182
129
183
-1
184
143
185
-1
186
100
187
-1
188
153
189
-1
190
12
191
-1
192
76
193
-1
194
135
195
-1
196
102
197
-1
198
21
199
-1
200
154
201
-1
202
63
203
-1
204
152
205
-1
206
166
207
-1
208
35
209
-1
210
19
211
-1
212
31
213
-1
214
150
215
-1
216
154
217
-1
218
88
219
-1
220
85
221
-1
222
109
223
-1
224
178
225
-1
226
0
227
-1
228
150
229
-1
230
136
231
-1
232
177
233
-1
234
123
235
-1
236
77
237
-1
238
78
239
-1
240
96
241
-1
242
177
243
-1
244
115
245
-1
246
117
247
-1
248
49
249
-1
250
66
251
-1
252
75
253
-1
254
67
255
-1
256
131
257
-1
258
101
259
-1
260
59
261
-1
262
109
263
-1
264
0
265
-1
266
100
267
-1
268
103
269
-1
270
54
271
-1
272
132
273
-1
274
184
275
-1
276
142
277
-1
278
123
279
-1
280
111
281
-1
282
17
283
-1
284
182
285
-1
286
150
287
-1
288
81
289
-1
290
179
291
-1
292
134
293
-1
294
15
295
-1
296
116
297
-1
298
39
299
-1
300
35
301
-1
302
66
303
-1
304
49
305
-1
306
95
307
-1
308
25
309
-1
310
36
311
-1
312
3
313
-1
314
4
315
-1
316
129
317
-1
318
45
319
-1
320
50
321
-1
322
37
323
-1
324
74
325
-1
326
134
327
-1
328
166
329
-1
330
119
331
-1
332
19
333
-1
334
166
335
-1
336
184
337
-1
338
7
339
-1
340
72
341
-1
342
10
343
-1
344
163
345
-1
346
162
347
-1
348
182
349
-1
350
185
351
-1
352
74
353
-1
354
6
355
-1
356
68
357
-1
358
119
359
-1
360
103
361
-1
362
158
363
-1
364
0
365
-1
366
63
367
-1
368
105
369
-1
370
69
371
-1
372
36
373
-1
374
131
375
-1
376
185
377
-1
378
45
379
-1
380
131
381
-1
382
14
383
-1
384
159
385
-1
386
169
387
-1
388
151
389
-1
390
184
391
-1
392
78
393
-1
394
46
395
-1
396
84
397
-1
398
69
399
-1
400
113
401
-1
402
85
403
-1
404
176
405
-1
406
34
407
-1
408
103
409
-1
410
65
411
-1
412
40
413
-1
414
100
415
-1
416
32
417
-1
418
37
419
-1
420
153
421
-1
422
105
423
-1
424
80
425
-1
426
129
427
-1
428
160
429
-1
430
5
431
-1
432
71
433
-1
434
145
435
-1
436
27
437
-1
438
117
439
-1
440
146
441
-1
442
110
443
-1
444
173
445
-1
446
89
447
-1
448
28
449
-1
450
147
451
-1
452
7
453
-1
454
159
455
-1
456
6
457
-1
458
170
459
-1
460
159
461
-1
462
159
463
-1
464
105
465
-1
466
94
467
-1
468
104
469
-1
470
60
471
-1
472
133
473
-1
474
87
475
-1
476
166
477
-1
478
133
479
-1
480
47
481
-1
482
45
483
-1
484
110
485
-1
486
29
487
-1
488
180
489
-1
490
74
491
-1
492
76
493
-1
494
53
495
-1
496
25
497
-1
498
132
499
-1
500
176
501
-1
502
131
503
-1
504
62
505
-1
506
30
507
-1
508
38
509
-1
510
99
511
-1
512
82
513
-1
514
172
515
-1
516
32
517
-1
518
64
519
-1
520
2
521
-1
522
40
523
-1
524
32
525
-1
526
15
527
-1
528
62
529
-1
530
89
531
-1
532
24
533
-1
534
101
535
-1
536
7
537
-1
538
14
539
-1
540
176
541
-1
542
45
543
-1
544
34
545
-1
546
171
547
-1
548
17
549
-1
550
170
551
-1
552
169
553
-1
554
72
555
-1
556
77
557
-1
558
77
559
-1
560
157
561
-1
562
10
563
-1
564
60
565
-1
566
59
567
-1
568
92
569
-1
570
159
571
-1
572
101
573
-1
574
97
575
-1
576
160
577
-1
578
134
579
-1
580
135
581
-1
582
24
583
-1
584
62
585
-1
586
141
587
-1
588
129
589
-1
590
17
591
-1
592
156
593
-1
594
106
595
-1
596
90
597
-1
598
164
599
-1
