********************************************************************************
The planted motif0 is:
CGAGAAGTTACGCACAGTTTA
0
71
1
160
2
43
3
161
4
-1
5
6
6
115
7
109
8
142
9
-1
10
62
11
114
12
4
13
163
14
-1
15
87
16
171
17
147
18
3
19
-1
20
75
21
112
22
172
23
138
24
-1
25
164
26
27
27
148
28
132
29
-1
30
163
31
2
32
32
33
153
34
-1
35
113
36
140
37
172
38
22
39
-1
40
172
41
12
42
11
43
148
44
-1
45
61
46
163
47
117
48
164
49
-1
50
137
51
163
52
25
53
72
54
-1
55
154
56
149
57
62
58
62
59
-1
60
48
61
89
62
43
63
8
64
-1
65
100
66
74
67
7
68
142
69
-1
70
124
71
82
72
94
73
125
74
-1
75
31
76
77
77
26
78
177
79
-1
80
5
81
108
82
7
83
35
84
-1
85
127
86
149
87
73
88
24
89
-1
90
60
91
93
92
132
93
13
94
-1
95
33
96
159
97
29
98
36
99
-1
100
118
101
163
102
56
103
19
104
-1
105
150
106
87
107
38
108
105
109
-1
110
32
111
129
112
156
113
120
114
-1
115
129
116
32
117
6
118
54
119
-1
120
62
121
100
122
133
123
42
124
-1
125
127
126
13
127
79
128
98
129
-1
130
140
131
164
132
70
133
51
134
-1
135
42
136
10
137
13
138
171
139
-1
140
94
141
69
142
44
143
34
144
-1
145
127
146
15
147
29
148
158
149
-1
150
38
151
68
152
49
153
176
154
-1
155
50
156
104
157
63
158
38
159
-1
160
73
161
151
162
112
163
179
164
-1
165
107
166
112
167
148
168
13
169
-1
170
40
171
117
172
145
173
112
174
-1
175
106
176
143
177
172
178
163
179
-1
180
149
181
11
182
70
183
63
184
-1
185
137
186
100
187
147
188
58
189
-1
190
83
191
103
192
88
193
107
194
-1
195
137
196
96
197
90
198
9
199
-1
200
89
201
35
202
138
203
60
204
-1
205
170
206
150
207
69
208
146
209
-1
210
73
211
112
212
20
213
51
214
-1
215
141
216
58
217
177
218
100
219
-1
220
75
221
144
222
166
223
144
224
-1
225
41
226
44
227
137
228
60
229
-1
230
42
231
26
232
108
233
123
234
-1
235
87
236
158
237
134
238
49
239
-1
240
97
241
179
242
142
243
81
244
-1
245
121
246
119
247
166
248
52
249
-1
250
64
251
79
252
104
253
114
254
-1
255
57
256
59
257
30
258
96
259
-1
260
130
261
170
262
7
263
145
264
-1
265
31
266
18
267
172
268
169
269
-1
270
50
271
17
272
150
273
167
274
-1
275
137
276
30
277
66
278
80
279
-1
280
129
281
51
282
58
283
116
284
-1
285
64
286
87
287
115
288
41
289
-1
290
81
291
7
292
30
293
151
294
-1
295
139
296
61
297
45
298
95
299
-1
300
152
301
22
302
149
303
64
304
-1
305
31
306
132
307
78
308
155
309
-1
310
24
311
98
312
114
313
49
314
-1
315
92
316
27
317
118
318
68
319
-1
320
15
321
62
322
23
323
14
324
-1
325
7
326
51
327
127
328
46
329
-1
330
64
331
55
332
44
333
95
334
-1
335
164
336
96
337
97
338
58
339
-1
340
61
341
67
342
77
343
167
344
-1
345
161
346
40
347
141
348
100
349
-1
350
30
351
55
352
106
353
40
354
-1
355
34
356
146
357
178
358
177
359
-1
360
51
361
175
362
65
363
114
364
-1
365
47
366
40
367
70
368
11
369
-1
370
3
371
22
372
149
373
11
374
-1
375
111
376
144
377
115
378
98
379
-1
380
142
381
27
382
70
383
10
384
-1
385
143
386
2
387
61
388
167
389
-1
390
1
391
128
392
16
393
58
394
-1
395
16
396
77
397
93
398
77
399
-1
400
165
401
67
402
94
403
16
404
-1
405
89
406
52
407
17
408
73
409
-1
410
63
411
63
412
80
413
179
414
-1
415
96
416
122
417
60
418
155
419
-1
420
154
421
88
422
158
423
90
424
-1
425
32
426
151
427
7
428
45
429
-1
430
16
431
64
432
154
433
122
434
-1
435
0
436
95
437
96
438
46
439
-1
440
25
441
64
442
135
443
111
444
-1
445
123
446
94
447
22
448
59
449
-1
450
120
451
141
452
106
453
69
454
-1
455
85
456
56
457
68
458
93
459
-1
460
64
461
12
462
129
463
68
464
-1
465
17
466
83
467
170
468
43
469
-1
470
175
471
26
472
29
473
88
474
-1
475
142
476
66
477
49
478
115
479
-1
480
67
481
117
482
73
483
169
484
-1
485
123
486
72
487
131
488
97
489
-1
490
4
491
92
492
118
493
119
494
-1
495
54
496
146
497
17
498
62
499
-1
500
20
501
18
502
86
503
49
504
-1
505
17
506
176
507
136
508
161
509
-1
510
51
511
3
512
138
513
67
514
-1
515
82
516
160
517
50
518
36
519
-1
520
118
521
1
522
167
523
85
524
-1
525
83
526
78
527
169
528
162
529
-1
530
177
531
85
532
15
533
130
534
-1
535
6
536
119
537
27
538
30
539
-1
540
169
541
51
542
94
543
64
544
-1
545
26
546
67
547
134
548
34
549
-1
550
19
551
36
552
1
553
4
554
-1
555
176
556
116
557
133
558
134
559
-1
560
156
561
152
562
79
563
163
564
-1
565
100
566
84
567
97
568
161
569
-1
570
87
571
168
572
129
573
47
574
-1
575
97
576
40
577
95
578
162
579
-1
580
83
581
25
582
38
583
38
584
-1
585
71
586
108
587
179
588
33
589
-1
590
5
591
140
592
47
593
126
594
-1
595
160
596
71
597
154
598
76
599
-1
