********************************************************************************
The planted motif0 is:
ACCCTGAGTACGGTG
0
135
1
-1
2
60
3
-1
4
60
5
-1
6
138
7
-1
8
25
9
-1
10
141
11
-1
12
115
13
-1
14
121
15
-1
16
137
17
-1
18
151
19
-1
20
140
21
-1
22
182
23
-1
24
76
25
-1
26
38
27
-1
28
157
29
-1
30
49
31
-1
32
166
33
-1
34
0
35
-1
36
125
37
-1
38
30
39
-1
40
55
41
-1
42
18
43
-1
44
24
45
-1
46
173
47
-1
48
175
49
-1
50
0
51
-1
52
142
53
-1
54
50
55
-1
56
93
57
-1
58
162
59
-1
60
69
61
-1
62
140
63
-1
64
135
65
-1
66
40
67
-1
68
142
69
-1
70
143
71
-1
72
129
73
-1
74
109
75
-1
76
90
77
-1
78
146
79
-1
80
39
81
-1
82
7
83
-1
84
27
85
-1
86
48
87
-1
88
10
89
-1
90
32
91
-1
92
158
93
-1
94
114
95
-1
96
71
97
-1
98
167
99
-1
100
172
101
-1
102
23
103
-1
104
56
105
-1
106
137
107
-1
108
101
109
-1
110
94
111
-1
112
168
113
-1
114
161
115
-1
116
2
117
-1
118
15
119
-1
120
110
121
-1
122
77
123
-1
124
28
125
-1
126
171
127
-1
128
122
129
-1
130
38
131
-1
132
147
133
-1
134
12
135
-1
136
134
137
-1
138
39
139
-1
140
32
141
-1
142
58
143
-1
144
74
145
-1
146
129
147
-1
148
143
149
-1
150
100
151
-1
152
153
153
-1
154
12
155
-1
156
76
157
-1
158
135
159
-1
160
102
161
-1
162
21
163
-1
164
154
165
-1
166
63
167
-1
168
152
169
-1
170
166
171
-1
172
35
173
-1
174
19
175
-1
176
31
177
-1
178
150
179
-1
180
154
181
-1
182
88
183
-1
184
85
185
-1
186
109
187
-1
188
178
189
-1
190
0
191
-1
192
150
193
-1
194
136
195
-1
196
177
197
-1
198
123
199
-1
200
77
201
-1
202
78
203
-1
204
96
205
-1
206
177
207
-1
208
115
209
-1
210
117
211
-1
212
49
213
-1
214
66
215
-1
216
75
217
-1
218
67
219
-1
220
131
221
-1
222
101
223
-1
224
59
225
-1
226
109
227
-1
228
0
229
-1
230
100
231
-1
232
103
233
-1
234
54
235
-1
236
132
237
-1
238
184
239
-1
240
142
241
-1
242
123
243
-1
244
111
245
-1
246
17
247
-1
248
182
249
-1
250
150
251
-1
252
81
253
-1
254
179
255
-1
256
134
257
-1
258
15
259
-1
260
116
261
-1
262
39
263
-1
264
35
265
-1
266
66
267
-1
268
49
269
-1
270
95
271
-1
272
25
273
-1
274
36
275
-1
276
3
277
-1
278
4
279
-1
280
129
281
-1
282
45
283
-1
284
50
285
-1
286
37
287
-1
288
74
289
-1
290
134
291
-1
292
166
293
-1
294
119
295
-1
296
19
297
-1
298
166
299
-1
300
184
301
-1
302
7
303
-1
304
72
305
-1
306
10
307
-1
308
163
309
-1
310
162
311
-1
312
182
313
-1
314
185
315
-1
316
74
317
-1
318
6
319
-1
320
68
321
-1
322
119
323
-1
324
103
325
-1
326
158
327
-1
328
0
329
-1
330
63
331
-1
332
105
333
-1
334
69
335
-1
336
36
337
-1
338
131
339
-1
340
185
341
-1
342
45
343
-1
344
131
345
-1
346
14
347
-1
348
159
349
-1
350
169
351
-1
352
151
353
-1
354
184
355
-1
356
78
357
-1
358
46
359
-1
360
84
361
-1
362
69
363
-1
364
113
365
-1
366
85
367
-1
368
176
369
-1
370
34
371
-1
372
103
373
-1
374
65
375
-1
376
40
377
-1
378
100
379
-1
380
32
381
-1
382
37
383
-1
384
153
385
-1
386
105
387
-1
388
80
389
-1
390
129
391
-1
392
160
393
-1
394
5
395
-1
396
71
397
-1
398
145
399
-1
400
27
401
-1
402
117
403
-1
404
146
405
-1
406
110
407
-1
408
173
409
-1
410
89
411
-1
412
28
413
-1
414
147
415
-1
416
7
417
-1
418
159
419
-1
420
6
421
-1
422
170
423
-1
424
159
425
-1
426
159
427
-1
428
105
429
-1
430
94
431
-1
432
104
433
-1
434
60
435
-1
436
133
437
-1
438
87
439
-1
440
166
441
-1
442
133
443
-1
444
47
445
-1
446
45
447
-1
448
110
449
-1
450
29
451
-1
452
180
453
-1
454
74
455
-1
456
76
457
-1
458
53
459
-1
460
25
461
-1
462
132
463
-1
464
176
465
-1
466
131
467
-1
468
62
469
-1
470
30
471
-1
472
38
473
-1
474
99
475
-1
476
82
477
-1
478
172
479
-1
480
32
481
-1
482
64
483
-1
484
2
485
-1
486
40
487
-1
488
32
489
-1
490
15
491
-1
492
62
493
-1
494
89
495
-1
496
24
497
-1
498
101
499
-1
500
7
501
-1
502
14
503
-1
504
176
505
-1
506
45
507
-1
508
34
509
-1
510
171
511
-1
512
17
513
-1
514
170
515
-1
516
169
517
-1
518
72
519
-1
520
77
521
-1
522
77
523
-1
524
157
525
-1
526
10
527
-1
528
60
529
-1
530
59
531
-1
532
92
533
-1
534
159
535
-1
536
101
537
-1
538
97
539
-1
540
160
541
-1
542
134
543
-1
544
135
545
-1
546
24
547
-1
548
62
549
-1
550
141
551
-1
552
129
553
-1
554
17
555
-1
556
156
557
-1
558
106
559
-1
560
90
561
-1
562
164
563
-1
564
117
565
-1
566
63
567
-1
568
121
569
-1
570
157
571
-1
572
163
573
-1
574
171
575
-1
576
135
577
-1
578
35
579
-1
580
30
581
-1
582
61
583
-1
584
159
585
-1
586
25
587
-1
588
165
589
-1
590
124
591
-1
592
113
593
-1
594
91
595
-1
596
105
597
-1
598
126
599
-1
600
120
601
-1
602
34
603
-1
604
28
605
-1
606
124
607
-1
608
148
609
-1
610
69
611
-1
612
93
613
-1
614
173
615
-1
616
131
617
-1
618
39
619
-1
620
104
621
-1
622
48
623
-1
624
57
625
-1
626
92
627
-1
628
81
629
-1
630
72
631
-1
632
176
633
-1
634
165
635
-1
636
18
637
-1
638
18
639
-1
640
113
641
-1
642
170
643
-1
644
170
645
-1
646
47
647
-1
648
147
649
-1
650
83
651
-1
652
55
653
-1
654
46
655
-1
656
35
657
-1
658
83
659
-1
660
47
661
-1
662
1
663
-1
664
58
665
-1
666
3
667
-1
668
113
669
-1
670
179
671
-1
672
9
673
-1
674
47
675
-1
676
126
677
-1
678
78
679
-1
680
102
681
-1
682
26
683
-1
684
146
685
-1
686
135
687
-1
688
34
689
-1
690
24
691
-1
692
92
693
-1
694
86
695
-1
696
125
697
-1
698
33
699
-1
700
167
701
-1
702
144
703
-1
704
135
705
-1
706
7
707
-1
708
103
709
-1
710
183
711
-1
712
67
713
-1
714
147
715
-1
716
84
717
-1
718
41
719
-1
720
169
721
-1
722
37
723
-1
724
50
725
-1
726
163
727
-1
728
8
729
-1
730
182
731
-1
732
52
733
-1
734
39
735
-1
736
47
737
-1
738
129
739
-1
740
123
741
-1
742
180
743
-1
744
135
745
-1
746
74
747
-1
748
101
749
-1
750
137
751
-1
752
51
753
-1
754
5
755
-1
756
24
757
-1
758
185
759
-1
760
171
761
-1
762
44
763
-1
764
63
765
-1
766
7
767
-1
768
75
769
-1
770
113
771
-1
772
0
773
-1
774
121
775
-1
776
67
777
-1
778
136
779
-1
780
165
781
-1
782
63
783
-1
784
22
785
-1
786
25
787
-1
788
4
789
-1
790
33
791
-1
792
59
793
-1
794
101
795
-1
796
130
797
-1
798
79
799
-1
800
23
801
-1
802
13
803
-1
804
95
805
-1
806
119
807
-1
808
185
809
-1
810
156
811
-1
812
14
813
-1
814
160
815
-1
816
63
817
-1
818
176
819
-1
820
58
821
-1
822
64
823
-1
824
169
825
-1
826
9
827
-1
828
1
829
-1
830
157
831
-1
832
110
833
-1
834
73
835
-1
836
115
837
-1
838
174
839
-1
840
132
841
-1
842
62
843
-1
844
59
845
-1
846
91
847
-1
848
81
849
-1
850
50
851
-1
852
174
853
-1
854
76
855
-1
856
26
857
-1
858
88
859
-1
860
106
861
-1
862
111
863
-1
864
52
865
-1
866
64
867
-1
868
113
869
-1
870
133
871
-1
872
178
873
-1
874
106
875
-1
876
113
877
-1
878
53
879
-1
880
72
881
-1
882
31
883
-1
884
35
885
-1
886
84
887
-1
888
54
889
-1
890
173
891
-1
892
21
893
-1
894
156
895
-1
896
177
897
-1
898
182
899
-1
900
73
901
-1
902
61
903
-1
904
99
905
-1
906
50
907
-1
908
116
909
-1
910
100
911
-1
912
67
913
-1
914
137
915
-1
916
182
917
-1
918
5
919
-1
920
72
921
-1
922
176
923
-1
924
120
925
-1
926
27
927
-1
928
134
929
-1
930
48
931
-1
932
182
933
-1
934
69
935
-1
936
147
937
-1
938
159
939
-1
940
174
941
-1
942
115
943
-1
944
100
945
-1
946
33
947
-1
948
162
949
-1
950
53
951
-1
952
182
953
-1
954
73
955
-1
956
44
957
-1
958
112
959
-1
960
66
961
-1
962
175
963
-1
964
127
965
-1
966
1
967
-1
968
153
969
-1
970
113
971
-1
972
171
973
-1
974
141
975
-1
976
54
977
-1
978
54
979
-1
980
127
981
-1
982
8
983
-1
984
94
985
-1
986
136
987
-1
988
46
989
-1
990
82
991
-1
992
136
993
-1
994
91
995
-1
996
46
997
-1
998
174
999
-1
