********************************************************************************
The planted motif0 is:
TGATACGGGATTAAC
0
97
1
74
2
141
3
102
4
-1
5
58
6
181
7
26
8
72
9
-1
10
44
11
184
12
137
13
36
14
-1
15
65
16
100
17
176
18
99
19
-1
20
57
21
25
22
47
23
69
24
-1
25
20
26
105
27
13
28
11
29
-1
30
160
31
63
32
158
33
85
34
-1
35
63
36
5
37
11
38
23
39
-1
40
25
41
53
42
122
43
35
44
-1
45
20
46
161
47
39
48
33
49
-1
50
105
51
105
52
170
53
136
54
-1
55
63
56
172
57
58
58
175
59
-1
60
47
61
162
62
63
63
112
64
-1
65
92
66
154
67
135
68
60
69
-1
70
60
71
138
72
25
73
141
74
-1
75
115
76
121
77
137
78
151
79
-1
80
140
81
182
82
76
83
38
84
-1
85
157
86
49
87
166
88
0
89
-1
90
125
91
30
92
55
93
18
94
-1
95
24
96
173
97
175
98
0
99
-1
100
142
101
50
102
93
103
162
104
-1
105
69
106
140
107
135
108
40
109
-1
110
142
111
143
112
129
113
109
114
-1
115
90
116
146
117
39
118
7
119
-1
120
27
121
48
122
10
123
32
124
-1
125
158
126
114
127
71
128
167
129
-1
130
172
131
23
132
56
133
137
134
-1
135
101
136
94
137
168
138
161
139
-1
140
2
141
15
142
110
143
77
144
-1
145
28
146
171
147
122
148
38
149
-1
150
147
151
12
152
134
153
39
154
-1
155
32
156
58
157
74
158
129
159
-1
160
143
161
100
162
153
163
12
164
-1
165
76
166
135
167
102
168
21
169
-1
170
154
171
63
172
152
173
166
174
-1
175
35
176
19
177
31
178
150
179
-1
180
154
181
88
182
85
183
109
184
-1
185
178
186
0
187
150
188
136
189
-1
190
177
191
123
192
77
193
78
194
-1
195
96
196
177
197
115
198
117
199
-1
200
49
201
66
202
75
203
67
204
-1
205
131
206
101
207
59
208
109
209
-1
210
0
211
100
212
103
213
54
214
-1
215
132
216
184
217
142
218
123
219
-1
220
111
221
17
222
182
223
150
224
-1
225
81
226
179
227
134
228
15
229
-1
230
116
231
39
232
35
233
66
234
-1
235
49
236
95
237
25
238
36
239
-1
240
3
241
4
242
129
243
45
244
-1
245
50
246
37
247
74
248
134
249
-1
250
166
251
119
252
19
253
166
254
-1
255
184
256
7
257
72
258
10
259
-1
260
163
261
162
262
182
263
185
264
-1
265
74
266
6
267
68
268
119
269
-1
270
103
271
158
272
0
273
63
274
-1
275
105
276
69
277
36
278
131
279
-1
280
185
281
45
282
131
283
14
284
-1
285
159
286
169
287
151
288
184
289
-1
290
78
291
46
292
84
293
69
294
-1
295
113
296
85
297
176
298
34
299
-1
300
103
301
65
302
40
303
100
304
-1
305
32
306
37
307
153
308
105
309
-1
310
80
311
129
312
160
313
5
314
-1
315
71
316
145
317
27
318
117
319
-1
320
146
321
110
322
173
323
89
324
-1
325
28
326
147
327
7
328
159
329
-1
330
6
331
170
332
159
333
159
334
-1
335
105
336
94
337
104
338
60
339
-1
340
133
341
87
342
166
343
133
344
-1
345
47
346
45
347
110
348
29
349
-1
350
180
351
74
352
76
353
53
354
-1
355
25
356
132
357
176
358
131
359
-1
360
62
361
30
362
38
363
99
364
-1
365
82
366
172
367
32
368
64
369
-1
370
2
371
40
372
32
373
15
374
-1
375
62
376
89
377
24
378
101
379
-1
380
7
381
14
382
176
383
45
384
-1
385
34
386
171
387
17
388
170
389
-1
390
169
391
72
392
77
393
77
394
-1
395
157
396
10
397
60
398
59
399
-1
400
92
401
159
402
101
403
97
404
-1
405
160
406
134
407
135
408
24
409
-1
410
62
411
141
412
129
413
17
414
-1
415
156
416
106
417
90
418
164
419
-1
420
117
421
63
422
121
423
157
424
-1
425
163
426
171
427
135
428
35
429
-1
430
30
431
61
432
159
433
25
434
-1
435
165
436
124
437
113
438
91
439
-1
440
105
441
126
442
120
443
34
444
-1
445
28
446
124
447
148
448
69
449
-1
450
93
451
173
452
131
453
39
454
-1
455
104
456
48
457
57
458
92
459
-1
460
81
461
72
462
176
463
165
464
-1
465
18
466
18
467
113
468
170
469
-1
470
170
471
47
472
147
473
83
474
-1
475
55
476
46
477
35
478
83
479
-1
480
47
481
1
482
58
483
3
484
-1
485
113
486
179
487
9
488
47
489
-1
490
126
491
78
492
102
493
26
494
-1
495
146
496
135
497
34
498
24
499
-1
500
92
501
86
502
125
503
33
504
-1
505
167
506
144
507
135
508
7
509
-1
510
103
511
183
512
67
513
147
514
-1
515
84
516
41
517
169
518
37
519
-1
520
50
521
163
522
8
523
182
524
-1
525
52
526
39
527
47
528
129
529
-1
530
123
531
180
532
135
533
74
534
-1
535
101
536
137
537
51
538
5
539
-1
540
24
541
185
542
171
543
44
544
-1
545
63
546
7
547
75
548
113
549
-1
550
0
551
121
552
67
553
136
554
-1
555
165
556
63
557
22
558
25
559
-1
560
4
561
33
562
59
563
101
564
-1
565
130
566
79
567
23
568
13
569
-1
570
95
571
119
572
185
573
156
574
-1
575
14
576
160
577
63
578
176
579
-1
580
58
581
64
582
169
583
9
584
-1
585
1
586
157
587
110
588
73
589
-1
590
115
591
174
592
132
593
62
594
-1
595
59
596
91
597
81
598
50
599
-1
